-0.1991227233737E-02, 0.8751629682043E-03,-0.2013537801476E-02, 0.5004081493323E-02, 0.2888168265610E-03,-0.1682772046259E-02, 0.3578472867473E-02,-0.1418467574018E-02, 0.6348921827600E-02
-0.2198297431964E-02, 0.9193961558928E-03,-0.2132374516038E-02, 0.4667513952435E-02, 0.4455312304377E-04,-0.1888407999178E-02, 0.3275253067810E-02,-0.1378577365259E-02, 0.6145060682385E-02
-0.2428504501396E-02, 0.7470924135651E-03,-0.2260069574050E-02, 0.4402965934840E-02,-0.1921313445591E-03,-0.2107958192487E-02, 0.2971594202699E-02,-0.1575601858378E-02, 0.5936903055814E-02
-0.2647963574767E-02, 0.4732691624301E-03,-0.2404571110890E-02, 0.4191358144304E-02,-0.3951571712162E-03,-0.2306461864592E-02, 0.2692132311942E-02,-0.1862855729763E-02, 0.5712199778586E-02
-0.2655755679547E-02, 0.4593317051151E-03,-0.2417704920442E-02, 0.4258869491058E-02,-0.3810866352375E-03,-0.2320981592924E-02, 0.2713788510177E-02,-0.1858409443259E-02, 0.5733979487697E-02
-0.2919098264261E-02, 0.8113381857275E-04,-0.2775786162560E-02, 0.3850646059481E-02,-0.5959152815669E-03,-0.2500486598814E-02, 0.2304343612693E-02,-0.2121310312890E-02, 0.5164159594956E-02
-0.2963683535650E-02,-0.2577764453743E-06,-0.2829393781983E-02, 0.3641204100511E-02,-0.7343977052611E-03,-0.2548682259735E-02, 0.2218471156197E-02,-0.2190935723132E-02, 0.5051288276970E-02
-0.3012169187788E-02,-0.1094640488361E-03,-0.2905057237642E-02, 0.3447952102542E-02,-0.9023203268417E-03,-0.2656528023425E-02, 0.2124843855952E-02,-0.2306761679602E-02, 0.4908489696794E-02
-0.3112971542914E-02,-0.3246840450841E-03,-0.3085318359919E-02, 0.3302575494606E-02,-0.1102711610464E-02,-0.2893169820058E-02, 0.1963634632578E-02,-0.2533239532633E-02, 0.4632744020871E-02
-0.1857170068855E-02, 0.9988668503414E-03,-0.1886832029868E-02, 0.5111924119989E-02, 0.4169284405743E-03,-0.1542519797912E-02, 0.3677163540234E-02,-0.1309448527887E-02, 0.6377971294752E-02
-0.2065281545988E-02, 0.1042161226195E-02,-0.2006932673776E-02, 0.4776497240314E-02, 0.1724885241303E-03,-0.1748790537513E-02, 0.3374919211697E-02,-0.1270512768781E-02, 0.6175335061847E-02
-0.2296972007674E-02, 0.8689114960712E-03,-0.2136338492156E-02, 0.4512425933570E-02,-0.6486586307101E-04,-0.1969490833957E-02, 0.3071887923967E-02,-0.1468597780257E-02, 0.5967919879745E-02
-0.2518090281712E-02, 0.5941820775330E-03,-0.2282667928714E-02, 0.4300886491384E-02,-0.2688197628565E-03,-0.2169379234121E-02, 0.2792777064545E-02,-0.1756935564898E-02, 0.5743698672336E-02
-0.2525853313408E-02, 0.5804520216727E-03,-0.2295753349268E-02, 0.4368581281650E-02,-0.2546573074121E-03,-0.2183853299985E-02, 0.2814620251274E-02,-0.1752431199834E-02, 0.5765955207319E-02
-0.2792005578031E-02, 0.2005418454611E-03,-0.2656571431197E-02, 0.3960108367191E-02,-0.4712662674867E-03,-0.2365754533121E-02, 0.2405146180615E-02,-0.2017297464005E-02, 0.5196729877168E-02
-0.2837630727061E-02, 0.1184809452170E-03,-0.2711159316755E-02, 0.3750783708323E-02,-0.6103025865718E-03,-0.2414829096889E-02, 0.2319140851177E-02,-0.2087775702795E-02, 0.5084012229483E-02
-0.2887345340353E-02, 0.8453409978291E-05,-0.2787992514168E-02, 0.3557460314477E-02,-0.7788930097617E-03,-0.2523703323642E-02, 0.2225299109946E-02,-0.2204038622947E-02, 0.4941306718552E-02
-0.2989882765671E-02,-0.2078953443968E-03,-0.2969936940168E-02, 0.3411606932805E-02,-0.9802965817502E-03,-0.2761783503487E-02, 0.2063838591815E-02,-0.2430276090863E-02, 0.4665739071990E-02
-0.1705647832415E-02, 0.1144856501062E-02,-0.1740508118776E-02, 0.5239184317913E-02, 0.5505065061465E-03,-0.1422449621777E-02, 0.3768602234668E-02,-0.1208756687276E-02, 0.6459604769825E-02
-0.1914639588071E-02, 0.1187505806053E-02,-0.1861759538743E-02, 0.4905390948330E-02, 0.3062504558393E-03,-0.1628919941256E-02, 0.3467909264990E-02,-0.1170538424370E-02, 0.6258531099557E-02
-0.2147684898809E-02, 0.1013477220297E-02,-0.1992798560077E-02, 0.4642167519854E-02, 0.6853079676320E-04,-0.1850350752187E-02, 0.3165948488548E-02,-0.1369418724733E-02, 0.6052160039303E-02
-0.2370377596339E-02, 0.7379106001952E-03,-0.2140917153068E-02, 0.4430954681494E-02,-0.1361137235725E-03,-0.2051251774368E-02, 0.2887517232540E-02,-0.1658593460736E-02, 0.5828668343303E-02
-0.2378096993407E-02, 0.7244096181743E-03,-0.2153956757168E-02, 0.4498877359543E-02,-0.1218573270138E-03,-0.2065677565000E-02, 0.2909581994650E-02,-0.1654039258965E-02, 0.5851402027998E-02
-0.2647080478621E-02, 0.3427226825454E-03,-0.2517560935175E-02, 0.4090323371174E-02,-0.3400223579865E-03,-0.2249503331679E-02, 0.2500432590618E-02,-0.1920609729131E-02, 0.5283030061019E-02
-0.2693769660167E-02, 0.2599310092525E-03,-0.2573181408170E-02, 0.3881176268582E-02,-0.4795721070595E-03,-0.2299315850392E-02, 0.2414382077598E-02,-0.1991814358980E-02, 0.5170428637237E-02
-0.2744732774311E-02, 0.1490079722331E-03,-0.2651242690122E-02, 0.3687822354027E-02,-0.6487827684580E-03,-0.2409036013238E-02, 0.2320414732612E-02,-0.2108598878515E-02, 0.5027786879863E-02
-0.2849006400299E-02,-0.6854609407370E-04,-0.2834926096774E-02, 0.3541522242253E-02,-0.8511023104931E-03,-0.2648251183289E-02, 0.2158847027714E-02,-0.2335049957177E-02, 0.4752465680024E-02
-0.1557014035649E-02, 0.1291010346554E-02,-0.1596116151910E-02, 0.5363688182191E-02, 0.6723116844509E-03,-0.1321468619394E-02, 0.3856706159525E-02,-0.1112175771867E-02, 0.6567101744965E-02
-0.1766696543731E-02, 0.1333228004862E-02,-0.1718339696622E-02, 0.5031693017727E-02, 0.4284629725433E-03,-0.1527868176414E-02, 0.3557708183347E-02,-0.1074519280282E-02, 0.6367657117776E-02
-0.2000876222787E-02, 0.1158611349426E-02,-0.1850806941037E-02, 0.4769495391499E-02, 0.1906240567287E-03,-0.1749719825662E-02, 0.3256987575699E-02,-0.1274011823870E-02, 0.6162445079436E-02
-0.2224927953912E-02, 0.8823649158097E-03,-0.2000515509714E-02, 0.4558772725791E-02,-0.1447525425886E-04,-0.1951327711483E-02, 0.2979399845497E-02,-0.1563843841833E-02, 0.5939806969546E-02
-0.2232598092956E-02, 0.8690806684562E-03,-0.2013514024828E-02, 0.4626913976417E-02,-0.1372197407541E-06,-0.1965705646538E-02, 0.3001676036914E-02,-0.1559249087491E-02, 0.5962963967588E-02
-0.2504147096750E-02, 0.4858008562899E-03,-0.2379647118092E-02, 0.4218461965080E-02,-0.2195358268173E-03,-0.2151028770234E-02, 0.2593045053094E-02,-0.1827288057696E-02, 0.5395617893533E-02
-0.2551818716089E-02, 0.4023190395659E-03,-0.2436233239041E-02, 0.4009532011183E-02,-0.3595054744525E-03,-0.2201442359821E-02, 0.2506988347702E-02,-0.1899155965447E-02, 0.5283107572958E-02
-0.2603928242865E-02, 0.2905549003286E-03,-0.2515438663595E-02, 0.3816200250989E-02,-0.5292251098288E-03,-0.2311836192660E-02, 0.2412947354666E-02,-0.2016372283302E-02, 0.5140525219132E-02
-0.2709773083698E-02, 0.7189659017518E-04,-0.2700717711080E-02, 0.3669552616546E-02,-0.7322875430740E-03,-0.2551913921084E-02, 0.2251373512850E-02,-0.2242875418927E-02, 0.4865524698401E-02
-0.1544634058622E-02, 0.1288699980045E-02,-0.1586744720732E-02, 0.5354068747850E-02, 0.6718348337096E-03,-0.1321690180841E-02, 0.3842366584585E-02,-0.1114705462538E-02, 0.6556946821519E-02
-0.1754360580936E-02, 0.1330819077395E-02,-0.1709086145132E-02, 0.5022290443896E-02, 0.4279971169949E-03,-0.1528048390970E-02, 0.3543643600443E-02,-0.1077133459217E-02, 0.6357682238258E-02
-0.1988618877029E-02, 0.1156253548960E-02,-0.1841685238150E-02, 0.4760434772251E-02, 0.1901908533956E-03,-0.1749885444835E-02, 0.3243200988897E-02,-0.1276634992289E-02, 0.6152855499149E-02
-0.2212764969301E-02, 0.8801509640971E-03,-0.1991514227990E-02, 0.4550123482826E-02,-0.1485736841944E-04,-0.1951494261606E-02, 0.2965895586357E-02,-0.1566433174494E-02, 0.5930738276402E-02
-0.2220462703299E-02, 0.8667016444943E-03,-0.2004546751086E-02, 0.4617899724080E-02,-0.6218213955116E-06,-0.1965889526215E-02, 0.2987947202171E-02,-0.1561888696060E-02, 0.5953582503208E-02
-0.2492144631999E-02, 0.4839249025172E-03,-0.2370750810958E-02, 0.4210621050280E-02,-0.2197733320217E-03,-0.2151198860549E-02, 0.2580123753939E-02,-0.1829811937272E-02, 0.5387719068847E-02
-0.2539898784497E-02, 0.4005615069198E-03,-0.2427369921327E-02, 0.4002012010169E-02,-0.3596504104917E-03,-0.2201613299605E-02, 0.2494276039968E-02,-0.1901598805083E-02, 0.5275519328323E-02
-0.2592111590653E-02, 0.2889493747136E-03,-0.2506615509636E-02, 0.3809062092756E-02,-0.5292586336032E-03,-0.2311992122667E-02, 0.2400489402013E-02,-0.2018893335474E-02, 0.5133343100957E-02
-0.2698094880133E-02, 0.7052713584573E-04,-0.2691957024898E-02, 0.3662944551979E-02,-0.7321868115031E-03,-0.2552027547944E-02, 0.2239290545967E-02,-0.2245777532171E-02, 0.4859053089988E-02
-0.1349825806074E-02, 0.1495324326608E-02,-0.1399328385709E-02, 0.5515731290200E-02, 0.8116460239479E-03,-0.1172402542038E-02, 0.4038578535504E-02,-0.9144815953752E-03, 0.6752804164025E-02
-0.1560207137844E-02, 0.1536997696915E-02,-0.1522698233858E-02, 0.5186514005635E-02, 0.5687359784278E-03,-0.1378509005007E-02, 0.3741672437871E-02,-0.8778063861005E-03, 0.6555732384791E-02
-0.1795626361219E-02, 0.1361871875117E-02,-0.1656897294964E-02, 0.4926128782113E-02, 0.3311620641947E-03,-0.1600712952290E-02, 0.3442848034735E-02,-0.1078303014374E-02, 0.6352435981207E-02
-0.2021227538953E-02, 0.1085091667466E-02,-0.1808546522939E-02, 0.4716498421581E-02, 0.1258541708793E-03,-0.1803082680916E-02, 0.3166780524569E-02,-0.1369179758033E-02, 0.6131383800102E-02
-0.2028818044356E-02, 0.1072067825707E-02,-0.1821485662168E-02, 0.4784833833838E-02, 0.1402612726375E-03,-0.1817378293458E-02, 0.3189270204536E-02,-0.1364535920092E-02, 0.6155009274919E-02
-0.2303552008509E-02, 0.6871473196172E-03,-0.2190679295145E-02, 0.4377193497272E-02,-0.8024399447632E-04,-0.2004592670321E-02, 0.2781616977034E-02,-0.1634906702858E-02, 0.5589887492641E-02
-0.2352520720859E-02, 0.6028154946451E-03,-0.2248518850390E-02, 0.4168733962999E-02,-0.2205605808667E-03,-0.2055814004770E-02, 0.2695470067910E-02,-0.1708165124279E-02, 0.5477533319209E-02
-0.2406130296581E-02, 0.4900469036424E-03,-0.2329191595466E-02, 0.3975651736335E-02,-0.3907095681861E-03,-0.2167079422773E-02, 0.2601290119798E-02,-0.1825277888505E-02, 0.5335156585165E-02
-0.2513958144416E-02, 0.2701937976102E-03,-0.2516435838174E-02, 0.3828883334044E-02,-0.5944315052751E-03,-0.2408188817123E-02, 0.2439834921133E-02,-0.2048938278137E-02, 0.5061043379902E-02
-0.1290446381494E-02, 0.1553162723163E-02,-0.1352135625888E-02, 0.5549099256474E-02, 0.8661608532860E-03,-0.1095542247396E-02, 0.4100129339889E-02,-0.8460760079686E-03, 0.6790580109156E-02
-0.1500870822181E-02, 0.1594722289810E-02,-0.1475695249529E-02, 0.5220874291902E-02, 0.6235995543157E-03,-0.1301597174729E-02, 0.3803925710538E-02,-0.8096998153941E-03, 0.6594377987181E-02
-0.1736482483002E-02, 0.1419605809952E-02,-0.1610247821973E-02, 0.4961245244314E-02, 0.3862005391302E-03,-0.1523957659759E-02, 0.3505844126672E-02,-0.1010436321208E-02, 0.6391856930101E-02
-0.1962379467099E-02, 0.1142873647114E-02,-0.1762306887172E-02, 0.4752169192599E-02, 0.1809245394661E-03,-0.1726621652855E-02, 0.3230438247066E-02,-0.1301542024833E-02, 0.6171496471730E-02
-0.1969940183208E-02, 0.1129894789239E-02,-0.1775229251823E-02, 0.4820496360066E-02, 0.1953301538938E-03,-0.1740881566554E-02, 0.3252939529404E-02,-0.1296893776876E-02, 0.6195220566670E-02
-0.2245421817685E-02, 0.7448037265864E-03,-0.2144998671647E-02, 0.4413504392340E-02,-0.2541548635260E-04,-0.1928851964724E-02, 0.2845868235736E-02,-0.1567887023200E-02, 0.5631175486371E-02
-0.2294733958150E-02, 0.6602880442919E-03,-0.2203133503579E-02, 0.4205293610299E-02,-0.1658189720690E-03,-0.1980413959783E-02, 0.2759733278958E-02,-0.1641602423321E-02, 0.5518964130532E-02
-0.2348739366002E-02, 0.5473170305086E-03,-0.2284144153223E-02, 0.4012420202350E-02,-0.3360601508291E-03,-0.2092056647386E-02, 0.2665573894690E-02,-0.1758532653042E-02, 0.5376779891026E-02
-0.2457062509195E-02, 0.3272895476353E-03,-0.2471793014017E-02, 0.3865826390020E-02,-0.5399005560122E-03,-0.2333617127375E-02, 0.2504296737869E-02,-0.1980817384094E-02, 0.5103168536681E-02
-0.1227580858883E-02, 0.1616610228040E-02,-0.1298775365714E-02, 0.5600995146321E-02, 0.9433146016793E-03,-0.1012605543244E-02, 0.4162334228520E-02,-0.7780870928136E-03, 0.6839139870294E-02
-0.1437969395809E-02, 0.1658115640706E-02,-0.1422512053572E-02, 0.5273934314667E-02, 0.7011344680101E-03,-0.1218539659352E-02, 0.3867048898379E-02,-0.7419678237397E-03, 0.6643964928012E-02
-0.1673737718053E-02, 0.1483035044005E-02,-0.1557437925014E-02, 0.5015154141191E-02, 0.4639032018211E-03,-0.1441017155558E-02, 0.3569857700136E-02,-0.9428911307743E-03, 0.6442308284976E-02
-0.1899923919085E-02, 0.1206351751290E-02,-0.1709944254284E-02, 0.4806665083787E-02, 0.2586203788222E-03,-0.1643960155259E-02, 0.3295207744714E-02,-0.1234178058748E-02, 0.6222681078114E-02
-0.1907447718458E-02, 0.1193447551091E-02,-0.1722844158467E-02, 0.4875034496084E-02, 0.2730423458669E-03,-0.1658178151294E-02, 0.3317760522601E-02,-0.1229520478373E-02, 0.6246583561070E-02
-0.2183702331404E-02, 0.8081103312396E-03,-0.2093263383288E-02, 0.4468602148758E-02, 0.5189836523334E-04,-0.1846931158735E-02, 0.2911320006028E-02,-0.1501126956835E-02, 0.5683559520643E-02
-0.2233375532760E-02, 0.7233774642305E-03,-0.2151733707108E-02, 0.4260632332948E-02,-0.8867100174950E-04,-0.1898854564732E-02, 0.2825206329765E-02,-0.1575281893096E-02, 0.5571467236470E-02
-0.2287799691596E-02, 0.6101608252302E-03,-0.2233128920153E-02, 0.4067937093465E-02,-0.2590889200644E-03,-0.2010897513483E-02, 0.2731069236704E-02,-0.1692091365533E-02, 0.5429438584023E-02
-0.2396646028422E-02, 0.3899036637375E-03,-0.2421237309683E-02, 0.3921441536704E-02,-0.4631376231160E-03,-0.2252930709924E-02, 0.2569976067704E-02,-0.1913206032671E-02, 0.5156287039816E-02
-0.1136507319616E-02, 0.1712032969219E-02,-0.1209021418280E-02, 0.5706641696285E-02, 0.1067662628624E-02,-0.9201987504328E-03, 0.4240376456386E-02,-0.6956066036792E-03, 0.6934108941645E-02
-0.1346874832058E-02, 0.1753509444669E-02,-0.1333104613741E-02, 0.5381243980144E-02, 0.8259806863930E-03,-0.1125843317336E-02, 0.3946558865068E-02,-0.6597664072343E-03, 0.6740395226672E-02
-0.1582950875040E-02, 0.1578379215690E-02,-0.1468694611089E-02, 0.5123549915303E-02, 0.5888834574827E-03,-0.1348378458856E-02, 0.3650618935060E-02,-0.8609147143291E-03, 0.6539850101311E-02
-0.1809654219982E-02, 0.1301588771483E-02,-0.1621993947623E-02, 0.4915700973709E-02, 0.3834579640158E-03,-0.1551617092368E-02, 0.3376939157396E-02,-0.1152446030764E-02, 0.6321079442149E-02
-0.1817123615829E-02, 0.1288853767548E-02,-0.1634854984351E-02, 0.4984253650474E-02, 0.3979455140610E-03,-0.1565779556596E-02, 0.3399660814845E-02,-0.1147760437876E-02, 0.6345367716061E-02
-0.2094617901425E-02, 0.9028131941873E-03,-0.2006530787437E-02, 0.4578104348053E-02, 0.1759702719016E-03,-0.1755456504882E-02, 0.2993890023237E-02,-0.1420235714855E-02, 0.5783285028776E-02
-0.2144835580226E-02, 0.8176842461259E-03,-0.2065572699979E-02, 0.4370355101764E-02, 0.3505352023070E-04,-0.1807809240800E-02, 0.2907785424678E-02,-0.1494918801837E-02, 0.5671237888885E-02
-0.2199895694209E-02, 0.7039964760941E-03,-0.2147632007227E-02, 0.4177742366834E-02,-0.1357503391040E-03,-0.1920321947404E-02, 0.2813628625017E-02,-0.1611781005973E-02, 0.5529255393089E-02
-0.2309562150721E-02, 0.4832013473208E-03,-0.2336585008893E-02, 0.4031093993515E-02,-0.3402701840435E-03,-0.2162898087878E-02, 0.2652670489166E-02,-0.1832062542659E-02, 0.5256460991058E-02
-0.1851176650729E-02, 0.1858187310861E-02,-0.1579045435090E-02, 0.6324870152030E-02, 0.1049529986118E-02,-0.1447637605308E-02, 0.4675362751297E-02,-0.8831077636383E-03,-0.2358043788506E-02
-0.2063557856968E-02, 0.1894345033543E-02,-0.1703829357809E-02, 0.5973018511763E-02, 0.7959930701516E-03,-0.1658157532089E-02, 0.4354626026358E-02,-0.8476181124299E-03,-0.2286653423959E-02
-0.2298519087684E-02, 0.1711469398899E-02,-0.1837232575167E-02, 0.5695478179033E-02, 0.5508048025981E-03,-0.1882538731956E-02, 0.4039039874794E-02,-0.1051828913581E-02,-0.2415424441104E-02
-0.2522252478627E-02, 0.1425962232045E-02,-0.1987545292479E-02, 0.5472243478369E-02, 0.3399854953534E-03,-0.2085585460360E-02, 0.3750746775677E-02,-0.1347257569693E-02,-0.2637636540119E-02
-0.2527927995847E-02, 0.1415995971001E-02,-0.1997843708373E-02, 0.5545456195354E-02, 0.3580643134423E-03,-0.2097821433842E-02, 0.3777028268696E-02,-0.1339649978184E-02,-0.2673591843463E-02
-0.2800804284181E-02, 0.1012660602172E-02,-0.2372060048227E-02, 0.5108668271347E-02, 0.1255350093745E-03,-0.2286892524591E-02, 0.3344609651079E-02,-0.1617838057201E-02,-0.2935502784457E-02
-0.2847655480493E-02, 0.9239380576815E-03,-0.2429737403188E-02, 0.4888777546142E-02,-0.1953285118388E-04,-0.2337791908868E-02, 0.3251851133393E-02,-0.1694161717573E-02,-0.2986048912044E-02
-0.2898663873644E-02, 0.8063988332383E-03,-0.2510138433514E-02, 0.4684772008535E-02,-0.1948719807120E-03,-0.2449378408536E-02, 0.3150848886351E-02,-0.1808285361375E-02,-0.3059574838930E-02
-0.3003159714500E-02, 0.5794662836553E-03,-0.2697595907186E-02, 0.4527617110075E-02,-0.4042645221527E-03,-0.2692044434061E-02, 0.2980265090629E-02,-0.2018042267872E-02,-0.3222508911879E-02
-0.1716329100918E-02, 0.1978851693368E-02,-0.1452657238952E-02, 0.6428563446545E-02, 0.1175563831662E-02,-0.1306920466466E-02, 0.4770388759369E-02,-0.7748262836544E-03,-0.2315569005451E-02
-0.1929673392794E-02, 0.2014294176389E-02,-0.1578568140420E-02, 0.6078216640159E-02, 0.9220678343588E-03,-0.1517996024467E-02, 0.4450904554268E-02,-0.7401852343488E-03,-0.2245093808185E-02
-0.2166047753124E-02, 0.1830739291561E-02,-0.1713550433900E-02, 0.5801489591101E-02, 0.6764297480064E-03,-0.1743443393302E-02, 0.4136216748463E-02,-0.9453110173074E-03,-0.2374721023664E-02
-0.2391378910282E-02, 0.1544595115228E-02,-0.1865568448686E-02, 0.5578628797919E-02, 0.4648845795993E-03,-0.1947795304687E-02, 0.3848523903040E-02,-0.1241672151541E-02,-0.2597708403780E-02
-0.2397023220172E-02, 0.1534875716091E-02,-0.1875802706138E-02, 0.5652099770914E-02, 0.4830775286307E-03,-0.1959980824895E-02, 0.3875021766710E-02,-0.1233989140833E-02,-0.2633599663341E-02
-0.2672618528580E-02, 0.1130171193410E-02,-0.2252568959344E-02, 0.5215491973375E-02, 0.2490130245971E-03,-0.2151343681983E-02, 0.3442917337684E-02,-0.1513974549880E-02,-0.2896794665488E-02
-0.2720481377555E-02, 0.1040888455720E-02,-0.2311173343301E-02, 0.4995874501976E-02, 0.1035000473736E-03,-0.2203082981249E-02, 0.3350141688084E-02,-0.1591079558131E-02,-0.2947833155807E-02
-0.2772685320070E-02, 0.9226503324811E-03,-0.2392684682071E-02, 0.4791955683269E-02,-0.7238598931168E-04,-0.2315651822209E-02, 0.3249047300158E-02,-0.1705608589968E-02,-0.3021938875093E-02
-0.2878864656365E-02, 0.6947756729213E-03,-0.2581731127448E-02, 0.4634534036336E-02,-0.2826362801942E-03,-0.2559689805824E-02, 0.3078381303624E-02,-0.1915152758540E-02,-0.3185664565338E-02
-0.1563591565129E-02, 0.2122467234848E-02,-0.1306350928411E-02, 0.6551727419902E-02, 0.1307403785485E-02,-0.1186228927909E-02, 0.4858828475244E-02,-0.6745246659708E-03,-0.2221411823590E-02
-0.1777728866102E-02, 0.2157516777494E-02,-0.1433251774244E-02, 0.6203432668337E-02, 0.1054330092105E-02,-0.1397418230697E-02, 0.4541177460381E-02,-0.6404692821998E-03,-0.2151826538595E-02
-0.2015372602837E-02, 0.1973484122722E-02,-0.1569712679360E-02, 0.5927938125512E-02, 0.8085623396711E-03,-0.1623506465771E-02, 0.4227819005176E-02,-0.8462363889327E-03,-0.2282471438194E-02
-0.2242200391263E-02, 0.1686805191672E-02,-0.1723376524226E-02, 0.5705742420452E-02, 0.5965392411257E-03,-0.1828787541815E-02, 0.3941035261586E-02,-0.1143284261746E-02,-0.2506501813529E-02
-0.2247803367707E-02, 0.1677372508089E-02,-0.1733549540844E-02, 0.5779486506651E-02, 0.6148548749648E-03,-0.1840921325817E-02, 0.3967807081859E-02,-0.1135531883896E-02,-0.2542325098758E-02
-0.2526118586901E-02, 0.1271252185306E-02,-0.2112884555089E-02, 0.5343242039717E-02, 0.3794818574776E-03,-0.2034103851545E-02, 0.3536320517082E-02,-0.1417055407923E-02,-0.2807340155983E-02
-0.2575018443357E-02, 0.1181354311729E-02,-0.2172464904386E-02, 0.5123987599947E-02, 0.2335650177254E-03,-0.2086549978482E-02, 0.3443608829758E-02,-0.1494819578597E-02,-0.2859079803162E-02
-0.2628438203912E-02, 0.1062349823602E-02,-0.2255139548351E-02, 0.4920219687400E-02, 0.5717949298201E-04,-0.2199924195714E-02, 0.3342500482864E-02,-0.1609840657790E-02,-0.2934010241182E-02
-0.2736297417325E-02, 0.8334694452066E-03,-0.2445816041053E-02, 0.4762555322196E-02,-0.1538321565320E-03,-0.2445028584925E-02, 0.3171875139260E-02,-0.1819622028099E-02,-0.3098864325197E-02
-0.1413607647815E-02, 0.2266740429855E-02,-0.1161823473508E-02, 0.6672508390143E-02, 0.1427807758415E-02,-0.1084579961787E-02, 0.4944356043850E-02,-0.5781360569267E-03,-0.2102351698292E-02
-0.1628350606482E-02, 0.2301605511729E-02,-0.1289535884422E-02, 0.6326426332499E-02, 0.1175369461088E-02,-0.1295615864514E-02, 0.4628667417640E-02,-0.5445101197148E-03,-0.2033574567717E-02
-0.1867042191290E-02, 0.2117283145996E-02,-0.1427269966743E-02, 0.6052336922219E-02, 0.9297058977807E-03,-0.1522039016154E-02, 0.4316790495904E-02,-0.7507377842078E-03,-0.2165247256763E-02
-0.2095148961752E-02, 0.1830224731542E-02,-0.1582379891528E-02, 0.5830959587822E-02, 0.7174285502520E-03,-0.1727947541995E-02, 0.4031061842611E-02,-0.1048296427571E-02,-0.2390388496858E-02
-0.2100707310580E-02, 0.1821069687614E-02,-0.1592498957269E-02, 0.5904948656103E-02, 0.7358542906785E-03,-0.1740031727711E-02, 0.4058102784855E-02,-0.1040486063584E-02,-0.2426145664619E-02
-0.2381474297700E-02, 0.1413705352010E-02,-0.1974143952722E-02, 0.5469218860736E-02, 0.4994784295600E-03,-0.1934613217421E-02, 0.3627395597225E-02,-0.1323316159567E-02,-0.2693151555912E-02
-0.2431331384571E-02, 0.1323228225923E-02,-0.2034635452894E-02, 0.5250367883486E-02, 0.3532414376512E-03,-0.1987635336779E-02, 0.3534777404351E-02,-0.1401681338715E-02,-0.2745664282425E-02
-0.2485867130174E-02, 0.1203506962329E-02,-0.2118390929460E-02, 0.5046801929093E-02, 0.1764565547687E-03,-0.2101647999165E-02, 0.3433695985480E-02,-0.1517103765048E-02,-0.2821501524120E-02
-0.2595243319109E-02, 0.9737171762632E-03,-0.2310553629930E-02, 0.4888975071555E-02,-0.3515617153650E-04,-0.2347549471028E-02, 0.3263196456206E-02,-0.1726948717381E-02,-0.2987591068890E-02
-0.1402320132366E-02, 0.2261649618045E-02,-0.1154152621683E-02, 0.6659508825426E-02, 0.1424981408646E-02,-0.1086135421557E-02, 0.4927142081864E-02,-0.5825498549624E-03,-0.2085680891731E-02
-0.1617101943910E-02, 0.2296459464239E-02,-0.1281975030909E-02, 0.6313689479290E-02, 0.1172576693466E-02,-0.1297132905988E-02, 0.4611783352665E-02,-0.5490016186502E-03,-0.2017012255642E-02
-0.1855871874420E-02, 0.2112259548456E-02,-0.1419821011474E-02, 0.6040031265530E-02, 0.9269890359265E-03,-0.1523539362588E-02, 0.4300256508437E-02,-0.7552154904822E-03,-0.2148813285522E-02
-0.2084073492757E-02, 0.1825428693842E-02,-0.1575023475077E-02, 0.5819186051850E-02, 0.7148159693182E-03,-0.1729441950154E-02, 0.4014888104907E-02,-0.1052708784049E-02,-0.2374084870600E-02
-0.2089651818697E-02, 0.1816051597922E-02,-0.1585191452086E-02, 0.5892789445352E-02, 0.7331040653896E-03,-0.1741549357871E-02, 0.4041636639230E-02,-0.1044969196447E-02,-0.2409867886033E-02
-0.2370546068345E-02, 0.1409389460700E-02,-0.1966829498200E-02, 0.5458542095545E-02, 0.4971037420606E-03,-0.1936084153366E-02, 0.3611932842844E-02,-0.1327602890753E-02,-0.2677043263264E-02
-0.2420461343913E-02, 0.1319076009384E-02,-0.2027331594545E-02, 0.5240039155627E-02, 0.3509950117060E-03,-0.1989086049042E-02, 0.3519569101721E-02,-0.1405855863181E-02,-0.2729639729434E-02
-0.2475068754064E-02, 0.1199565418152E-02,-0.2111099677151E-02, 0.5036909050182E-02, 0.1743666422370E-03,-0.2103066140520E-02, 0.3418801068759E-02,-0.1521354309352E-02,-0.2805575399788E-02
-0.2584547905850E-02, 0.9701067494423E-03,-0.2303283693325E-02, 0.4879771885947E-02,-0.3704478731952E-04,-0.2348917677616E-02, 0.3248768580123E-02,-0.1731629375035E-02,-0.2971796042547E-02
-0.1204475086414E-02, 0.2468085758653E-02,-0.9648930107907E-03, 0.6819506593437E-02, 0.1565339404925E-02,-0.9344776354668E-03, 0.5121371318960E-02,-0.3808304501142E-03,-0.1896640438864E-02
-0.1419798206810E-02, 0.2502752079069E-02,-0.1093528034395E-02, 0.6476785513575E-02, 0.1314138003545E-02,-0.1145104269845E-02, 0.4808189177381E-02,-0.3480216186656E-03,-0.1829008332210E-02
-0.1659609802273E-02, 0.2318360783361E-02,-0.1232772288073E-02, 0.6205037862326E-02, 0.1069039194089E-02,-0.1371756817815E-02, 0.4498616583300E-02,-0.5549996687105E-03,-0.1962161394303E-02
-0.1889155531992E-02, 0.2031221282224E-02,-0.1389613991138E-02, 0.5985205524491E-02, 0.8568273925814E-03,-0.1578312312519E-02, 0.4214784637269E-02,-0.8533310351291E-03,-0.2188928594233E-02
-0.1894642070846E-02, 0.2022398571740E-02,-0.1399664514384E-02, 0.6059428210300E-02, 0.8753510831809E-03,-0.1590317398835E-02, 0.4242099637230E-02,-0.8454601576763E-03,-0.2224582247284E-02
-0.2178432030945E-02, 0.1613935306441E-02,-0.1784042622693E-02, 0.5625054328270E-02, 0.6382024775065E-03,-0.1786640274695E-02, 0.3812867091559E-02,-0.1130319456608E-02,-0.2494621283956E-02
-0.2229543719938E-02, 0.1522770629714E-02,-0.1845706977986E-02, 0.5406934181004E-02, 0.4917461373441E-03,-0.1840430881411E-02, 0.3720318236039E-02,-0.1209968316883E-02,-0.2548348449928E-02
-0.2285531529971E-02, 0.1402232805526E-02,-0.1930834824588E-02, 0.5203872757825E-02, 0.3146737712191E-03,-0.1955259776359E-02, 0.3619264154484E-02,-0.1325211898701E-02,-0.2625594188219E-02
-0.2396815832068E-02, 0.1171552817699E-02,-0.2124798761222E-02, 0.5046186376378E-02, 0.1025953009722E-03,-0.2202092362900E-02, 0.3449120968701E-02,-0.1532168918452E-02,-0.2793557017514E-02
-0.1144587730529E-02, 0.2524730307313E-02,-0.9178217796851E-03, 0.6851201530382E-02, 0.1618962085615E-02,-0.8572145411924E-03, 0.5180997334453E-02,-0.3127290992936E-03,-0.1851276576690E-02
-0.1359919465216E-02, 0.2559392887080E-02,-0.1046581004563E-02, 0.6509667601314E-02, 0.1368209576640E-02,-0.1067749814669E-02, 0.4868651997442E-02,-0.2801715266154E-03,-0.1783932012367E-02
-0.1599887833359E-02, 0.2375158170188E-02,-0.1186110275036E-02, 0.6238835334281E-02, 0.1123393405267E-02,-0.1294513135201E-02, 0.4559966236415E-02,-0.4873022033345E-03,-0.1917329253244E-02
-0.1829695596051E-02, 0.2088221087093E-02,-0.1343296002991E-02, 0.6019687017894E-02, 0.9113154712265E-03,-0.1501318118691E-02, 0.4276934333891E-02,-0.7857643726284E-03,-0.2144322695679E-02
-0.1835157999236E-02, 0.2079455495006E-02,-0.1353332402207E-02, 0.6093962183160E-02, 0.9298369627540E-03,-0.1513293488507E-02, 0.4304263852203E-02,-0.7778922266633E-03,-0.2179925049932E-02
-0.2119640349444E-02, 0.1671019544120E-02,-0.1738182478881E-02, 0.5660371391500E-02, 0.6925819140569E-03,-0.1710307538156E-02, 0.3875809234440E-02,-0.1063256161650E-02,-0.2450515770652E-02
-0.2171080668928E-02, 0.1579725708887E-02,-0.1800115182489E-02, 0.5442584668570E-02, 0.5460888445119E-03,-0.1764419111345E-02, 0.3783327535107E-02,-0.1143322922808E-02,-0.2504504840782E-02
-0.2227447412076E-02, 0.1459051280420E-02,-0.1885549174918E-02, 0.5239810304551E-02, 0.3689827281483E-03,-0.1879598694982E-02, 0.3682355015407E-02,-0.1258353358317E-02,-0.2582042562602E-02
-0.2339201425243E-02, 0.1228307345666E-02,-0.2079865689953E-02, 0.5082372023489E-02, 0.1568669253325E-03,-0.2126838865176E-02, 0.3512483134866E-02,-0.1463909790616E-02,-0.2750344158559E-02
-0.1081005859000E-02, 0.2587276063149E-02,-0.8643434130815E-03, 0.6901425062243E-02, 0.1695328934704E-02,-0.7736441107545E-03, 0.5241637062200E-02,-0.2447895080925E-03,-0.1797873263137E-02
-0.1296261490045E-02, 0.2622010011242E-02,-0.9932034314980E-03, 0.6561282149883E-02, 0.1445080600476E-02,-0.9840122323103E-03, 0.4930350580716E-02,-0.2124285591884E-03,-0.1730826074246E-02
-0.1536344784969E-02, 0.2437968919912E-02,-0.1133028455880E-02, 0.6291483147670E-02, 0.1200560403975E-02,-0.1210840512239E-02, 0.4622698876573E-02,-0.4196537961985E-03,-0.1864490784130E-02
-0.1766402465642E-02, 0.2151241548210E-02,-0.1290588624613E-02, 0.6073069659253E-02, 0.9885940421396E-03,-0.1417874520150E-02, 0.4340557219417E-02,-0.7181984669141E-03,-0.2091743909358E-02
-0.1771836230059E-02, 0.2142575014088E-02,-0.1300603370822E-02, 0.6147452036948E-02, 0.1007136178481E-02,-0.1429814067359E-02, 0.4367954071647E-02,-0.7103167342994E-03,-0.2127284621957E-02
-0.2057027871725E-02, 0.1734082999901E-02,-0.1685994948679E-02, 0.5714565638396E-02, 0.7696256102162E-03,-0.1627541998356E-02, 0.3940305124647E-02,-0.9961791006276E-03,-0.2398521472128E-02
-0.2108816726129E-02, 0.1642627237327E-02,-0.1748235570866E-02, 0.5497120611182E-02, 0.6230263066109E-03,-0.1681996954163E-02, 0.3847897763677E-02,-0.1076648095933E-02,-0.2452812641727E-02
-0.2165588702187E-02, 0.1521771970672E-02,-0.1834021785261E-02, 0.5294613832686E-02, 0.4458124554631E-03,-0.1797550383684E-02, 0.3747004608198E-02,-0.1191527575659E-02,-0.2530688479085E-02
-0.2277843065458E-02, 0.1290905816084E-02,-0.2028744055939E-02, 0.5137345497838E-02, 0.2335806899382E-03,-0.2045215533852E-02, 0.3577401969123E-02,-0.1395886063899E-02,-0.2699386290914E-02
-0.9886191226851E-03, 0.2682162989413E-02,-0.7739555592297E-03, 0.7004975717554E-02, 0.1819069649773E-02,-0.6801418075876E-03, 0.5318491597424E-02,-0.1618572699330E-03,-0.1701655025899E-02
-0.1203791126993E-02, 0.2717051926497E-02,-0.9030439601875E-03, 0.6666827256306E-02, 0.1569507012176E-02,-0.8901535063011E-03, 0.5008860779516E-02,-0.1296759806151E-03,-0.1635064905183E-02
-0.1444117734695E-02, 0.2533173770632E-02,-0.1043418562863E-02, 0.6398395557620E-02, 0.1325305999348E-02,-0.1116968535389E-02, 0.4702633439350E-02,-0.3370054447960E-03,-0.1769285845834E-02
-0.1674632855444E-02, 0.2246547392997E-02,-0.1201667332306E-02, 0.6180850047000E-02, 0.1113361645782E-02,-0.1324232752906E-02, 0.4421614035878E-02,-0.6356758687156E-03,-0.1997150543066E-02
-0.1680024216012E-02, 0.2238107835244E-02,-0.1211637176192E-02, 0.6255467584477E-02, 0.1131989990818E-02,-0.1336120875224E-02, 0.4449231904522E-02,-0.6277554986011E-03,-0.2032611284736E-02
-0.1966364274684E-02, 0.1829125457126E-02,-0.1598139231689E-02, 0.5823095291979E-02, 0.8938230544025E-03,-0.1534692185440E-02, 0.4022416874820E-02,-0.9143604207319E-03,-0.2305141988128E-02
-0.2018685832046E-02, 0.1737343113346E-02,-0.1660916060048E-02, 0.5606022430719E-02, 0.7469594111787E-03,-0.1589561390721E-02, 0.3930080177262E-02,-0.9953162032354E-03,-0.2359978256781E-02
-0.2076082615206E-02, 0.1616093761155E-02,-0.1747325149245E-02, 0.5403731762107E-02, 0.5694533566008E-03,-0.1705557905010E-02, 0.3829228593550E-02,-0.1110215422627E-02,-0.2438479073078E-02
-0.2189133119644E-02, 0.1384812832166E-02,-0.1942820255576E-02, 0.5246407672502E-02, 0.3568702559204E-03,-0.1953707465556E-02, 0.3659845017582E-02,-0.1313708903325E-02,-0.2607972574693E-02
-0.1612044832037E-02, 0.2953654568398E-02,-0.1038022694053E-02,-0.2380194685014E-02, 0.1920889923613E-02,-0.1112680697148E-02, 0.5883207031989E-02,-0.2404944115113E-03,-0.2226091479815E-02
-0.1831052727913E-02, 0.2980935153654E-02,-0.1169643244418E-02,-0.2610135345849E-02, 0.1657167148368E-02,-0.1328799859714E-02, 0.5543470240789E-02,-0.2102317681240E-03,-0.2155754464337E-02
-0.2071583338448E-02, 0.2786545310998E-02,-0.1309559516890E-02,-0.2754854849884E-02, 0.1402667624637E-02,-0.1558649653491E-02, 0.5215068565835E-02,-0.4224557165260E-03,-0.2287949108905E-02
-0.2300140726041E-02, 0.2488361163308E-02,-0.1466445183009E-02,-0.2862504814806E-02, 0.1183315547815E-02,-0.1766834899768E-02, 0.4917360831942E-02,-0.7268570620449E-03,-0.2514758211691E-02
-0.2303404428382E-02, 0.2482428019143E-02,-0.1473610120517E-02,-0.2840098299991E-02, 0.1205684747949E-02,-0.1776485636279E-02, 0.4948426987546E-02,-0.7158196647172E-03,-0.2549000569953E-02
-0.2587352081984E-02, 0.2052114444345E-02,-0.1865819382363E-02,-0.3159202598063E-02, 0.9537505164790E-03,-0.1976631034984E-02, 0.4491462486603E-02,-0.1010955165743E-02,-0.2820550984613E-02
-0.2636975791399E-02, 0.1955431363267E-02,-0.1928159233025E-02,-0.3248030987823E-02, 0.8014680479437E-03,-0.2030755324028E-02, 0.4391278396862E-02,-0.1094956962236E-02,-0.2873446538607E-02
-0.2691052112640E-02, 0.1828869896023E-02,-0.2013942158616E-02,-0.3330305642319E-02, 0.6180361595081E-03,-0.2146650248945E-02, 0.4282342125242E-02,-0.1206600508371E-02,-0.2949843858975E-02
-0.2799911488855E-02, 0.1589301113790E-02,-0.2209424089844E-02,-0.3430871511038E-02, 0.3988427626806E-03,-0.2396030675923E-02, 0.4101706993874E-02,-0.1395640744058E-02,-0.3117369686732E-02
-0.1476979993280E-02, 0.3070830260435E-02,-0.9124047329661E-03,-0.2257217281330E-02, 0.2044338398168E-02,-0.9720320663655E-03, 0.5974095259714E-02,-0.1333626782888E-03,-0.2183333456066E-02
-0.1696843666609E-02, 0.3097616279158E-02,-0.1044989521174E-02,-0.2488427882845E-02, 0.1780901729004E-02,-0.1188604578154E-02, 0.5635915980020E-02,-0.1038245457155E-03,-0.2113866094765E-02
-0.1938689983467E-02, 0.2902835573939E-02,-0.1186327848360E-02,-0.2634874582157E-02, 0.1526201148968E-02,-0.1419410339898E-02, 0.5308704681464E-02,-0.3167941896634E-03,-0.2246876347047E-02
-0.2168759268963E-02, 0.2604314885214E-02,-0.1344772489778E-02,-0.2744384094877E-02, 0.1306351749328E-02,-0.1628796204154E-02, 0.5011865873430E-02,-0.6219523011099E-03,-0.2474426027529E-02
-0.2171987551121E-02, 0.2598683805844E-02,-0.1351853574421E-02,-0.2721961791667E-02, 0.1328861176775E-02,-0.1638385755870E-02, 0.5043208136581E-02,-0.6108182326948E-03,-0.2508597441644E-02
-0.2458528046305E-02, 0.2167360518985E-02,-0.1746391816323E-02,-0.3043898422986E-02, 0.1075666856308E-02,-0.1840695650420E-02, 0.4586923766465E-02,-0.9075566904084E-03,-0.2781390931552E-02
-0.2509124249525E-02, 0.2070233528994E-02,-0.1809594954393E-02,-0.3133707732060E-02, 0.9230615446332E-03,-0.1895617973128E-02, 0.4486845381087E-02,-0.9922568631278E-03,-0.2834764695819E-02
-0.2564353530103E-02, 0.1943104848022E-02,-0.1896417035466E-02,-0.3217148272918E-02, 0.7392186210503E-03,-0.2012436778028E-02, 0.4377945361932E-02,-0.1104268042515E-02,-0.2911726915433E-02
-0.2674834788782E-02, 0.1702798111270E-02,-0.2093375529396E-02,-0.3319417396888E-02, 0.5193413092111E-03,-0.2263088126978E-02, 0.4197411149614E-02,-0.1293124494534E-02,-0.3080023275778E-02
-0.1323582394684E-02, 0.3211646358846E-02,-0.7665941990513E-03,-0.2117321753643E-02, 0.2173943047323E-02,-0.8511695737515E-03, 0.6059105211405E-02,-0.3381203352560E-04,-0.2088195375725E-02
-0.1544119719958E-02, 0.3238296171683E-02,-0.8999785912689E-03,-0.2349707579851E-02, 0.1911197139960E-02,-0.1067746549396E-02, 0.5723065580084E-02,-0.4707424307915E-05,-0.2019574894907E-02
-0.1787120974126E-02, 0.3043360911662E-02,-0.1042613381618E-02,-0.2497815729318E-02, 0.1656630947384E-02,-0.1299079925117E-02, 0.5397465750078E-02,-0.2181415004759E-03,-0.2153545927984E-02
-0.2018583664682E-02, 0.2744636899365E-02,-0.1202535380437E-02,-0.2609152333123E-02, 0.1436541409820E-02,-0.1509289715780E-02, 0.5101786688593E-02,-0.5238140206438E-03,-0.2382079617362E-02
-0.2021769460765E-02, 0.2739370632069E-02,-0.1209533699239E-02,-0.2586697730673E-02, 0.1459209801343E-02,-0.1518819452808E-02, 0.5133466562048E-02,-0.5125847052674E-03,-0.2416180456577E-02
-0.2310883384938E-02, 0.2307007900272E-02,-0.1606388244848E-02,-0.2911535428066E-02, 0.1204980060628E-02,-0.1722818601400E-02, 0.4678114740010E-02,-0.8106734274362E-03,-0.2690719534643E-02
-0.2362476883403E-02, 0.2209389518854E-02,-0.1670499370638E-02,-0.3002370571953E-02, 0.1052094369705E-02,-0.1778406659357E-02, 0.4578219188418E-02,-0.8959545971303E-03,-0.2744778363758E-02
-0.2418877839172E-02, 0.2081632783851E-02,-0.1758407625542E-02,-0.3087025784938E-02, 0.8678874064836E-03,-0.1895978320766E-02, 0.4469425168724E-02,-0.1008422643477E-02,-0.2822545168700E-02
-0.2530970026056E-02, 0.1840535871010E-02,-0.1956868509605E-02,-0.3191044320638E-02, 0.6474207249024E-03,-0.2147609480640E-02, 0.4289088618501E-02,-0.1197541990815E-02,-0.2991931496101E-02
-0.1172754924078E-02, 0.3353651670069E-02,-0.6223879975093E-03,-0.1982517083762E-02, 0.2292500535775E-02,-0.7492302104165E-03, 0.6141652576680E-02, 0.6205401821299E-04,-0.1967810016096E-02
-0.1393782141861E-02, 0.3380373646823E-02,-0.7563942460235E-03,-0.2215875302302E-02, 0.2030646378288E-02,-0.9655494557643E-03, 0.5807864815514E-02, 0.9088132357054E-04,-0.1899960210281E-02
-0.1637716959837E-02, 0.3185468453473E-02,-0.9001203704982E-03,-0.2365428066637E-02, 0.1776433804660E-02,-0.1197111253699E-02, 0.5484011236480E-02,-0.1228398968563E-03,-0.2034897379790E-02
-0.1870354200255E-02, 0.2886691216751E-02,-0.1061320309252E-02,-0.2478385176718E-02, 0.1556313068176E-02,-0.1407850353311E-02, 0.5189619833284E-02,-0.4288560212016E-03,-0.2264473380662E-02
-0.1873496658854E-02, 0.2881783921910E-02,-0.1068245239448E-02,-0.2455896360784E-02, 0.1579128754818E-02,-0.1417325506111E-02, 0.5221626227858E-02,-0.4175443260599E-03,-0.2298507844177E-02
-0.2164915237417E-02, 0.2448541120124E-02,-0.1467157382873E-02,-0.2783351633930E-02, 0.1324148119789E-02,-0.1622599453933E-02, 0.4767335529232E-02,-0.7167584941844E-03,-0.2574949300635E-02
-0.2217428560645E-02, 0.2350462543212E-02,-0.1532114235302E-02,-0.2875129562721E-02, 0.1171054793669E-02,-0.1678725666689E-02, 0.4667643847887E-02,-0.8025681581348E-03,-0.2629764112240E-02
-0.2274903454105E-02, 0.2222121951312E-02,-0.1621028208012E-02,-0.2960901495419E-02, 0.9865712613030E-03,-0.1796889702465E-02, 0.4558986989034E-02,-0.9154019400587E-03,-0.2708414998727E-02
-0.2388444693148E-02, 0.1980324597481E-02,-0.1820847983404E-02,-0.3066515584859E-02, 0.7656602939688E-03,-0.2049244097300E-02, 0.4378915834200E-02,-0.1104598714706E-02,-0.2878990590451E-02
-0.1162777226520E-02, 0.3345649434537E-02,-0.6166384540969E-03,-0.1968444730487E-02, 0.2287116659935E-02,-0.7523042105852E-03, 0.6121403803417E-02, 0.5556272268844E-04,-0.1952158244147E-02
-0.1383834219452E-02, 0.3372320555303E-02,-0.7507417786904E-03,-0.2201907245550E-02, 0.2025326128787E-02,-0.9685868298424E-03, 0.5788009294832E-02, 0.8432385447413E-04,-0.1884419779936E-02
-0.1627838448522E-02, 0.3177615567839E-02,-0.8945520849069E-03,-0.2351598839115E-02, 0.1771243300518E-02,-0.1200123841603E-02, 0.5464582821210E-02,-0.1293529263389E-03,-0.2019482395183E-02
-0.1860560224043E-02, 0.2879177253687E-02,-0.1055807791304E-02,-0.2464701329908E-02, 0.1551291421895E-02,-0.1410842273091E-02, 0.5170637148716E-02,-0.4352632275778E-03,-0.2249182341252E-02
-0.1863726079279E-02, 0.2874019001038E-02,-0.1062802618656E-02,-0.2442241765673E-02, 0.1573925936364E-02,-0.1420351309804E-02, 0.5202314288537E-02,-0.4240489872482E-03,-0.2283233280648E-02
-0.2155237655697E-02, 0.2441671771482E-02,-0.1461609078872E-02,-0.2769866278097E-02, 0.1319473500636E-02,-0.1625531504138E-02, 0.4749239271773E-02,-0.7229668226418E-03,-0.2559839231299E-02
-0.2207790382057E-02, 0.2343801148415E-02,-0.1526550277460E-02,-0.2861720723792E-02, 0.1166548914642E-02,-0.1681622820671E-02, 0.4649842977762E-02,-0.8086287034287E-03,-0.2614722443064E-02
-0.2265314196081E-02, 0.2215731857054E-02,-0.1615443995911E-02,-0.2947584306181E-02, 0.9822735082277E-03,-0.1799735160885E-02, 0.4541555456219E-02,-0.9215332184135E-03,-0.2693454475090E-02
-0.2378930408250E-02, 0.1974373837161E-02,-0.1815234346723E-02,-0.3053327891986E-02, 0.7616419787621E-03,-0.2052010942037E-02, 0.4362056964265E-02,-0.1111207301617E-02,-0.2864144559204E-02
-0.9624219181512E-03, 0.3551425156707E-02,-0.4259762123463E-03,-0.1816216244654E-02, 0.2427660689357E-02,-0.5986688360274E-03, 0.6313022306464E-02, 0.2583183243558E-03,-0.1759828568198E-02
-0.1183871106945E-02, 0.3578316607334E-02,-0.5606404747991E-03,-0.2050478285290E-02, 0.2167378325264E-02,-0.8144328031772E-03, 0.5982195290603E-02, 0.2865206086280E-03,-0.1693077768795E-02
-0.1428766514071E-02, 0.3383818666586E-02,-0.7056157304742E-03,-0.2201665412838E-02, 0.1914065834880E-02,-0.1046070519166E-02, 0.5661093321860E-02, 0.7234106210849E-04,-0.1829404008320E-02
-0.1662694839188E-02, 0.3085452805174E-02,-0.8683020984035E-03,-0.2316547268655E-02, 0.1694316534012E-02,-0.1257312680747E-02, 0.5369009334671E-02,-0.2341360676100E-03,-0.2060499025558E-02
-0.1665772926513E-02, 0.3080971588799E-02,-0.8751415439452E-03,-0.2294042669416E-02, 0.1717270181156E-02,-0.1266709797892E-02, 0.5401345136149E-02,-0.2227439868044E-03,-0.2094428655087E-02
-0.1959997042033E-02, 0.2647203203208E-02,-0.1276408647151E-02,-0.2624473730520E-02, 0.1461880764052E-02,-0.1473533127705E-02, 0.4949067042694E-02,-0.5236460862731E-03,-0.2373762348323E-02
-0.2013708515681E-02, 0.2548612536890E-02,-0.1342442324053E-02,-0.2717376217774E-02, 0.1308711520318E-02,-0.1530371780556E-02, 0.4849621839376E-02,-0.6106147367144E-03,-0.2429758130093E-02
-0.2072572258610E-02, 0.2419656972324E-02,-0.1432616466800E-02,-0.2804500779931E-02, 0.1124099161079E-02,-0.1649281283971E-02, 0.4741178443865E-02,-0.7231851352889E-03,-0.2509774908873E-02
-0.2187922286668E-02, 0.2177295768491E-02,-0.1634046223513E-02,-0.2912044345003E-02, 0.9029370290851E-03,-0.1902450561188E-02, 0.4561725240685E-02,-0.9094517725418E-03,-0.2682146372230E-02
-0.9022734765861E-03, 0.3606662851326E-02,-0.3792273514005E-03,-0.1776805005289E-02, 0.2480151041741E-02,-0.5212943415160E-03, 0.6370433527730E-02, 0.3258642744568E-03,-0.1713980774613E-02
-0.1123684982044E-02, 0.3633671649033E-02,-0.5139379218497E-03,-0.2011110955183E-02, 0.2220430626633E-02,-0.7369158768470E-03, 0.6040592769458E-02, 0.3538720760183E-03,-0.1647500615334E-02
-0.1368688902999E-02, 0.3439492465753E-02,-0.6591168816500E-03,-0.2162612313529E-02, 0.1967522566139E-02,-0.9686050771028E-03, 0.5720532023278E-02, 0.1396413156481E-03,-0.1784044698368E-02
-0.1602833311511E-02, 0.3141498508467E-02,-0.8220692565052E-03,-0.2277923716594E-02, 0.1748022336657E-02,-0.1180038740252E-02, 0.5429395029323E-02,-0.1668531820816E-03,-0.2015336793343E-02
-0.1605893086489E-02, 0.3137085981465E-02,-0.8288959173538E-03,-0.2255429613558E-02, 0.1770974928663E-02,-0.1189410627568E-02, 0.5461758007509E-02,-0.1554615408912E-03,-0.2049218483816E-02
-0.1900735879455E-02, 0.2703559099795E-02,-0.1230514354195E-02,-0.2586435201946E-02, 0.1515627276330E-02,-0.1396846647105E-02, 0.5010467258624E-02,-0.4567340913300E-03,-0.2329060097625E-02
-0.1954756639329E-02, 0.2604899222777E-02,-0.1296784654971E-02,-0.2679583040819E-02, 0.1362477441812E-02,-0.1453985116149E-02, 0.4911148089525E-02,-0.5440751966576E-03,-0.2385306595710E-02
-0.2013977258856E-02, 0.2475878757416E-02,-0.1387227612801E-02,-0.2767018268128E-02, 0.1177896640384E-02,-0.1573212350939E-02, 0.4802852058740E-02,-0.6563983134319E-03,-0.2465601384648E-02
-0.2129762894822E-02, 0.2233572348795E-02,-0.1588948844513E-02,-0.2875010377102E-02, 0.9567877990411E-03,-0.1826727667975E-02, 0.4623774161878E-02,-0.8412396248860E-03,-0.2638288259605E-02
-0.8382150606832E-03, 0.3668083780766E-02,-0.3258276331671E-03,-0.1720780223877E-02, 0.2555447172349E-02,-0.4373803366754E-03, 0.6429237712772E-02, 0.3935252022810E-03,-0.1659837423378E-02
-0.1059497320820E-02, 0.3695313072723E-02,-0.4605490194513E-03,-0.1955212810389E-02, 0.2296369276142E-02,-0.6527756539643E-03, 0.6100611158118E-02, 0.4214067069702E-03,-0.1593634028000E-02
-0.1304561451749E-02, 0.3501501674772E-02,-0.6059325992542E-03,-0.2107117890074E-02, 0.2043901228465E-02,-0.8844637410025E-03, 0.5781738180328E-02, 0.2071876364547E-03,-0.1730413999435E-02
-0.1538904439868E-02, 0.3203889305129E-02,-0.7691740163563E-03,-0.2222955839450E-02, 0.1824645413933E-02,-0.1096063230299E-02, 0.5491633380882E-02,-0.9927608640615E-04,-0.1961931085477E-02
-0.1541941985310E-02, 0.3199591194571E-02,-0.7759771884303E-03,-0.2200455198016E-02, 0.1847626596702E-02,-0.1105402973221E-02, 0.5524088280760E-02,-0.8787176592659E-04,-0.1995757000203E-02
-0.1837414933262E-02, 0.2766220523639E-02,-0.1178012937582E-02,-0.2532271853354E-02, 0.1592180022761E-02,-0.1313470945700E-02, 0.5073786722931E-02,-0.3895137977264E-03,-0.2276191592557E-02
-0.1891765319883E-02, 0.2667460641668E-02,-0.1244558558302E-02,-0.2625752057192E-02, 0.1438990751027E-02,-0.1370931097938E-02, 0.4974600147868E-02,-0.4772136899590E-03,-0.2332729882675E-02
-0.1951369725118E-02, 0.2538331055894E-02,-0.1335315784077E-02,-0.2713592975273E-02, 0.1254379167616E-02,-0.1490498798027E-02, 0.4866445432970E-02,-0.5893523723502E-03,-0.2413349295900E-02
-0.2067621092965E-02, 0.2296017234079E-02,-0.1537380238645E-02,-0.2822154044837E-02, 0.1033256826844E-02,-0.1744376559583E-02, 0.4687728096403E-02,-0.7729684192328E-03,-0.2586406656274E-02
-0.7448051589900E-03, 0.3762149895492E-02,-0.2350603988626E-03,-0.1613812153787E-02, 0.2678198277053E-02,-0.3430690924175E-03, 0.6504616406236E-02, 0.4766804426062E-03,-0.1562105381071E-02
-0.9659222747506E-03, 0.3789763884178E-02,-0.3698718391857E-03,-0.1848720150694E-02, 0.2420015870955E-02,-0.5580239621333E-03, 0.6177850018281E-02, 0.5044959617238E-03,-0.1496328897749E-02
-0.1211147974285E-02, 0.3596348504727E-02,-0.5156720725139E-03,-0.2001437035566E-02, 0.2168072912085E-02,-0.7896121277349E-03, 0.5860588555371E-02, 0.2903096879498E-03,-0.1633614681893E-02
-0.1445873639858E-02, 0.3299051560649E-02,-0.6794814475058E-03,-0.2118237692423E-02, 0.1949021686947E-02,-0.1001362525900E-02, 0.5571768410045E-02,-0.1614557733967E-04,-0.1865686822553E-02
-0.1448875164035E-02, 0.3295020063836E-02,-0.6862274198456E-03,-0.2095691508114E-02, 0.1972118358504E-02,-0.1010651129941E-02, 0.5604497298713E-02,-0.4685303264402E-05,-0.1899441008357E-02
-0.1745390398186E-02, 0.2861404192662E-02,-0.1089209017115E-02,-0.2429189858166E-02, 0.1716203583888E-02,-0.1219465766633E-02, 0.5155197642299E-02,-0.3069318769609E-03,-0.2181086529611E-02
-0.1800250901956E-02, 0.2762396998790E-02,-0.1156248570085E-02,-0.2523313164130E-02, 0.1562843209671E-02,-0.1277314071242E-02, 0.5056153743348E-02,-0.3950701563103E-03,-0.2238158378649E-02
-0.1860454957912E-02, 0.2632959615502E-02,-0.1247580241279E-02,-0.2611908892604E-02, 0.1378043764014E-02,-0.1397289522216E-02, 0.4948109442344E-02,-0.5071921823615E-03,-0.2319386458885E-02
-0.1977459167891E-02, 0.2390361155676E-02,-0.1450335235281E-02,-0.2721507748922E-02, 0.1156701604680E-02,-0.1651589137206E-02, 0.4769693695287E-02,-0.6899132003711E-03,-0.2493201945965E-02
-0.1270884388400E-02, 0.4162903649872E-02,-0.3883623086200E-03,-0.2245823124844E-02, 0.2903523245921E-02,-0.6748747578328E-03, 0.7201899069749E-02, 0.5109792897917E-03,-0.1997730290082E-02
-0.1497883214744E-02, 0.4179699776278E-02,-0.5277421324122E-03,-0.2480795903089E-02, 0.2628677971590E-02,-0.8973382943955E-03, 0.6841679253651E-02, 0.5351682750519E-03,-0.1929154617967E-02
-0.1744831846738E-02, 0.3972678550712E-02,-0.6750051886251E-03,-0.2629241451349E-02, 0.2364038110062E-02,-0.1133319982275E-02, 0.6499578077875E-02, 0.3140758981591E-03,-0.2065427504561E-02
-0.1978788453026E-02, 0.3660975568450E-02,-0.8392517032735E-03,-0.2740114119582E-02, 0.2135396499913E-02,-0.1347263707131E-02, 0.6191870447153E-02,-0.1254808183549E-06,-0.2297458393460E-02
-0.1979340788761E-02, 0.3659926140208E-02,-0.8429921283568E-03,-0.2715194350068E-02, 0.2162312861932E-02,-0.1354016898280E-02, 0.6227812400477E-02, 0.1459940563361E-04,-0.2329694064501E-02
-0.2275958263070E-02, 0.3200066714930E-02,-0.1255096011937E-02,-0.3044958215802E-02, 0.1889279388052E-02,-0.1566812810401E-02, 0.5744735439793E-02,-0.2991658047544E-03,-0.2612431952554E-02
-0.2328883192087E-02, 0.3094662854357E-02,-0.1322705867925E-02,-0.3136733692630E-02, 0.1729146523664E-02,-0.1624695318630E-02, 0.5636599222079E-02,-0.3918425983610E-03,-0.2668180239231E-02
-0.2386593196210E-02, 0.2958279037542E-02,-0.1414530327620E-02,-0.3222087473459E-02, 0.1536938936815E-02,-0.1745486831409E-02, 0.5519184852569E-02,-0.5002191884595E-03,-0.2747996597041E-02
-0.2500507069773E-02, 0.2705155014208E-02,-0.1618886492975E-02,-0.3326526571929E-02, 0.1307137739892E-02,-0.2002315123853E-02, 0.5327818074434E-02,-0.6644921065993E-03,-0.2920801325767E-02
-0.1136186267817E-02, 0.4275984968382E-02,-0.2639665731590E-03,-0.2121903484244E-02, 0.3023887629969E-02,-0.5348354337506E-03, 0.7288191585348E-02, 0.6165524293978E-03,-0.1954938403225E-02
-0.1363903869472E-02, 0.4292609896068E-02,-0.4041216064071E-03,-0.2358073892308E-02, 0.2749602107439E-02,-0.7576262228119E-03, 0.6929863072986E-02, 0.6401592065345E-03,-0.1887164879136E-02
-0.1612042741338E-02, 0.4085520769323E-02,-0.5526241404150E-03,-0.2508186902291E-02, 0.2485038290216E-02,-0.9944283041544E-03, 0.6589260874903E-02, 0.4185142136632E-03,-0.2024196484983E-02
-0.1847400027724E-02, 0.3773783291182E-02,-0.7182595049762E-03,-0.2620868615867E-02, 0.2256153738321E-02,-0.1209443763283E-02, 0.6282705784989E-02, 0.1037561237961E-03,-0.2256920863796E-02
-0.1847910246979E-02, 0.3773059635508E-02,-0.7218918916985E-03,-0.2595931355846E-02, 0.2283242631816E-02,-0.1216122566082E-02, 0.6319036329874E-02, 0.1186031501551E-03,-0.2289077335378E-02
-0.2146958421296E-02, 0.3312626092846E-02,-0.1136070044933E-02,-0.2928442560502E-02, 0.2009252670598E-02,-0.1430923156914E-02, 0.5837020105222E-02,-0.1965446548766E-03,-0.2572998512441E-02
-0.2200805172821E-02, 0.3206913876056E-02,-0.1204469014098E-02,-0.3021172021469E-02, 0.1848932317417E-02,-0.1489548836615E-02, 0.5729116319854E-02,-0.2898254355976E-03,-0.2629202458086E-02
-0.2259614537340E-02, 0.3070111926876E-02,-0.1297249802015E-02,-0.3107664387690E-02, 0.1656464037731E-02,-0.1611191833088E-02, 0.5611868060387E-02,-0.3985257450641E-03,-0.2709560983295E-02
-0.2375074697227E-02, 0.2816469754826E-02,-0.1502951923156E-02,-0.3213770593781E-02, 0.1426171796324E-02,-0.1869172142469E-02, 0.5420797443990E-02,-0.5626450341429E-03,-0.2883107462080E-02
-0.9826948438514E-03, 0.4413448145092E-02,-0.1191296840938E-03,-0.1980703338267E-02, 0.3150766337032E-02,-0.4142622945715E-03, 0.7369348538711E-02, 0.7149945519173E-03,-0.1859169087213E-02
-0.1210934304495E-02, 0.4430277390944E-02,-0.2598640324203E-03,-0.2217961788208E-02, 0.2877470060498E-02,-0.6369243577701E-03, 0.7013489617192E-02, 0.7383398054263E-03,-0.1792177918372E-02
-0.1460083766987E-02, 0.4223394440999E-02,-0.4094532623901E-03,-0.2369661576747E-02, 0.2613332997177E-02,-0.8741164991199E-03, 0.6674804234723E-02, 0.5164299850324E-03,-0.1930093278259E-02
-0.1696704653699E-02, 0.3911797625842E-02,-0.5763724595046E-03,-0.2484106228517E-02, 0.2384470966946E-02,-0.1089828064599E-02, 0.6369681255341E-02, 0.2013518181368E-03,-0.2163724655996E-02
-0.1697167203920E-02, 0.3911489402230E-02,-0.5798936034248E-03,-0.2459141486663E-02, 0.2411763338278E-02,-0.1096434303242E-02, 0.6406426710747E-02, 0.2163271931641E-03,-0.2195804012268E-02
-0.1998606389263E-02, 0.3450455722246E-02,-0.9961010971727E-03,-0.2794444220283E-02, 0.2137035285256E-02,-0.1312766851858E-02, 0.5925677961974E-02,-0.9996264555387E-04,-0.2481373421501E-02
-0.2053397986603E-02, 0.3344394988445E-02,-0.1065328788694E-02,-0.2888171773592E-02, 0.1976571879639E-02,-0.1372006821576E-02, 0.5818085104146E-02,-0.1937353766684E-03,-0.2538236214958E-02
-0.2113322520577E-02, 0.3207121378427E-02,-0.1159106409072E-02,-0.2975849623644E-02, 0.1783889509551E-02,-0.1494338065441E-02, 0.5701069677984E-02,-0.3028518877659E-03,-0.2619368943154E-02
-0.2230309328881E-02, 0.2952920126032E-02,-0.1366164718606E-02,-0.3083661214284E-02, 0.1553196734025E-02,-0.1753193751016E-02, 0.5510360362810E-02,-0.4672622641989E-03,-0.2793954851790E-02
-0.8315409283461E-03, 0.4552703745003E-02, 0.2429849390957E-04,-0.1844522214498E-02, 0.3267036400720E-02,-0.3124208514930E-03, 0.7448513077679E-02, 0.8100105553880E-03,-0.1737848445663E-02
-0.1060123437062E-02, 0.4569924937416E-02,-0.1168384405328E-03,-0.2082665511034E-02, 0.2994916376498E-02,-0.5346986653106E-03, 0.7095215854574E-02, 0.8332499262113E-03,-0.1671571908333E-02
-0.1310063494386E-02, 0.4363427460075E-02,-0.2673103497246E-03,-0.2235733629735E-02, 0.2731408304868E-02,-0.7719906570915E-03, 0.6758566968080E-02, 0.6112478301337E-03,-0.1810370833372E-02
-0.1547729023321E-02, 0.4052122325027E-02,-0.4353152497296E-03,-0.2351732775399E-02, 0.2502760502064E-02,-0.9881132068853E-03, 0.6454987934176E-02, 0.2960137107920E-03,-0.2044955349809E-02
-0.1548145385656E-02, 0.4052233977754E-02,-0.4387360302611E-03,-0.2326741525140E-02, 0.2530245870502E-02,-0.9946545436508E-03, 0.6492108292708E-02, 0.3111038624284E-03,-0.2076963602162E-02
-0.1851708188041E-02, 0.3590733129995E-02,-0.8567160864353E-03,-0.2664548966815E-02, 0.2255038967864E-02,-0.1212115500710E-02, 0.6012725488048E-02,-0.6112823136155E-05,-0.2364321672985E-02
-0.1907370029672E-02, 0.3484347945137E-02,-0.9267132070253E-03,-0.2759192789327E-02, 0.2094493322832E-02,-0.1271847513972E-02, 0.5905458610478E-02,-0.1003313393999E-03,-0.2421913345313E-02
-0.1968314380351E-02, 0.3346640038363E-02,-0.1021409799700E-02,-0.2847959018048E-02, 0.1901670329571E-02,-0.1394714714832E-02, 0.5788700992027E-02,-0.2097730069538E-03,-0.2503896679537E-02
-0.2086666992229E-02, 0.3091962661906E-02,-0.1229682117406E-02,-0.2957321594230E-02, 0.1670704415873E-02,-0.1654203060813E-02, 0.5598402404284E-02,-0.3742775646160E-03,-0.2679611166712E-02
-0.8230945490557E-03, 0.4541308808345E-02, 0.2790504739411E-04,-0.1831513776892E-02, 0.3258896022954E-02,-0.3172027714205E-03, 0.7425087040229E-02, 0.8012505045439E-03,-0.1723420975475E-02
-0.1051693045898E-02, 0.4558678036756E-02,-0.1133100321210E-03,-0.2069756040032E-02, 0.2986877870504E-02,-0.5394423492421E-03, 0.7072254449937E-02, 0.8244412023483E-03,-0.1657262455328E-02
-0.1301685527288E-02, 0.4352496874538E-02,-0.2638296403718E-03,-0.2222959093688E-02, 0.2723564353908E-02,-0.7766963112061E-03, 0.6736109287791E-02, 0.6025229063166E-03,-0.1796180258776E-02
-0.1539415821514E-02, 0.4041603544877E-02,-0.4318437485210E-03,-0.2339099605141E-02, 0.2495161809259E-02,-0.9927774914683E-03, 0.6433065602640E-02, 0.2874446925538E-03,-0.2030874072464E-02
-0.1539867318853E-02, 0.4041286996875E-02,-0.4353616051614E-03,-0.2314130412449E-02, 0.2522416867619E-02,-0.9993682155575E-03, 0.6469885224354E-02, 0.3024034465553E-03,-0.2062900781423E-02
-0.1843465161624E-02, 0.3581033275967E-02,-0.8531153491646E-03,-0.2652099670566E-02, 0.2247914980169E-02,-0.1216672843511E-02, 0.5991938858711E-02,-0.1439518374342E-04,-0.2350388477127E-02
-0.1899148821828E-02, 0.3474927712878E-02,-0.9230663545113E-03,-0.2746803519662E-02, 0.2087582671929E-02,-0.1276349422275E-02, 0.5884996044984E-02,-0.1084258714673E-03,-0.2408032684253E-02
-0.1960121758468E-02, 0.3337577186090E-02,-0.1017704044448E-02,-0.2835643873589E-02, 0.1895025501294E-02,-0.1399140690941E-02, 0.5768652629182E-02,-0.2179295800613E-03,-0.2490078271640E-02
-0.2078521433797E-02, 0.3083458187148E-02,-0.1225885829904E-02,-0.2945121202776E-02, 0.1664429268311E-02,-0.1658518215565E-02, 0.5579047880633E-02,-0.3829557003901E-03,-0.2665882772083E-02
-0.6207688700861E-03, 0.4746234474427E-02, 0.2195292580666E-03,-0.1676415143917E-02, 0.3399258732418E-02,-0.1619950984277E-03, 0.7613437503792E-02, 0.1004583797334E-02,-0.1528257600412E-02
-0.8495734638235E-03, 0.4764050891184E-02, 0.7804067662048E-04,-0.1915344118449E-02, 0.3129082280241E-02,-0.3835396623007E-03, 0.7263595282089E-02, 0.1027418151396E-02,-0.1463015431081E-02
-0.1100273337230E-02, 0.4558483117780E-02,-0.7337960116716E-04,-0.2069942491377E-02, 0.2866845018123E-02,-0.6207212217316E-03, 0.6930185798385E-02, 0.8052882130009E-03,-0.1603080025050E-02
-0.1339043762991E-02, 0.4248117827356E-02,-0.2425890687533E-03,-0.2187775943330E-02, 0.2638905756880E-02,-0.8371723975872E-03, 0.6629359221169E-02, 0.4899445253999E-03,-0.1839039761266E-02
-0.1339400327794E-02, 0.4248741704716E-02,-0.2458980961665E-03,-0.2162778455555E-02, 0.2666579968965E-02,-0.8436302697851E-03, 0.6666844058339E-02, 0.5051443907940E-03,-0.1870939548912E-02
-0.1645497362319E-02, 0.3787341388014E-02,-0.6658055471491E-03,-0.2503410806813E-02, 0.2391356480294E-02,-0.1062414082039E-02, 0.6190055460153E-02, 0.1866180755846E-03,-0.2160998176234E-02
-0.1702285388631E-02, 0.3680636405890E-02,-0.7367680361537E-03,-0.2599137972953E-02, 0.2230894302141E-02,-0.1122789982899E-02, 0.6083231931354E-02, 0.9138299885019E-04,-0.2219725068335E-02
-0.1764538667225E-02, 0.3542535568063E-02,-0.8325955353269E-03,-0.2689213629119E-02, 0.2038117923389E-02,-0.1246316010194E-02, 0.5966897856117E-02,-0.1770173634365E-04,-0.2303016293563E-02
-0.1884575523987E-02, 0.3287650363978E-02,-0.1042259677392E-02,-0.2800444275629E-02, 0.1807135463518E-02,-0.1506477229436E-02, 0.5777506148761E-02,-0.1792374479281E-03,-0.2480421259454E-02
-0.5606118708919E-03, 0.4799860379773E-02, 0.2657545623344E-03,-0.1636602710453E-02, 0.3450377861856E-02,-0.8480573210646E-04, 0.7668341723017E-02, 0.1071323917387E-02,-0.1482114870807E-02
-0.7893198227909E-03, 0.4817923003210E-02, 0.1243101685198E-03,-0.1875544004071E-02, 0.3180889655683E-02,-0.3061448525327E-03, 0.7319651919605E-02, 0.1094029788496E-02,-0.1417118532527E-02
-0.1040066693794E-02, 0.4612847150101E-02,-0.2721940549169E-04,-0.2030426360596E-02, 0.2919192538172E-02,-0.5433052863337E-03, 0.6987445229130E-02, 0.8719644251877E-03,-0.1557364810858E-02
-0.1278994602717E-02, 0.4303036388085E-02,-0.1966044286807E-03,-0.2148661612945E-02, 0.2691630489756E-02,-0.7598770201606E-03, 0.6687716958987E-02, 0.5567322576448E-03,-0.1793482261751E-02
-0.1279338429627E-02, 0.4303759790378E-02,-0.1999003758850E-03,-0.2123680130958E-02, 0.2719308034710E-02,-0.7663136054552E-03, 0.6725257692260E-02, 0.5719317072936E-03,-0.1825337393159E-02
-0.1585962009583E-02, 0.3842824407887E-02,-0.6200218985142E-03,-0.2464838136787E-02, 0.2444287521952E-02,-0.9856143344972E-03, 0.6249676909273E-02, 0.2531852305822E-03,-0.2115844905024E-02
-0.1643034948660E-02, 0.3736111257560E-02,-0.6911845041313E-03,-0.2560796993449E-02, 0.2283906743813E-02,-0.1046262536147E-02, 0.6143040840513E-02, 0.1576294294995E-03,-0.2174807504304E-02
-0.1705617390825E-02, 0.3598020190024E-02,-0.7872379395496E-03,-0.2651168167329E-02, 0.2091233929421E-02,-0.1170065983289E-02, 0.6026924172009E-02, 0.4882954329973E-04,-0.2258358355670E-02
-0.1826046845573E-02, 0.3343321347483E-02,-0.9971233917698E-03,-0.2762825598969E-02, 0.1860404698707E-02,-0.1430501337802E-02, 0.5838024475904E-02,-0.1112563480792E-03,-0.2436048009366E-02
-0.4963223665884E-03, 0.4860037668990E-02, 0.3188785602335E-03,-0.1579856178209E-02, 0.3524320573155E-02,-0.8435228976565E-06, 0.7725038571780E-02, 0.1138477485912E-02,-0.1427424857950E-02
-0.7248341334576E-03, 0.4878431558524E-02, 0.1775272533866E-03,-0.1818883966340E-02, 0.3255628833473E-02,-0.2218843543473E-03, 0.7377734649256E-02, 0.1161137296946E-02,-0.1362675175681E-02
-0.9755727236702E-03, 0.4673901452561E-02, 0.2589790992915E-04,-0.1974132702625E-02, 0.2994531399289E-02,-0.4589635457345E-03, 0.7046876934531E-02, 0.9392039402891E-03,-0.1503114721123E-02
-0.1214635135186E-02, 0.4364669622248E-02,-0.1436781131692E-03,-0.2092860669005E-02, 0.2767360702305E-02,-0.6756244894964E-03, 0.6748326702665E-02, 0.6241304722010E-03,-0.1739411553201E-02
-0.1214961296968E-02, 0.4365584707154E-02,-0.1469456928098E-03,-0.2067881699309E-02, 0.2795079484416E-02,-0.6820310691225E-03, 0.6785996306037E-02, 0.6393491660996E-03,-0.1771214593508E-02
-0.1522119413968E-02, 0.3904989873168E-02,-0.5673447704102E-03,-0.2409787419819E-02, 0.2520129246755E-02,-0.9018652038923E-03, 0.6311593787747E-02, 0.3203754267743E-03,-0.2062249312967E-02
-0.1579496971845E-02, 0.3798233949322E-02,-0.6387451685321E-03,-0.2506064332137E-02, 0.2359782926837E-02,-0.9628074335611E-03, 0.6205154170658E-02, 0.2245103334969E-03,-0.2121488770903E-02
-0.1642434595702E-02, 0.3660102441487E-02,-0.7350694330453E-03,-0.2596825275457E-02, 0.2167164102010E-02,-0.1086910708700E-02, 0.6089245703165E-02, 0.1159314825891E-03,-0.2205345575872E-02
-0.1763284625779E-02, 0.3405521686329E-02,-0.9452269289926E-03,-0.2709026504579E-02, 0.1936433689662E-02,-0.1347634877175E-02, 0.5900803327277E-02,-0.4290265888962E-04,-0.2383372449124E-02
-0.4021864633756E-03, 0.4953249609663E-02, 0.4097703108924E-03,-0.1471354422187E-02, 0.3645700570913E-02, 0.9398291647012E-04, 0.7798651519150E-02, 0.1221627839723E-02,-0.1328450752893E-02
-0.6304316868050E-03, 0.4972149322022E-02, 0.2684876592853E-03,-0.1710788771784E-02, 0.3378136453588E-02,-0.1265165555626E-03, 0.7453429578261E-02, 0.1244348818006E-02,-0.1264084846791E-02
-0.8812317142705E-03, 0.4768245626029E-02, 0.1165927742060E-03,-0.1866788652874E-02, 0.3117790525566E-02,-0.3633922548921E-03, 0.7124385112782E-02, 0.1022601225114E-02,-0.1404963504203E-02
-0.1120585895009E-02, 0.4459593130138E-02,-0.5341464043214E-04,-0.1986426108519E-02, 0.2891024451548E-02,-0.5801094270553E-03, 0.6827291409438E-02, 0.7076858683318E-03,-0.1641742581460E-02
-0.1120877188563E-02, 0.4460939467288E-02,-0.5660570146263E-04,-0.1961416475223E-02, 0.2918896347797E-02,-0.5864605204835E-03, 0.6865280759009E-02, 0.7229858477832E-03,-0.1673475731600E-02
-0.1428954113250E-02, 0.4000260172484E-02,-0.4777682427312E-03,-0.2304901915717E-02, 0.2643678524339E-02,-0.8069291720313E-03, 0.6392049436056E-02, 0.4035550922382E-03,-0.1965625420846E-02
-0.1486809865279E-02, 0.3893325050596E-02,-0.5496136499666E-03,-0.2401803013319E-02, 0.2483264681221E-02,-0.8682282738723E-03, 0.6285839113169E-02, 0.3073069350910E-03,-0.2025379703874E-02
-0.1550310852731E-02, 0.3754962116024E-02,-0.6464570645639E-03,-0.2493298264606E-02, 0.2290572961511E-02,-0.9926965879546E-03, 0.6170119919110E-02, 0.1987842540898E-03,-0.2109820695190E-02
-0.1671855180717E-02, 0.3500234830784E-02,-0.8572126890016E-03,-0.2606501687840E-02, 0.2059765397524E-02,-0.1253766408783E-02, 0.5982054868600E-02, 0.4087254089395E-04,-0.2288556994342E-02
-0.8246020852306E-03, 0.5486948079286E-02, 0.3715591486588E-03,-0.2013675780288E-02, 0.3997680815274E-02,-0.1317634205142E-03,-0.1547429742537E-02, 0.1372463953708E-02,-0.1670093091411E-02
-0.1061004668966E-02, 0.5491089294956E-02, 0.2234667099713E-03,-0.2254480325985E-02, 0.3710758849027E-02,-0.3613460079259E-03,-0.1761777616165E-02, 0.1389715659115E-02,-0.1604015014911E-02
-0.1315252777161E-02, 0.5270192570316E-02, 0.6799634966708E-04,-0.2407338414825E-02, 0.3435139822348E-02,-0.6041504003400E-03,-0.1989402366755E-02, 0.1158873337762E-02,-0.1745048454773E-02
-0.1555209186955E-02, 0.4944227787185E-02,-0.1044227672957E-03,-0.2522063226429E-02, 0.3196448718798E-02,-0.8244965569484E-03,-0.2199657940773E-02, 0.8340172964257E-03,-0.1982953328794E-02
-0.1552742104438E-02, 0.4949450916742E-02,-0.1044588231452E-03,-0.2494316328923E-02, 0.3228180297882E-02,-0.8280490321594E-03,-0.2212684461472E-02, 0.8526691960119E-03,-0.2012884767015E-02
-0.1863698019893E-02, 0.4456973572738E-02,-0.5383906113640E-03,-0.2836365736410E-02, 0.2932350215327E-02,-0.1055093999516E-02,-0.2445477344951E-02, 0.5185852808989E-03,-0.2308417050500E-02
-0.1920478083911E-02, 0.4341996050161E-02,-0.6118893592774E-03,-0.2931623021153E-02, 0.2763720069639E-02,-0.1117283195550E-02,-0.2471381362882E-02, 0.4162230270532E-03,-0.2367542112695E-02
-0.1982410603878E-02, 0.4194911112274E-02,-0.7104265659025E-03,-0.3020628721567E-02, 0.2562045100620E-02,-0.1243576054681E-02,-0.2533247581418E-02, 0.3119059485304E-03,-0.2451345845421E-02
-0.2102092097981E-02, 0.3927313405273E-02,-0.9245236623333E-03,-0.3129641134531E-02, 0.2320832137750E-02,-0.1508605086861E-02,-0.2706550493088E-02, 0.1764910498636E-03,-0.2630140650904E-02
-0.6908667740488E-03, 0.5595224457317E-02, 0.4942847667781E-03,-0.1889261927552E-02, 0.4114462600832E-02, 0.7117857324948E-05,-0.1438067824931E-02, 0.1476076024557E-02,-0.1627517767741E-02
-0.9278212145781E-03, 0.5599692460434E-02, 0.3456326686480E-03,-0.2131166110636E-02, 0.3828402398293E-02,-0.2226408532392E-03,-0.1652679575106E-02, 0.1492905032061E-02,-0.1562154117013E-02
-0.1183105266541E-02, 0.5379094049147E-02, 0.1891309992297E-03,-0.2285608667389E-02, 0.3553166602696E-02,-0.4661030734102E-03,-0.1881044619703E-02, 0.1261727130388E-02,-0.1703872735910E-02
-0.1424324852609E-02, 0.5053377974898E-02, 0.1551689288090E-04,-0.2402071084075E-02, 0.3314514305155E-02,-0.6873663520893E-03,-0.2092289738737E-02, 0.9365393253728E-03,-0.1942410306914E-02
-0.1421806116772E-02, 0.5058886895685E-02, 0.1561770465933E-04,-0.2374303547180E-02, 0.3346449725263E-02,-0.6908273566026E-03,-0.2105258724400E-02, 0.9553435035631E-03,-0.1972252031644E-02
-0.1734994317759E-02, 0.4566387843288E-02,-0.4201000931772E-03,-0.2718981442301E-02, 0.3049996568700E-02,-0.9196862805760E-03,-0.2339927320175E-02, 0.6201220286513E-03,-0.2268889035167E-02
-0.1792633299775E-02, 0.4451264957889E-02,-0.4943034413658E-03,-0.2815154556868E-02, 0.2881328774714E-02,-0.9825530740448E-03,-0.2366559169744E-02, 0.5172614556641E-03,-0.2328439334084E-02
-0.1855597999859E-02, 0.4303933803585E-02,-0.5937026302422E-03,-0.2905260316005E-02, 0.2679559491056E-02,-0.1109611017644E-02,-0.2429260829038E-02, 0.4126706555759E-03,-0.2412754747953E-02
-0.1976730581844E-02, 0.4036052088492E-02,-0.8089971127425E-03,-0.3015889235413E-02, 0.2438067063356E-02,-0.1375650059359E-02,-0.2603678125923E-02, 0.2773779203741E-03,-0.2592253645593E-02
-0.5378598343713E-03, 0.5728695939008E-02, 0.6376737165854E-03,-0.1747227348822E-02, 0.4238127620809E-02, 0.1269348603350E-03,-0.1339137694181E-02, 0.1573057016983E-02,-0.1531470387963E-02
-0.7751519908966E-03, 0.5733846357029E-02, 0.4886928318342E-03,-0.1990102576560E-02, 0.3953385567502E-02,-0.1025370488582E-03,-0.1553613294081E-02, 0.1589816186015E-02,-0.1466804199981E-02
-0.1031271480916E-02, 0.5513862631293E-02, 0.3313417155878E-03,-0.2146031529117E-02, 0.3678896818282E-02,-0.3462267699469E-03,-0.1782343762003E-02, 0.1358595328881E-02,-0.1609309161742E-02
-0.1273596988563E-02, 0.5188632342375E-02, 0.1566620221960E-03,-0.2264170469951E-02, 0.3440553781664E-02,-0.5680352766540E-03,-0.1994248448432E-02, 0.1033303217670E-02,-0.1848657772699E-02
-0.1271020889100E-02, 0.5194547286552E-02, 0.1569101256474E-03,-0.2236377297118E-02, 0.3472745803179E-02,-0.5714052909990E-03,-0.2007166897526E-02, 0.1052276177520E-02,-0.1878411223880E-02
-0.1586380793268E-02, 0.4701982397298E-02,-0.2805164786246E-03,-0.2583703370278E-02, 0.3175874480290E-02,-0.8016125418150E-03,-0.2243257878733E-02, 0.7161403213633E-03,-0.2176575940015E-02
-0.1644899520836E-02, 0.4586680435111E-02,-0.3554580404146E-03,-0.2680833990675E-02, 0.3007214921066E-02,-0.8650315918657E-03,-0.2270496697875E-02, 0.6128875577952E-03,-0.2236749288676E-02
-0.1708909308369E-02, 0.4439058070821E-02,-0.4557526855997E-03,-0.2772083297090E-02, 0.2805396127636E-02,-0.9927007492129E-03,-0.2333895779307E-02, 0.5079265332887E-03,-0.2321798587274E-02
-0.1831465038232E-02, 0.4170863497676E-02,-0.6722390710363E-03,-0.2884358218921E-02, 0.2563708628616E-02,-0.1259492385594E-02,-0.2509208267750E-02, 0.3723117098474E-03,-0.2502273665760E-02
-0.3869081143445E-03, 0.5864657681912E-02, 0.7798700454671E-03,-0.1610110393257E-02, 0.4351674464821E-02, 0.2282847453765E-03,-0.1245584800339E-02, 0.1666899570300E-02,-0.1409609768248E-02
-0.6243653412380E-03, 0.5870619342827E-02, 0.6307357013937E-03,-0.1853753913722E-02, 0.4068421717292E-02,-0.6534803301768E-06,-0.1459729829572E-02, 0.1683743648869E-02,-0.1345583889596E-02
-0.8811028663160E-03, 0.5651421553574E-02, 0.4727371816387E-03,-0.2010949963095E-02, 0.3794861901133E-02,-0.2442922029901E-03,-0.1688605914389E-02, 0.1452646187912E-02,-0.1488868660662E-02
-0.1124316380714E-02, 0.5326841299281E-02, 0.2971877116883E-03,-0.2130555916536E-02, 0.3556999189780E-02,-0.4663731703181E-03,-0.1900955328214E-02, 0.1127405341978E-02,-0.1729060086874E-02
-0.1121686336452E-02, 0.5333188922428E-02, 0.2975715154470E-03,-0.2102740949372E-02, 0.3589442754637E-02,-0.4696619704633E-03,-0.1913823279813E-02, 0.1146533658440E-02,-0.1758732544529E-02
-0.1438954142015E-02, 0.4840641336088E-02,-0.1413111768546E-03,-0.2452427036250E-02, 0.3292381775242E-02,-0.7008288298380E-03,-0.2151043236574E-02, 0.8096861133768E-03,-0.2058546926462E-02
-0.1498281551473E-02, 0.4725173077510E-02,-0.2169350357132E-03,-0.2550435166733E-02, 0.3123777608510E-02,-0.7646840869572E-03,-0.2178803178339E-02, 0.7060802821240E-03,-0.2119412348747E-02
-0.1563244395240E-02, 0.4577287989945E-02,-0.3180504635801E-03,-0.2642732186017E-02, 0.2921966561440E-02,-0.8928220323966E-03,-0.2242798550858E-02, 0.6008394111365E-03,-0.2205268296309E-02
-0.1687064984642E-02, 0.4308857590145E-02,-0.5355889299180E-03,-0.2756498475390E-02, 0.2680191203509E-02,-0.1160140968717E-02,-0.2418847933409E-02, 0.4651103290891E-03,-0.2386796661858E-02
-0.3802196849322E-03, 0.5849148677966E-02, 0.7811140540557E-03,-0.1598369633211E-02, 0.4340575159438E-02, 0.2216050059050E-03,-0.1242627425677E-02, 0.1655685000045E-02,-0.1396621771631E-02
-0.6176736700594E-03, 0.5855812071968E-02, 0.6319275326633E-03,-0.1842107312228E-02, 0.4057472483923E-02,-0.7289623762893E-05,-0.1456716737531E-02, 0.1672503207177E-02,-0.1332721242775E-02
-0.8744399372627E-03, 0.5637107286715E-02, 0.4739276523324E-03,-0.1999430353561E-02, 0.3784186089260E-02,-0.2508705193989E-03,-0.1685558749484E-02, 0.1441539009288E-02,-0.1476113255840E-02
-0.1117691399983E-02, 0.5312928258161E-02, 0.2984263157523E-03,-0.2119166425925E-02, 0.3546659061703E-02,-0.4728817496802E-03,-0.1897891355675E-02, 0.1116515763264E-02,-0.1716391065521E-02
-0.1115112226410E-02, 0.5318401301176E-02, 0.2986785716029E-03,-0.2091377788545E-02, 0.3578804661358E-02,-0.4762412275237E-03,-0.1910759242497E-02, 0.1135472186922E-02,-0.1746092326260E-02
-0.1432341565741E-02, 0.4827723214965E-02,-0.1398331153982E-03,-0.2441188338613E-02, 0.3282655452909E-02,-0.7071714888874E-03,-0.2147979927321E-02, 0.7991855543534E-03,-0.2045977093515E-02
-0.1491668150933E-02, 0.4712653160618E-02,-0.2153759553695E-03,-0.2539239091188E-02, 0.3114316567801E-02,-0.7709479430790E-03,-0.2175797231268E-02, 0.6958123292302E-03,-0.2106877145715E-02
-0.1556632390866E-02, 0.4565253173845E-02,-0.3163877349207E-03,-0.2631590985856E-02, 0.2912837962619E-02,-0.8989811010366E-03,-0.2239839028727E-02, 0.5905219724026E-03,-0.2192773207534E-02
-0.1680461775439E-02, 0.4297509571700E-02,-0.5337635965387E-03,-0.2745449981072E-02, 0.2671533387660E-02,-0.1166147698291E-02,-0.2415887180772E-02, 0.4542306954262E-03,-0.2374358767089E-02
-0.1764777258283E-03, 0.6053232581564E-02, 0.9732610300004E-03,-0.1440782748253E-02, 0.4480407983411E-02, 0.3779717889961E-03,-0.1054392523588E-02, 0.1859139916850E-02,-0.1199084073695E-02
-0.4139131372568E-03, 0.6060296014385E-02, 0.8241235670878E-03,-0.1685057961619E-02, 0.4199506401163E-02, 0.1499774069782E-03,-0.1268115576035E-02, 0.1875825612846E-02,-0.1136006591889E-02
-0.6711669343013E-03, 0.5842603365827E-02, 0.6655170944087E-03,-0.1843645400145E-02, 0.3927622396728E-02,-0.9333113075647E-04,-0.1497243732348E-02, 0.1644968906267E-02,-0.1280400591340E-02
-0.9152600772086E-03, 0.5519524620031E-02, 0.4890811353601E-03,-0.1964963121746E-02, 0.3690835966656E-02,-0.3155352236473E-03,-0.1710298631468E-02, 0.1320009761272E-02,-0.1521786703307E-02
-0.9125689163500E-03, 0.5526443261565E-02, 0.4896135039940E-03,-0.1937151443378E-02, 0.3723536170204E-02,-0.3187281050556E-03,-0.1723037867726E-02, 0.1339288803410E-02,-0.1551342374296E-02
-0.1232048241598E-02, 0.5034688773281E-02, 0.4927885174249E-04,-0.2289461645815E-02, 0.3426875815808E-02,-0.5509556726544E-03,-0.1962275213896E-02, 0.1001544012676E-02,-0.1853617789822E-02
-0.1292412258979E-02, 0.4919112240574E-02,-0.2718373221618E-04,-0.2388498122239E-02, 0.3258529005932E-02,-0.6153723607302E-03,-0.1990959920518E-02, 0.8970813920855E-03,-0.1915559274430E-02
-0.1358585367394E-02, 0.4771081087706E-02,-0.1292841138283E-03,-0.2482045772170E-02, 0.3056955025041E-02,-0.7440663856440E-03,-0.2055992032346E-02, 0.7922994851082E-03,-0.2002649055220E-02
-0.1483939417524E-02, 0.4502833654222E-02,-0.3479699202590E-03,-0.2597594368548E-02, 0.2815416862099E-02,-0.1011892518238E-02,-0.2233283895584E-02, 0.6595737001003E-03,-0.2185735383653E-02
-0.1165708842366E-03, 0.6105049003835E-02, 0.1018762640608E-02,-0.1400748555177E-02, 0.4529922111995E-02, 0.4546743839460E-03,-0.9883048064501E-03, 0.1924826653376E-02,-0.1152838384221E-02
-0.3538370054542E-03, 0.6112492934161E-02, 0.8697726514102E-03,-0.1644994627959E-02, 0.4249847869839E-02, 0.2269608414832E-03,-0.1201804669560E-02, 0.1941458575739E-02,-0.1089973800210E-02
-0.6110623382423E-03, 0.5895473587573E-02, 0.7111644512505E-03,-0.1803824913969E-02, 0.3978654744377E-02,-0.1623983895118E-04,-0.1430905123354E-02, 0.1710796854983E-02,-0.1234503116133E-02
-0.8552412947744E-03, 0.5573143745929E-02, 0.5346558411411E-03,-0.1925506108169E-02, 0.3742387963625E-02,-0.2384798059364E-03,-0.1644081202481E-02, 0.1386094062909E-02,-0.1475997006220E-02
-0.8525422707973E-03, 0.5580225674393E-02, 0.5352037813191E-03,-0.1897715877277E-02, 0.3775095641904E-02,-0.2416541692907E-03,-0.1656766826808E-02, 0.1405375107159E-02,-0.1505510749774E-02
-0.1172437727764E-02, 0.5089163704894E-02, 0.9480859512314E-04,-0.2250488000993E-02, 0.3478814348306E-02,-0.4742861938767E-03,-0.1896560375336E-02, 0.1067575552009E-02,-0.1808161205807E-02
-0.1233056597850E-02, 0.4973638219723E-02, 0.1818696559521E-04,-0.2349738564927E-02, 0.3310616735572E-02,-0.5389424986127E-03,-0.1925531149271E-02, 0.9628501366182E-03,-0.1870319315801E-02
-0.1299524814161E-02, 0.4825692393826E-02,-0.8409112285754E-04,-0.2443561953916E-02, 0.3109225168780E-02,-0.6678663246667E-03,-0.1990873270644E-02, 0.8583939667506E-03,-0.1957645611683E-02
-0.1425219059570E-02, 0.4557778703985E-02,-0.3029190111692E-03,-0.2559507977991E-02, 0.2867949584922E-02,-0.9358817576445E-03,-0.2168499656280E-02, 0.7271420565195E-03,-0.2140978227768E-02
-0.5230175337214E-04, 0.6163937246308E-02, 0.1071414835551E-02,-0.1343487473570E-02, 0.4602232635075E-02, 0.5383839191429E-03,-0.9237673161368E-03, 0.1991246131118E-02,-0.1097797306848E-02
-0.2892899190162E-03, 0.6171742194855E-02, 0.9226357904472E-03,-0.1587766638819E-02, 0.4323123901836E-02, 0.3110542142344E-03,-0.1136924154324E-02, 0.2007921956990E-02,-0.1035139837031E-02
-0.5464237882984E-03, 0.5955441583942E-02, 0.7640462658900E-03,-0.1746913225176E-02, 0.4052706623043E-02, 0.6802955879091E-04,-0.1365900145545E-02, 0.1777526583111E-02,-0.1179808566630E-02
-0.7906596287252E-03, 0.5633923280901E-02, 0.5874571829123E-03,-0.1869041856757E-02, 0.3816993337778E-02,-0.1542090837949E-03,-0.1579122326553E-02, 0.1453125045116E-02,-0.1421424979691E-02
-0.7879459410809E-03, 0.5641384733081E-02, 0.5880422918498E-03,-0.1841261393293E-02, 0.3849758674436E-02,-0.1573531640684E-03,-0.1591755420131E-02, 0.1472435621682E-02,-0.1450888118755E-02
-0.1108262293039E-02, 0.5150785067756E-02, 0.1475240258282E-03,-0.2194703752063E-02, 0.3553728904160E-02,-0.3904044768239E-03,-0.1832013404949E-02, 0.1134563619322E-02,-0.1753986792376E-02
-0.1169155116782E-02, 0.5035261467308E-02, 0.7070683962483E-04,-0.2294252766353E-02, 0.3385646584487E-02,-0.4553216854692E-03,-0.1861249413567E-02, 0.1029584315588E-02,-0.1816402218866E-02
-0.1235943899543E-02, 0.4887333905536E-02,-0.3179340714022E-04,-0.2388444190383E-02, 0.3184401566305E-02,-0.5844973459948E-03,-0.1926878317931E-02, 0.9253887291036E-03,-0.1904010606804E-02
-0.1362004864790E-02, 0.4619676658387E-02,-0.2508137060575E-03,-0.2504900798140E-02, 0.2943346877166E-02,-0.8527155412455E-03,-0.2104799555137E-02, 0.7954139432217E-03,-0.2087639417202E-02
 0.4225556005307E-04, 0.6256436687909E-02, 0.1162177493910E-02,-0.1233764522320E-02, 0.4721863163878E-02, 0.6334260632023E-03,-0.8471885121477E-03, 0.2074164624361E-02,-0.9978557217514E-03
-0.1943436768721E-03, 0.6264653760154E-02, 0.1013645949497E-02,-0.1478358181390E-02, 0.4444135856275E-02, 0.4067559834910E-03,-0.1059798713610E-02, 0.2091042579915E-02,-0.9355258951386E-03
-0.4514191340815E-03, 0.6049191028089E-02, 0.8549596814473E-03,-0.1638176034154E-02, 0.4174716631061E-02, 0.1640552640781E-03,-0.1288557781295E-02, 0.1861001130438E-02,-0.1080550857382E-02
-0.6958382316904E-03, 0.5728594798989E-02, 0.6780911406941E-03,-0.1761145247225E-02, 0.3939625317739E-02,-0.5812980108751E-04,-0.1501810458782E-02, 0.1536921672324E-02,-0.1322560379288E-02
-0.6930866318290E-03, 0.5736875300397E-02, 0.6787805689643E-03,-0.1733344209568E-02, 0.3972596556463E-02,-0.6120828882614E-04,-0.1514387540815E-02, 0.1556346639429E-02,-0.1351949496069E-02
-0.1014177028567E-02, 0.5246187078795E-02, 0.2376970448100E-03,-0.2088246420743E-02, 0.3676505744781E-02,-0.2947677928823E-03,-0.1755175617473E-02, 0.1218174315757E-02,-0.1656052185315E-02
-0.1075508958263E-02, 0.5130526735847E-02, 0.1604902490049E-03,-0.2188391563102E-02, 0.3508469126668E-02,-0.3600037075320E-03,-0.1784728561230E-02, 0.1112873910048E-02,-0.1718956840629E-02
-0.1142817872154E-02, 0.4982420898410E-02, 0.5753266883615E-04,-0.2283287328280E-02, 0.3307275951988E-02,-0.4894938801575E-03,-0.1850707782169E-02, 0.1008776760372E-02,-0.1807117281070E-02
-0.1269505242761E-02, 0.4714763687043E-02,-0.1619839100375E-03,-0.2400699405591E-02, 0.3066297219132E-02,-0.7579705448644E-03,-0.2028997805973E-02, 0.8797486724621E-03,-0.1991395969336E-02
-0.2706880692457E-03,-0.3093434040238E-02, 0.1242899498034E-02,-0.1680843405774E-02, 0.5203315089865E-02, 0.5187448993642E-03,-0.1407364264456E-02, 0.2344555172754E-02,-0.1240166344923E-02
-0.5179557158495E-03,-0.3038564232983E-02, 0.1085114844673E-02,-0.1928317735769E-02, 0.4903351108463E-02, 0.2812415471653E-03,-0.1625958531963E-02, 0.2353992201863E-02,-0.1177353014150E-02
-0.7804200080936E-03,-0.3206380753930E-02, 0.9205543869013E-03,-0.2086305847720E-02, 0.4615904761290E-02, 0.3089957784023E-04,-0.1857808534901E-02, 0.2112497586108E-02,-0.1323856853652E-02
-0.1027002889781E-02,-0.3459205231506E-02, 0.7391310216661E-03,-0.2205539677667E-02, 0.4366385753267E-02,-0.1965140855077E-03,-0.2072082186117E-02, 0.1776110245857E-02,-0.1568314343002E-02
-0.1021216539483E-02,-0.3464608179614E-02, 0.7430594149467E-03,-0.2174646543594E-02, 0.4403118082808E-02,-0.1965677572503E-03,-0.2083087766322E-02, 0.1798921395317E-02,-0.1595635771055E-02
-0.1348212196698E-02,-0.3669164570265E-02, 0.2853471565888E-03,-0.2530672235699E-02, 0.4082768574349E-02,-0.4394888018591E-03,-0.2324572084776E-02, 0.1442813073349E-02,-0.1905636189545E-02
-0.1409414157681E-02,-0.3715985554325E-02, 0.2053337351963E-03,-0.2629968900777E-02, 0.3905018371053E-02,-0.5065458707290E-03,-0.2352294641716E-02, 0.1329751075916E-02,-0.1968685157333E-02
-0.1476171062817E-02,-0.3827783767583E-02, 0.9940532600682E-04,-0.2723220970320E-02, 0.3693207482480E-02,-0.6389600371776E-03,-0.2416646273603E-02, 0.1230290641517E-02,-0.2057067182480E-02
-0.1602350466458E-02,-0.4082371474601E-02,-0.1253135674006E-03,-0.2837529804643E-02, 0.3439761201594E-02,-0.9129642690414E-03,-0.2594359982840E-02, 0.1127839648019E-02,-0.2242588035747E-02
-0.1385190509082E-03,-0.2964590429582E-02, 0.1363515286886E-02,-0.1556390190370E-02, 0.5316039860539E-02, 0.6559146531910E-03,-0.1297264480212E-02, 0.2445811127811E-02,-0.1198058976032E-02
-0.3861400705006E-03,-0.2911641592950E-02, 0.1205412318956E-02,-0.1804839562483E-02, 0.5017267649074E-02, 0.4184122175314E-03,-0.1516073172890E-02, 0.2455004227500E-02,-0.1135854660441E-02
-0.6494560102037E-03,-0.3081591149565E-02, 0.1040053905566E-02,-0.1964305050816E-02, 0.4730534405247E-02, 0.1676027538738E-03,-0.1748614158770E-02, 0.2213413833297E-02,-0.1282953059977E-02
-0.8971374253641E-03,-0.3336541632923E-02, 0.8576529485754E-03,-0.2085183453798E-02, 0.4481356942793E-02,-0.6054700279552E-04,-0.1963830852859E-02, 0.1876942323963E-02,-0.1527966971612E-02
-0.8912864963210E-03,-0.3341939876688E-02, 0.8617522968511E-03,-0.2054264609548E-02, 0.4518348936887E-02,-0.6048809343383E-04,-0.1974782336594E-02, 0.1899939911304E-02,-0.1555184814632E-02
-0.1220278903443E-02,-0.3549855513839E-02, 0.4025750112468E-03,-0.2412766197418E-02, 0.4197736616952E-02,-0.3050004552238E-03,-0.2218065025697E-02, 0.1542965474945E-02,-0.1866192519068E-02
-0.1282264492792E-02,-0.3597983011564E-02, 0.3219513698651E-03,-0.2512929172235E-02, 0.4020106435940E-02,-0.3726580064861E-03,-0.2246484348473E-02, 0.1429521549748E-02,-0.1929629213562E-02
-0.1349973210965E-02,-0.3710708303578E-02, 0.2152664900233E-03,-0.2607231186881E-02, 0.3808376474882E-02,-0.5057364502429E-03,-0.2311638395134E-02, 0.1329843149888E-02,-0.2018484812187E-02
-0.1477489979428E-02,-0.3965744456965E-02,-0.1048322076492E-04,-0.2723090719723E-02, 0.3554881907787E-02,-0.7805860433410E-03,-0.2490427090419E-02, 0.1227482169712E-02,-0.2204661532660E-02
 0.1341730788972E-04,-0.2817706195202E-02, 0.1504989390066E-02,-0.1413998346493E-02, 0.5436014053538E-02, 0.7745041783482E-03,-0.1197448366516E-02, 0.2540987474713E-02,-0.1102090575334E-02
-0.2343232850526E-03,-0.2766576705403E-02, 0.1346837972247E-02,-0.1663271183016E-02, 0.5138917156213E-02, 0.5374721899019E-03,-0.1416064430783E-02, 0.2550319551644E-02,-0.1040480119181E-02
-0.4982676346854E-03,-0.2938751288913E-02, 0.1180894150304E-02,-0.1824096288013E-02, 0.4853278820849E-02, 0.2866233121691E-03,-0.1648910002241E-02, 0.2308929733007E-02,-0.1188246765010E-02
-0.7468687269259E-03,-0.3196010809047E-02, 0.9976698955179E-03,-0.1946541949802E-02, 0.4604722144415E-02, 0.5810264671586E-04,-0.1864729110583E-02, 0.1972591410924E-02,-0.1433955567020E-02
-0.7409453658774E-03,-0.3201396378966E-02, 0.1001961457544E-02,-0.1915595904195E-02, 0.4642032598698E-02, 0.5827737347088E-04,-0.1875625555751E-02, 0.1995808278597E-02,-0.1461068763496E-02
-0.1071853082898E-02,-0.3412908112447E-02, 0.5414279725340E-03,-0.2276568097042E-02, 0.4321346156212E-02,-0.1873736410892E-03,-0.2120264056696E-02, 0.1638162824904E-02,-0.1773459856381E-02
-0.1134640207657E-02,-0.3462489389552E-02, 0.4601674516398E-03,-0.2377635314864E-02, 0.4143888466219E-02,-0.2555106486209E-03,-0.2149281165192E-02, 0.1524436900892E-02,-0.1837475071252E-02
-0.1203310383772E-02,-0.3576121722250E-02, 0.3527000584956E-03,-0.2473026264193E-02, 0.3932286888385E-02,-0.3891106680882E-03,-0.2215116723296E-02, 0.1424439143329E-02,-0.1927014775836E-02
-0.1332128426372E-02,-0.3831277089533E-02, 0.1259404186152E-03,-0.2590456671558E-02, 0.3678818354776E-02,-0.6645715266284E-03,-0.2394759750494E-02, 0.1321721492557E-02,-0.2114090802320E-02
 0.1636306234680E-03,-0.2672817684033E-02, 0.1645506305333E-02,-0.1276392875680E-02, 0.5546402609336E-02, 0.8749646654300E-03,-0.1102923153813E-02, 0.2633341732044E-02,-0.9800914415369E-03
-0.8406445570357E-04,-0.2623299968549E-02, 0.1487480192681E-02,-0.1526287646927E-02, 0.5251134412397E-02, 0.6386392492337E-03,-0.1321152011641E-02, 0.2642965124404E-02,-0.9190291783065E-03
-0.3484237253122E-03,-0.2797537777580E-02, 0.1321150138047E-02,-0.1688253092146E-02, 0.4966752603554E-02, 0.3880148692040E-03,-0.1554080594234E-02, 0.2401934880352E-02,-0.1067450399246E-02
-0.5977288387396E-03,-0.3056977975947E-02, 0.1137294910301E-02,-0.1812056364714E-02, 0.4718966605673E-02, 0.1593806846067E-03,-0.1770285595331E-02, 0.2065875696320E-02,-0.1313869873270E-02
-0.5917379663608E-03,-0.3062346897124E-02, 0.1141767383657E-02,-0.1781089664191E-02, 0.4756587081694E-02, 0.1596599228084E-03,-0.1781126146765E-02, 0.2089300036456E-02,-0.1340886463533E-02
-0.9243032105770E-03,-0.3277252999969E-02, 0.6801240109428E-03,-0.2144245005396E-02, 0.4436019734268E-02,-0.8676046122800E-04,-0.2026831627983E-02, 0.1731169294056E-02,-0.1654762656228E-02
-0.9878249880315E-03,-0.3328245032325E-02, 0.5982788078516E-03,-0.2246138884257E-02, 0.4258769592735E-02,-0.1552682868171E-03,-0.2056368425070E-02, 0.1617192916644E-02,-0.1719423955692E-02
-0.1057368702553E-02,-0.3442677799120E-02, 0.4900997796089E-03,-0.2342524756123E-02, 0.4047338786565E-02,-0.2892591192110E-03,-0.2122790635487E-02, 0.1516964977570E-02,-0.1809716291930E-02
-0.1187333511172E-02,-0.3697704591009E-02, 0.2624664340571E-03,-0.2461371836490E-02, 0.3793980170195E-02,-0.5651265871775E-03,-0.2303130428847E-02, 0.1414108393731E-02,-0.1997755488530E-02
 0.1683332888458E-03,-0.2660707661678E-02, 0.1644174297689E-02,-0.1266132784426E-02, 0.5532168420553E-02, 0.8661962912680E-03,-0.1101074776724E-02, 0.2619490267412E-02,-0.9687716837172E-03
-0.7933290483075E-04,-0.2611351871186E-02, 0.1486129400660E-02,-0.1516114844636E-02, 0.5237106208623E-02, 0.6299245251204E-03,-0.1319250957642E-02, 0.2629122334396E-02,-0.9078385532713E-03
-0.3436889106324E-03,-0.2785757106715E-02, 0.1319854836511E-02,-0.1678193931040E-02, 0.4953082793813E-02, 0.3793851916161E-03,-0.1552153633574E-02, 0.2388284257646E-02,-0.1056348745908E-02
-0.5929962484293E-03,-0.3045355344620E-02, 0.1136116686591E-02,-0.1802108603073E-02, 0.4705732219196E-02, 0.1508575435277E-03,-0.1768348465144E-02, 0.2052512766590E-02,-0.1302823854206E-02
-0.5870780702126E-03,-0.3050757102930E-02, 0.1140416452177E-02,-0.1771181113623E-02, 0.4743012615003E-02, 0.1510383895589E-03,-0.1779203350434E-02, 0.2075712966065E-02,-0.1329883209611E-02
-0.9195109994903E-03,-0.3265858732972E-02, 0.6793139548329E-03,-0.2134398941757E-02, 0.4423585762833E-02,-0.9504568530987E-04,-0.2024877237686E-02, 0.1718316459266E-02,-0.1643755188106E-02
-0.9830055978469E-03,-0.3316952824689E-02, 0.5975888667329E-03,-0.2236315683669E-02, 0.4246647958992E-02,-0.1634473769757E-03,-0.2054426640142E-02, 0.1604621604944E-02,-0.1708429072171E-02
-0.1052518611412E-02,-0.3431449984032E-02, 0.4895643239667E-03,-0.2332733856645E-02, 0.4035614144384E-02,-0.2972993336570E-03,-0.2120856374829E-02, 0.1504360571424E-02,-0.1798733917364E-02
-0.1182445240179E-02,-0.3686481312951E-02, 0.2621775966447E-03,-0.2451643747700E-02, 0.3782844598764E-02,-0.5729642154916E-03,-0.2301184182829E-02, 0.1400907074639E-02,-0.1986788835976E-02
 0.3729265902459E-03,-0.2469173219079E-02, 0.1836406563167E-02,-0.1106441059406E-02, 0.5671082571226E-02, 0.1023303287743E-02,-0.9097743531741E-03, 0.2822614052319E-02,-0.7693221694769E-03
 0.1255429499053E-03,-0.2421832539746E-02, 0.1678767887525E-02,-0.1356775303107E-02, 0.5378611301964E-02, 0.7881657686092E-03,-0.1127494966242E-02, 0.2832354816198E-02,-0.7090972494521E-03
-0.1390446800942E-03,-0.2598696225299E-02, 0.1512209410266E-02,-0.1519957532568E-02, 0.5096346652091E-02, 0.5381254454031E-03,-0.1360584139472E-02, 0.2591971298398E-02,-0.8584371773065E-03
-0.3889636702152E-03,-0.2860867146338E-02, 0.1327821334622E-02,-0.1645317747397E-02, 0.4850034297258E-02, 0.3096052118479E-03,-0.1577407790075E-02, 0.2256622620752E-02,-0.1105834594477E-02
-0.3829036329453E-03,-0.2866206823782E-02, 0.1332491478670E-02,-0.1614361526856E-02, 0.4887980565054E-02, 0.3100013861599E-03,-0.1588134336250E-02, 0.2280247880902E-02,-0.1132718500672E-02
-0.7173052126712E-03,-0.3085542177265E-02, 0.8699172010942E-03,-0.1979892131595E-02, 0.4568249175315E-02, 0.6281658858272E-04,-0.1835722192263E-02, 0.1921666273262E-02,-0.1448772462513E-02
-0.7817564883203E-03,-0.3138465488370E-02, 0.7873746529116E-03,-0.2082744525710E-02, 0.4391449657870E-02,-0.6156510129574E-05,-0.1866147607088E-02, 0.1807010091167E-02,-0.1514435705976E-02
-0.8523932632926E-03,-0.3253833029543E-02, 0.6783726724994E-03,-0.2180306199311E-02, 0.4180467291261E-02,-0.1405844352798E-03,-0.1933562721551E-02, 0.1707351591371E-02,-0.1605870855477E-02
-0.9837144098698E-03,-0.3508185075513E-02, 0.4498619263949E-03,-0.2300826511010E-02, 0.3927618416852E-02,-0.4167689131564E-03,-0.2115075703513E-02, 0.1607528039775E-02,-0.1795309685821E-02
 0.4323203908373E-03,-0.2410048616428E-02, 0.1880986266676E-02,-0.1066367535727E-02, 0.5718756860832E-02, 0.1099214117503E-02,-0.8430701250557E-03, 0.2887001804800E-02,-0.7231688640409E-03
 0.1851927234655E-03,-0.2363325738709E-02, 0.1723611248099E-02,-0.1316620433758E-02, 0.5427266479062E-02, 0.8644456419971E-03,-0.1060541459935E-02, 0.2896774116802E-02,-0.6631154881208E-03
-0.7927644635112E-04,-0.2540850919492E-02, 0.1557172004763E-02,-0.1479993069183E-02, 0.5145854325417E-02, 0.6146145157832E-03,-0.1293574845288E-02, 0.2656730137076E-02,-0.8125337299544E-03
-0.3291958693313E-03,-0.2803685455919E-02, 0.1372826794426E-02,-0.1605667671629E-02, 0.4900213007067E-02, 0.3861572940166E-03,-0.1510492138691E-02, 0.2321797177476E-02,-0.1059978039950E-02
-0.3231318221959E-03,-0.2809012362196E-02, 0.1377516887796E-02,-0.1574737981643E-02, 0.4938185143666E-02, 0.3865706851274E-03,-0.1521175962277E-02, 0.2345428406906E-02,-0.1086821665699E-02
-0.6578204776572E-03,-0.3029527784261E-02, 0.9150515037867E-03,-0.1940651696103E-02, 0.4619013304942E-02, 0.1391107844459E-03,-0.1769265879952E-02, 0.1986973566051E-02,-0.1403162666058E-02
-0.7224909013314E-03,-0.3082987393366E-02, 0.8323955809668E-03,-0.2043696219325E-02, 0.4442436164412E-02, 0.6993633107050E-04,-0.1799960023112E-02, 0.1872118392145E-02,-0.1469019001977E-02
-0.7933824482666E-03,-0.3198591839273E-02, 0.7232694287897E-03,-0.2141508899987E-02, 0.4231720648553E-02,-0.6466628310050E-04,-0.1867665274311E-02, 0.1772829661501E-02,-0.1560662373414E-02
-0.9249819011528E-03,-0.3452680527115E-02, 0.4947045139880E-03,-0.2262389600675E-02, 0.3979251620602E-02,-0.3409425793688E-03,-0.2049486328313E-02, 0.1674503890662E-02,-0.1750301045574E-02
 0.4963130983124E-03,-0.2347302486938E-02, 0.1932971507903E-02,-0.1008801778455E-02, 0.5789155749887E-02, 0.1182366504504E-02,-0.7777527606469E-03, 0.2952463374406E-02,-0.6679745326068E-03
 0.2495603143827E-03,-0.2301239105265E-02, 0.1775939420990E-02,-0.1259020608350E-02, 0.5498816491634E-02, 0.9480812248205E-03,-0.9948510998203E-03, 0.2962378906963E-02,-0.6080793550077E-03
-0.1471910403456E-04,-0.2479469890272E-02, 0.1609651044116E-02,-0.1422646439012E-02, 0.5218369018842E-02, 0.6985359276595E-03,-0.1227725977860E-02, 0.2722749274096E-02,-0.7575717222271E-03
-0.2646038627877E-03,-0.2743015128348E-02, 0.1425348362302E-02,-0.1548711509180E-02, 0.4973453591985E-02, 0.4701848260693E-03,-0.1444656315069E-02, 0.2388274414015E-02,-0.1005070082977E-02
-0.2585258405306E-03,-0.2748324226431E-02, 0.1430087816791E-02,-0.1517797148415E-02, 0.5011508350841E-02, 0.4706316509965E-03,-0.1455293731046E-02, 0.2411950760319E-02,-0.1031862639935E-02
-0.5935042246947E-03,-0.2970130109264E-02, 0.9676680239318E-03,-0.1884288322990E-02, 0.4692779917974E-02, 0.2228820617970E-03,-0.1703799048205E-02, 0.2053588765049E-02,-0.1348558579920E-02
-0.6584120816866E-03,-0.3024154509509E-02, 0.8848635481239E-03,-0.1987606257594E-02, 0.4516405739453E-02, 0.1534854884207E-03,-0.1734752418999E-02, 0.1938540811682E-02,-0.1414648098771E-02
-0.7295832210835E-03,-0.3140061203234E-02, 0.7755691048775E-03,-0.2085759387988E-02, 0.4305936392924E-02, 0.1868647215914E-04,-0.1802733640581E-02, 0.1839554857534E-02,-0.1506544476736E-02
-0.8614862666703E-03,-0.3394028455656E-02, 0.5468993719251E-03,-0.2207109347164E-02, 0.4053819173139E-02,-0.2576942235316E-03,-0.1984822598928E-02, 0.1742529966460E-02,-0.1696430222963E-02
 0.5909809842331E-03,-0.2256869870568E-02, 0.2023351652844E-02,-0.8981734201696E-03, 0.5906655533652E-02, 0.1277320857373E-02,-0.6999273216294E-03, 0.3034928327812E-02,-0.5673427403789E-03
 0.3447610502969E-03,-0.2211774308428E-02, 0.1866766258860E-02,-0.1148591458561E-02, 0.5617974100128E-02, 0.1043830992306E-02,-0.9164337373466E-03, 0.3045196076497E-02,-0.5077059697284E-03
 0.8067982271856E-04,-0.2391113609912E-02, 0.1700567382776E-02,-0.1312789358767E-02, 0.5338790672913E-02, 0.7947470460137E-03,-0.1149038390656E-02, 0.2806103618383E-02,-0.6574556520345E-03
-0.1692621046503E-03,-0.2655802823570E-02, 0.1516151995482E-02,-0.1439610078593E-02, 0.5094730026336E-02, 0.5665744861448E-03,-0.1365948564411E-02, 0.2472130792978E-02,-0.9052416292914E-03
-0.1631373817835E-03,-0.2661084373312E-02, 0.1521031724748E-02,-0.1408680799432E-02, 0.5133035239533E-02, 0.5671037502977E-03,-0.1376525983971E-02, 0.2495968009805E-02,-0.9319512070582E-03
-0.4987256833531E-03,-0.2884891181607E-02, 0.1058259570810E-02,-0.1776491808336E-02, 0.4814476172411E-02, 0.3189853962729E-03,-0.1625514604671E-02, 0.2137463398321E-02,-0.1249521836634E-02
-0.5640257734607E-03,-0.2939744906671E-02, 0.9751273309471E-03,-0.1880368962561E-02, 0.4638272447379E-02, 0.2493147226054E-03,-0.1656798367137E-02, 0.2022163081838E-02,-0.1316068636522E-02
-0.6356658203238E-03,-0.3056183439841E-02, 0.8654437356886E-03,-0.1979187514268E-02, 0.4427991762213E-02, 0.1142593777026E-03,-0.1725133925626E-02, 0.1923320142280E-02,-0.1408477986401E-02
-0.7681166411310E-03,-0.3310240614169E-02, 0.6363882822523E-03,-0.2101435366892E-02, 0.4176114795846E-02,-0.1622810774962E-03,-0.1907559755988E-02, 0.1827260921917E-02,-0.1598943450660E-02
 0.3929965562635E-03,-0.2965782054781E-02, 0.2226264934134E-02,-0.1244269535506E-02, 0.6520453128893E-02, 0.1278274958657E-02,-0.1170881084633E-02, 0.3427524591657E-02,-0.7055221556735E-03
 0.1333601935388E-03,-0.2912406173088E-02, 0.2057781259202E-02,-0.1499289069811E-02, 0.6206469073039E-02, 0.1032023903682E-02,-0.1394377640996E-02, 0.3428265938974E-02,-0.6467610589943E-03
-0.1382674993175E-03,-0.3084681871706E-02, 0.1883223848251E-02,-0.1663155605022E-02, 0.5906337817605E-02, 0.7734062351997E-03,-0.1631016436931E-02, 0.3175194256333E-02,-0.7994733256628E-03
-0.3921264613142E-03,-0.3343111401089E-02, 0.1691945181395E-02,-0.1787583536616E-02, 0.5645197856703E-02, 0.5382399244593E-03,-0.1849832183170E-02, 0.2826374293954E-02,-0.1051192433632E-02
-0.3827261892024E-03,-0.3346444502696E-02, 0.1700091653375E-02,-0.1753216190898E-02, 0.5687057397591E-02, 0.5419709227330E-03,-0.1858499817142E-02, 0.2853518875431E-02,-0.1075607555564E-02
-0.7274979487641E-03,-0.3560440953969E-02, 0.1216634000440E-02,-0.2124981170854E-02, 0.5340445794963E-02, 0.2815332612067E-03,-0.2110133369505E-02, 0.2473748530854E-02,-0.1401785085289E-02
-0.7937026612590E-03,-0.3610448693863E-02, 0.1129471771720E-02,-0.2228899481779E-02, 0.5152968065207E-02, 0.2090375371605E-03,-0.2140192987247E-02, 0.2348956265766E-02,-0.1469318773257E-02
-0.8658992589740E-03,-0.3723524622576E-02, 0.1015467580372E-02,-0.2327015606186E-02, 0.4930367893414E-02, 0.6987033447803E-04,-0.2207584533704E-02, 0.2255143305304E-02,-0.1562885042303E-02
-0.9993221714394E-03,-0.3976298399997E-02, 0.7792432735469E-03,-0.2447368157282E-02, 0.4663854297498E-02,-0.2139007596082E-03,-0.2390352443123E-02, 0.2189783819708E-02,-0.1755889647165E-02
 0.5229907679248E-03,-0.2835898685241E-02, 0.2344338467972E-02,-0.1120240120925E-02, 0.6628664589869E-02, 0.1413178841566E-02,-0.1060497802007E-02, 0.3526043387396E-02,-0.6641354321006E-03
 0.2632317706058E-03,-0.2784396303849E-02, 0.2175804776031E-02,-0.1376082650505E-02, 0.6316230002570E-02, 0.1167132217126E-02,-0.1284140699046E-02, 0.3526727920860E-02,-0.6058597761280E-03
-0.9032340586757E-05,-0.2958738772779E-02, 0.2000707947814E-02,-0.1541294459410E-02, 0.6017159294735E-02, 0.9082659285786E-03,-0.1521399456389E-02, 0.3273825784288E-02,-0.7590587704899E-03
-0.2637971416500E-03,-0.3219225967090E-02, 0.1808691972277E-02,-0.1667251580190E-02, 0.5756680210603E-02, 0.6725717298471E-03,-0.1741090437004E-02, 0.2925199281567E-02,-0.1011242591044E-02
-0.2543157522915E-03,-0.3222549593593E-02, 0.1817048077468E-02,-0.1632851007756E-02, 0.5798897084392E-02, 0.6764409757154E-03,-0.1749699866443E-02, 0.2952571638178E-02,-0.1035536580188E-02
-0.6008111173766E-03,-0.3439834032101E-02, 0.1332478535081E-02,-0.2006905887571E-02, 0.5452407890415E-02, 0.4146666175293E-03,-0.2003034519925E-02, 0.2572222393216E-02,-0.1362605414161E-02
-0.6677115945827E-03,-0.3491117092410E-02, 0.1244810705803E-02,-0.2111629508838E-02, 0.5265211042907E-02, 0.3416589392163E-03,-0.2033759675331E-02, 0.2447175846488E-02,-0.1430481993168E-02
-0.7407661681040E-03,-0.3605120410658E-02, 0.1130166683732E-02,-0.2210733417681E-02, 0.5042870917182E-02, 0.2019427849841E-03,-0.2101917634359E-02, 0.2353206946009E-02,-0.1524476044760E-02
-0.8753936655057E-03,-0.3858394666395E-02, 0.8930948796120E-03,-0.2332554595996E-02, 0.4776560398283E-02,-0.8248564102985E-04,-0.2285706442749E-02, 0.2287902977745E-02,-0.1718078089650E-02
 0.6732646493412E-03,-0.2687521392919E-02, 0.2483437928113E-02,-0.9779764136682E-03, 0.6744479492931E-02, 0.1530067880173E-02,-0.9601829153319E-03, 0.3619073091329E-02,-0.5686054768829E-03
 0.4136392834022E-03,-0.2637779568744E-02, 0.2315166590185E-02,-0.1234463636182E-02, 0.6434104126506E-02, 0.1284701471021E-02,-0.1183557065933E-02, 0.3620128769728E-02,-0.5108009016001E-03
 0.1409864851217E-03,-0.2814262935807E-02, 0.2139775209717E-02,-0.1400881129868E-02, 0.6136503394799E-02, 0.1026009756412E-02,-0.1421041526876E-02, 0.3367691048344E-02,-0.6645292192211E-03
-0.1144825653790E-03,-0.3076971886728E-02, 0.1947201743009E-02,-0.1528272634401E-02, 0.5876981740323E-02, 0.7901426379405E-03,-0.1641261211907E-02, 0.3019452356847E-02,-0.9172716133786E-03
-0.1049074950013E-03,-0.3080283055651E-02, 0.1955802424470E-02,-0.1493839568110E-02, 0.5919587856176E-02, 0.7941597350126E-03,-0.1649811091141E-02, 0.3047096698521E-02,-0.9414384470504E-03
-0.4530247025557E-03,-0.3301068110626E-02, 0.1470260376068E-02,-0.1870152634717E-02, 0.5573393433113E-02, 0.5314817957809E-03,-0.1904405909221E-02, 0.2666341782196E-02,-0.1269723365834E-02
-0.5206352270562E-03,-0.3353774980368E-02, 0.1382068222575E-02,-0.1975714929392E-02, 0.5386545587658E-02, 0.4580783327971E-03,-0.1935704724242E-02, 0.2541133670053E-02,-0.1338124831320E-02
-0.5945539120095E-03,-0.3468679286649E-02, 0.1266766248116E-02,-0.2075840646866E-02, 0.5164524093897E-02, 0.3179429447446E-03,-0.2004514299165E-02, 0.2446901453636E-02,-0.1432743575439E-02
-0.7303421497991E-03,-0.3722099727977E-02, 0.1028882821977E-02,-0.2199141206978E-02, 0.4898475561526E-02, 0.3306320877423E-04,-0.2189104470736E-02, 0.2381203467148E-02,-0.1627154762535E-02
 0.8221974825230E-03,-0.2541014740619E-02, 0.2621834419328E-02,-0.8403375242684E-03, 0.6851276523101E-02, 0.1629239088174E-02,-0.8650340210858E-03, 0.3709623234653E-02,-0.4468722175060E-03
 0.5628619676757E-03,-0.2492824454618E-02, 0.2453997075465E-02,-0.1097269837772E-02, 0.6543094035999E-02, 0.1384776079726E-02,-0.1087945469122E-02, 0.3711203097016E-02,-0.3895056126413E-03
 0.2900286443609E-03,-0.2671283727533E-02, 0.2278506486336E-02,-0.1264674751666E-02, 0.6247107045387E-02, 0.1126505174170E-02,-0.1325434315524E-02, 0.3459378657312E-02,-0.5437416089715E-03
 0.3406736976612E-04,-0.2936082454831E-02, 0.2085563250462E-02,-0.1393291943148E-02, 0.5988672939973E-02, 0.8907038700676E-03,-0.1545966745635E-02, 0.3111659345231E-02,-0.7970405950633E-03
 0.4373037884427E-04,-0.2939379797237E-02, 0.2094398450976E-02,-0.1358835318293E-02, 0.6031638886755E-02, 0.8948566373881E-03,-0.1554458003718E-02, 0.3139565537559E-02,-0.8210884062339E-03
-0.3057596045143E-03,-0.3163457854430E-02, 0.1608121232571E-02,-0.1737121867659E-02, 0.5685892939563E-02, 0.6316200604724E-03,-0.1810027098371E-02, 0.2758573822692E-02,-0.1150669090797E-02
-0.3740181225490E-03,-0.3217547444623E-02, 0.1519452767989E-02,-0.1843448228138E-02, 0.5499420877874E-02, 0.5579209154425E-03,-0.1841825575517E-02, 0.2633227090659E-02,-0.1219661135119E-02
-0.4487179654412E-03,-0.3333241625328E-02, 0.1403559294567E-02,-0.1944504287980E-02, 0.5277749327656E-02, 0.4174835732956E-03,-0.1911195468359E-02, 0.2538818557362E-02,-0.1314968256776E-02
-0.5855176113869E-03,-0.3586542894229E-02, 0.1164995783491E-02,-0.2069131622597E-02, 0.5012019703253E-02, 0.1323330063105E-03,-0.2096431188280E-02, 0.2472953857237E-02,-0.1510237865545E-02
 0.8246853655524E-03,-0.2529977870951E-02, 0.2617715216469E-02,-0.8317837776671E-03, 0.6833750485110E-02, 0.1618193584223E-02,-0.8644980137516E-03, 0.3692970877160E-02,-0.4374483020871E-03
 0.5654115262816E-03,-0.2481949586069E-02, 0.2449902872718E-02,-0.1088791016362E-02, 0.6525836365617E-02, 0.1373799684821E-02,-0.1087360089824E-02, 0.3694584331718E-02,-0.3802109976511E-03
 0.2926227318488E-03,-0.2660570335251E-02, 0.2274537465111E-02,-0.1256289295867E-02, 0.6230293656285E-02, 0.1115649440002E-02,-0.1324822267611E-02, 0.3443027180220E-02,-0.5345101685297E-03
 0.3670477912422E-04,-0.2925518734823E-02, 0.2081793172974E-02,-0.1384991828595E-02, 0.5972401044287E-02, 0.8800009170220E-03,-0.1545339177968E-02, 0.3095690566086E-02,-0.7878248423210E-03
 0.4626678608668E-04,-0.2928838833091E-02, 0.2090403115963E-02,-0.1350591374661E-02, 0.6015040152170E-02, 0.8840206891350E-03,-0.1553854618506E-02, 0.3123325006668E-02,-0.8119352997134E-03
-0.3029754137189E-03,-0.3153112950433E-02, 0.1604864652401E-02,-0.1728862503381E-02, 0.5670680860987E-02, 0.6212413056063E-03,-0.1809355719818E-02, 0.2743243523602E-02,-0.1141416809035E-02
-0.3711760041647E-03,-0.3207282132727E-02, 0.1516361066053E-02,-0.1835187611249E-02, 0.5484554934111E-02, 0.5476794028492E-03,-0.1841143327289E-02, 0.2618233710604E-02,-0.1210395500298E-02
-0.4458071625485E-03,-0.3323040653754E-02, 0.1400680103455E-02,-0.1936247907642E-02, 0.5263335321022E-02, 0.4074204421175E-03,-0.1910497218836E-02, 0.2523813884059E-02,-0.1305682169752E-02
-0.5825115678118E-03,-0.3576394480322E-02, 0.1162458395450E-02,-0.2060899898716E-02, 0.4998334674672E-02, 0.1225326784549E-03,-0.2095702439241E-02, 0.2457319679683E-02,-0.1500916447085E-02
 0.1029557132224E-02,-0.2335071607307E-02, 0.2809602914062E-02,-0.6703706411718E-03, 0.6971331704860E-02, 0.1775616067142E-02,-0.6706245958019E-03, 0.3895322964267E-02,-0.2365554962165E-03
 0.7708697936445E-03,-0.2288973036680E-02, 0.2642585554602E-02,-0.9275091324065E-03, 0.6666431576268E-02, 0.1532619019004E-02,-0.8929132942728E-03, 0.3897310632607E-02,-0.1798905003525E-03
 0.4981416296438E-03,-0.2469932664046E-02, 0.2467284493211E-02,-0.1095919390370E-02, 0.6373040708487E-02, 0.1275220601332E-02,-0.1130438715825E-02, 0.3646575345240E-02,-0.3348199599900E-03
 0.2418737257484E-03,-0.2737330715737E-02, 0.2274196503024E-02,-0.1225906299839E-02, 0.6116506325491E-02, 0.1039802191736E-02,-0.1351471040577E-02, 0.3300038363059E-02,-0.5888428141940E-03
 0.2516221609057E-03,-0.2740602752473E-02, 0.2283290568890E-02,-0.1191462173480E-02, 0.6159858419552E-02, 0.1044102618430E-02,-0.1359856942453E-02, 0.3328220476114E-02,-0.6127336018936E-03
-0.9927695962121E-04,-0.2968962997425E-02, 0.1796646828798E-02,-0.1571829612395E-02, 0.5815395909749E-02, 0.7804309072174E-03,-0.1617137120143E-02, 0.2947244357832E-02,-0.9441644625617E-03
-0.1683399580700E-03,-0.3024936449584E-02, 0.1707436728556E-02,-0.1679028398983E-02, 0.5629590408369E-02, 0.7063764380865E-03,-0.1649784451322E-02, 0.2821410139775E-02,-0.1014069529279E-02
-0.2439968998867E-03,-0.3141538189861E-02, 0.1590897917839E-02,-0.1781168782959E-02, 0.5408603582693E-02, 0.5656372749141E-03,-0.1720095080856E-02, 0.2727687469818E-02,-0.1110411561165E-02
-0.3819494147150E-03,-0.3394160778689E-02, 0.1351751495353E-02,-0.1907338397209E-02, 0.5143674586255E-02, 0.2803843106051E-03,-0.1906409336813E-02, 0.2664878616756E-02,-0.1306896160830E-02
 0.1088171785709E-02,-0.2275341282329E-02, 0.2853067446076E-02,-0.6304435912321E-03, 0.7016931801381E-02, 0.1850428402767E-02,-0.6035684773526E-03, 0.3958179423721E-02,-0.1906917385182E-03
 0.8298417535453E-03,-0.2229835257714E-02, 0.2686442416247E-02,-0.8874367096409E-03, 0.6713181692337E-02, 0.1607901769427E-02,-0.8255726623506E-03, 0.3960286007087E-02,-0.1341485321140E-03
 0.5573371706206E-03,-0.2411417320293E-02, 0.2511393896321E-02,-0.1055973183282E-02, 0.6420812992538E-02, 0.1350828951413E-02,-0.1063002324765E-02, 0.3710050604134E-02,-0.2890884067183E-03
 0.3011684245724E-03,-0.2679437100619E-02, 0.2318475986273E-02,-0.1186214507628E-02, 0.6165106314959E-02, 0.1115587071671E-02,-0.1284088729931E-02, 0.3364108774949E-02,-0.5430859446080E-03
 0.3109183634670E-03,-0.2682700592760E-02, 0.2327599248253E-02,-0.1151801370413E-02, 0.6208526925315E-02, 0.1119905326892E-02,-0.1292439200041E-02, 0.3392307577781E-02,-0.5669366920752E-03
-0.4012000634653E-04,-0.2912188336738E-02, 0.1841248395728E-02,-0.1532457690323E-02, 0.5864801478368E-02, 0.8561046187807E-03,-0.1550156829852E-02, 0.3011648078231E-02,-0.8985523393517E-03
-0.1093607488424E-03,-0.2968680727017E-02, 0.1751974203533E-02,-0.1639821705280E-02, 0.5679296587088E-02, 0.7818925299453E-03,-0.1583057357727E-02, 0.2885684667212E-02,-0.9686226444633E-03
-0.1852257723703E-03,-0.3085507545840E-02, 0.1635369247828E-02,-0.1742182945517E-02, 0.5458665729691E-02, 0.6410413175687E-03,-0.1653637707992E-02, 0.2792378664233E-02,-0.1065139522742E-02
-0.3233850241860E-03,-0.3337861228506E-02, 0.1396265654442E-02,-0.1868668118191E-02, 0.5194240668079E-02, 0.3558070701903E-03,-0.1840224508484E-02, 0.2731089656654E-02,-0.1261769350194E-02
 0.1151628682995E-02,-0.2211772166681E-02, 0.2904197051044E-02,-0.5727856814457E-03, 0.7085140085913E-02, 0.1932716841989E-02,-0.5377084837618E-03, 0.4022465155127E-02,-0.1355442076093E-03
 0.8937861375720E-03,-0.2166894739429E-02, 0.2738059996402E-02,-0.8296633195093E-03, 0.6782744268012E-02, 0.1690786882983E-02,-0.7592992999485E-03, 0.4024823264194E-02,-0.7910097970857E-04
 0.6215851571180E-03,-0.2349137683539E-02, 0.2563306627776E-02,-0.9983765761373E-03, 0.6491539102670E-02, 0.1434125037771E-02,-0.9965258636060E-03, 0.3775164078925E-02,-0.2340380988494E-03
 0.3655569232409E-03,-0.2617821153996E-02, 0.2370565439795E-02,-0.1128939420072E-02, 0.6236737526281E-02, 0.1199108597247E-02,-0.1217582335435E-02, 0.3429851797442E-02,-0.4880093776046E-03
 0.3753229264155E-03,-0.2621073987058E-02, 0.2379758348942E-02,-0.1094545861954E-02, 0.6280277609895E-02, 0.1203466943683E-02,-0.1225892009801E-02, 0.3458113439229E-02,-0.5118058326138E-03
 0.2414342164925E-04,-0.2851790293876E-02, 0.1893633584285E-02,-0.1475669744832E-02, 0.5937196885932E-02, 0.9395210938397E-03,-0.1483961646413E-02, 0.3077724738333E-02,-0.8436696642492E-03
-0.4529237610992E-04,-0.2908831779000E-02, 0.1804261293452E-02,-0.1583276519640E-02, 0.5751989340954E-02, 0.8651312834193E-03,-0.1517109340355E-02, 0.2951635026955E-02,-0.9139444438154E-03
-0.1213897515424E-03,-0.3025949375491E-02, 0.1687545928943E-02,-0.1685944709764E-02, 0.5531710783099E-02, 0.7241465673891E-03,-0.1587948364842E-02, 0.2858676500794E-02,-0.1010680072761E-02
-0.2597803644216E-03,-0.3278171709282E-02, 0.1448433367038E-02,-0.1812849570473E-02, 0.5267776565111E-02, 0.4389187958998E-03,-0.1774768198557E-02, 0.2798710639677E-02,-0.1207499869997E-02
 0.1246092092615E-02,-0.2119864546521E-02, 0.2993950391363E-02,-0.4615705711232E-03, 0.7200126446644E-02, 0.2027276539436E-02,-0.4588674115773E-03, 0.4104248815127E-02,-0.3450277210895E-04
 0.9889482403610E-03,-0.2075905462331E-02, 0.2828477522908E-02,-0.7185092715283E-03, 0.6899687975032E-02, 0.1786295491631E-02,-0.6798059314554E-03, 0.4107133012557E-02, 0.2176413894197E-04
 0.7171053991085E-03,-0.2259190440041E-02, 0.2654014983997E-02,-0.8876760321143E-03, 0.6610031682196E-02, 0.1530249344363E-02,-0.9166985753779E-03, 0.3858205974068E-02,-0.1333153348259E-03
 0.4611638112207E-03,-0.2528950000023E-02, 0.2461340912806E-02,-0.1018893050943E-02, 0.6356331727489E-02, 0.1295551393147E-02,-0.1137676023259E-02, 0.3513581437000E-02,-0.3874523296965E-03
 0.4709919642763E-03,-0.2532186419538E-02, 0.2470724376745E-02,-0.9844867343863E-03, 0.6400142737720E-02, 0.1300016791077E-02,-0.1145926891748E-02, 0.3542047314100E-02,-0.4111503151014E-03
 0.1193853649929E-03,-0.2764814948299E-02, 0.1984470726281E-02,-0.1366766655578E-02, 0.6057497469886E-02, 0.1035853260921E-02,-0.1404408050556E-02, 0.3161694816498E-02,-0.7437434278810E-03
 0.4961196926217E-04,-0.2822669798969E-02, 0.1894837462174E-02,-0.1474887362677E-02, 0.5872597894590E-02, 0.9612405294517E-03,-0.1437877972124E-02, 0.3035426591792E-02,-0.8144369814084E-03
-0.2689546478883E-04,-0.2940307497212E-02, 0.1777805965350E-02,-0.1578173819432E-02, 0.5652658412986E-02, 0.8200653338268E-03,-0.1509056663246E-02, 0.2942657592017E-02,-0.9116394978595E-03
-0.1657453795919E-03,-0.3192603990442E-02, 0.1538426646695E-02,-0.1705908385694E-02, 0.5389140318593E-02, 0.5347876586080E-03,-0.1696173747128E-02, 0.2883674693097E-02,-0.1108958697209E-02
 0.1168111938025E-02,-0.2739648876801E-02, 0.3321890446793E-02,-0.7014865845833E-03,-0.2151204142353E-02, 0.2147988417284E-02,-0.8350955716736E-03, 0.4621537589141E-02,-0.6408371689514E-04
 0.8945646662665E-03,-0.2688533227721E-02, 0.3141700721020E-02,-0.9649680009221E-03,-0.2385479355041E-02, 0.1892139923577E-02,-0.1064179668816E-02, 0.4612553544550E-02,-0.1018532606914E-04
 0.6127972051415E-03,-0.2866050812465E-02, 0.2956244689384E-02,-0.1135492551394E-02,-0.2564527800482E-02, 0.1624488296922E-02,-0.1306199435464E-02, 0.4346979495340E-02,-0.1698698694249E-03
 0.3509903287829E-03,-0.3130846843860E-02, 0.2754260090302E-02,-0.1265824782596E-02,-0.2700731598117E-02, 0.1380867711085E-02,-0.1530108240535E-02, 0.3984875405733E-02,-0.4295856904688E-03
 0.3642871560781E-03,-0.3131835598834E-02, 0.2766814254072E-02,-0.1227660908549E-02,-0.2678027472189E-02, 0.1388656327402E-02,-0.1536122119132E-02, 0.4016717272473E-02,-0.4508044768553E-03
-0.1857310167722E-07,-0.3356855097897E-02, 0.2255656143475E-02,-0.1616970473571E-02,-0.2894133727724E-02, 0.1109056356931E-02,-0.1799406441618E-02, 0.3611316962211E-02,-0.7949045396451E-03
-0.7181664778165E-04,-0.3410957014445E-02, 0.2160724308381E-02,-0.1726110022878E-02,-0.3032000946902E-02, 0.1030543761285E-02,-0.1832318683553E-02, 0.3473781226258E-02,-0.8674979456234E-03
-0.1500771451059E-03,-0.3524611246466E-02, 0.2037967024890E-02,-0.1829724804454E-02,-0.3152314866445E-02, 0.8839826262863E-03,-0.1903304133864E-02, 0.3386415651419E-02,-0.9668689993642E-03
-0.2915000701887E-03,-0.3771933135800E-02, 0.1789330137541E-02,-0.1956887890590E-02,-0.3221327434443E-02, 0.5896400067066E-03,-0.2091786128136E-02, 0.3362226115622E-02,-0.1168133945994E-02
 0.1295321955851E-02,-0.2609218340477E-02, 0.3437009219118E-02,-0.5783464909897E-03,-0.2021584550558E-02, 0.2280073625923E-02,-0.7248901211284E-03, 0.4716923064456E-02,-0.2366968474303E-04
 0.1021915950292E-02,-0.2559906575658E-02, 0.3257058605912E-02,-0.8424702653328E-03,-0.2256945892902E-02, 0.2024660359677E-02,-0.9540328462875E-03, 0.4708118147667E-02, 0.2988486238357E-04
 0.7397589152724E-03,-0.2739399480238E-02, 0.3071344146744E-02,-0.1014182366103E-02,-0.2437533976800E-02, 0.1757008260931E-02,-0.1196579556470E-02, 0.4442992122538E-02,-0.1301612570630E-03
 0.4772674541283E-03,-0.3006160002962E-02, 0.2868884896343E-02,-0.1145905714977E-02,-0.2575433242743E-02, 0.1513095709185E-02,-0.1421274353314E-02, 0.4081358769524E-02,-0.3902344405279E-03
 0.4906661303815E-03,-0.3007132447662E-02, 0.2881695069574E-02,-0.1107698322895E-02,-0.2552696932642E-02, 0.1521052471050E-02,-0.1427220450736E-02, 0.4113466014838E-02,-0.4113106281300E-03
 0.1249476668159E-03,-0.3235335697833E-02, 0.2369808240757E-02,-0.1499077843748E-02,-0.2771503082729E-02, 0.1240402764694E-02,-0.1692084613542E-02, 0.3707825201651E-02,-0.7561675892938E-03
 0.5255419327559E-04,-0.3290668999177E-02, 0.2274482847672E-02,-0.1608949978788E-02,-0.2910317686748E-02, 0.1161478403130E-02,-0.1725626686655E-02, 0.3570171325289E-02,-0.8290518615837E-03
-0.2645704212941E-04,-0.3405245416472E-02, 0.2151211941518E-02,-0.1713478272385E-02,-0.3031741040312E-02, 0.1014498344868E-02,-0.1797335891163E-02, 0.3482714224985E-02,-0.9287972797144E-03
-0.1689325708555E-03,-0.3653124559725E-02, 0.1901929920140E-02,-0.1842011808130E-02,-0.3102339863568E-02, 0.7197097620435E-03,-0.1986769104114E-02, 0.3458545028997E-02,-0.1130590854113E-02
 0.1443339710390E-02,-0.2459816850994E-02, 0.3573294348993E-02,-0.4366995479098E-03,-0.1888118886550E-02, 0.2394789753624E-02,-0.6244762019326E-03, 0.4807506517197E-02, 0.7106210084226E-04
 0.1170356471518E-02,-0.2412182094876E-02, 0.3393942368109E-02,-0.7012568026695E-03,-0.2124313198250E-02, 0.2140292987836E-02,-0.8532536456190E-03, 0.4799297579883E-02, 0.1242873719280E-03
 0.8880837912381E-03,-0.2593703324079E-02, 0.3208246804505E-02,-0.8739930317121E-03,-0.2306248216410E-02, 0.1873055562725E-02,-0.1095927602779E-02, 0.4534921505637E-02,-0.3612832437429E-04
 0.6251331203140E-03,-0.2862570612268E-02, 0.3005516885455E-02,-0.1006994194268E-02,-0.2445703761987E-02, 0.1629191817826E-02,-0.1321059299543E-02, 0.4173962980539E-02,-0.2966035251232E-03
 0.6386536598661E-03,-0.2863526722146E-02, 0.3018639635133E-02,-0.9687444768438E-03,-0.2422932593953E-02, 0.1637336330938E-02,-0.1326939145116E-02, 0.4206430232970E-02,-0.3175231668917E-03
 0.2716436095831E-03,-0.3095103660257E-02, 0.2506190890116E-02,-0.1362135156842E-02,-0.2644295719213E-02, 0.1356042726814E-02,-0.1592940816397E-02, 0.3800637322119E-02,-0.6634065881948E-03
 0.1986449732497E-03,-0.3151816272551E-02, 0.2410461954570E-02,-0.1472767651205E-02,-0.2784018387090E-02, 0.1276817127502E-02,-0.1627020157823E-02, 0.3662951707111E-02,-0.7367530484818E-03
 0.1188806520640E-03,-0.3267279724286E-02, 0.2286666999524E-02,-0.1578237915025E-02,-0.2906516076876E-02, 0.1129532909106E-02,-0.1699338934346E-02, 0.3575288688435E-02,-0.8370542000604E-03
-0.2459667712899E-04,-0.3515334100893E-02, 0.2036789479292E-02,-0.1708143268859E-02,-0.2978656710375E-02, 0.8344716342184E-03,-0.1889507430787E-02, 0.3550676606238E-02,-0.1039553597024E-02
 0.1590447699273E-02,-0.2312116684902E-02, 0.3709147369641E-02,-0.2994857740826E-03,-0.1767224497179E-02, 0.2492271825198E-02,-0.5290661309594E-03, 0.4895989698943E-02, 0.1921241561952E-03
 0.1318033215093E-02,-0.2265949356197E-02, 0.3530564351915E-02,-0.5642796511354E-03,-0.2003985145846E-02, 0.2238899386113E-02,-0.7572858023885E-03, 0.4888514313300E-02, 0.2450396802577E-03
 0.1035846261309E-02,-0.2449331054784E-02, 0.3345078255813E-02,-0.7378238390357E-03,-0.2186997109816E-02, 0.1972301845635E-02,-0.9998676874265E-03, 0.4625029823489E-02, 0.8428485432259E-04
 0.7726433553738E-03,-0.2720169701665E-02, 0.3142259173423E-02,-0.8718962405480E-03,-0.2327757590660E-02, 0.1728703491255E-02,-0.1225222829796E-02, 0.4264872651657E-02,-0.1765708766759E-03
 0.7862799222846E-03,-0.2721110653142E-02, 0.3155687816563E-02,-0.8336150884311E-03,-0.2304958855699E-02, 0.1737023849845E-02,-0.1231040430450E-02, 0.4297697667066E-02,-0.1973412893244E-03
 0.4182157568544E-03,-0.2955849524309E-02, 0.2642902418125E-02,-0.1228737295466E-02,-0.2528512909263E-02, 0.1455401490761E-02,-0.1497897061422E-02, 0.3891885950527E-02,-0.5443072741264E-03
 0.3446686006959E-03,-0.3013902831849E-02, 0.2546813771230E-02,-0.1340059096931E-02,-0.2669011572690E-02, 0.1375964963092E-02,-0.1532442144615E-02, 0.3754183442569E-02,-0.6181792651312E-03
 0.2642283426274E-03,-0.3130137255641E-02, 0.2422556145418E-02,-0.1446383129932E-02,-0.2792441564331E-02, 0.1228478463456E-02,-0.1605281722910E-02, 0.3666399766994E-02,-0.7190943872670E-03
 0.1198918346657E-03,-0.3378081934764E-02, 0.2172207941120E-02,-0.1577510431115E-02,-0.2865940878285E-02, 0.9332972765862E-03,-0.1796032683944E-02, 0.3641578626783E-02,-0.9223330927424E-03
 0.1590493790315E-02,-0.2302350312172E-02, 0.3702054171585E-02,-0.2928629114785E-03,-0.1758035052099E-02, 0.2478764160752E-02,-0.5300417660470E-03, 0.4876303205671E-02, 0.1994232039970E-03
 0.1318181968291E-02,-0.2256346700801E-02, 0.3523542983269E-02,-0.5577138200759E-03,-0.1994830579160E-02, 0.2225482811850E-02,-0.7582140530781E-03, 0.4868968055614E-02, 0.2522138037715E-03
 0.1036091137303E-02,-0.2439879791570E-02, 0.3338259648640E-02,-0.7313232880425E-03,-0.2177922795422E-02, 0.1959051101072E-02,-0.1000761109443E-02, 0.4605821145583E-02, 0.9143016072068E-04
 0.7729879275165E-03,-0.2710851770986E-02, 0.3135732824167E-02,-0.8654462697029E-03,-0.2318779933120E-02, 0.1715662187949E-02,-0.1226085850092E-02, 0.4246105691209E-02,-0.1693911584415E-03
 0.7864882270495E-03,-0.2711817637056E-02, 0.3148887024071E-02,-0.8272444893822E-03,-0.2296013834892E-02, 0.1723806570270E-02,-0.1231937417992E-02, 0.4278551637106E-02,-0.1902501561458E-03
 0.4188108921978E-03,-0.2946721141785E-02, 0.2637063331554E-02,-0.1222252591404E-02,-0.2519661901765E-02, 0.1442785392785E-02,-0.1498680044048E-02, 0.3873942011970E-02,-0.5370005582437E-03
 0.3453567784324E-03,-0.3004831208973E-02, 0.2541184658618E-02,-0.1333544912699E-02,-0.2660197217676E-02, 0.1363521533357E-02,-0.1533200641990E-02, 0.3736631276790E-02,-0.6108290164366E-03
 0.2650291665209E-03,-0.3121131286325E-02, 0.2417201361217E-02,-0.1439839728446E-02,-0.2783679552742E-02, 0.1216258826630E-02,-0.1606006841111E-02, 0.3648859509059E-02,-0.7116848686236E-03
 0.1208557309063E-03,-0.3369176190568E-02, 0.2167306934319E-02,-0.1570944329263E-02,-0.2857272005535E-02, 0.9214108680499E-03,-0.1796701091813E-02, 0.3623395382144E-02,-0.9148267811542E-03
 0.1795064370588E-02,-0.2104509429094E-02, 0.3893163216166E-02,-0.1301178091437E-03,-0.1628818929729E-02, 0.2636073899201E-02,-0.3341068011738E-03, 0.5077462255769E-02, 0.4012891415414E-03
 0.1523683309892E-02,-0.2060317388450E-02, 0.3715872361573E-02,-0.3948424342688E-03,-0.1865858466834E-02, 0.2384479805256E-02,-0.5615591305517E-03, 0.5070749572134E-02, 0.4536636040467E-03
 0.1241981696850E-02,-0.2246033019970E-02, 0.3531029911663E-02,-0.5691430420763E-03,-0.2049905220025E-02, 0.2119077928129E-02,-0.8040204238758E-03, 0.4808831978867E-02, 0.2924756524669E-03
 0.9788216442510E-03,-0.2519297440289E-02, 0.3328487109069E-02,-0.7043651143831E-03,-0.2192072915532E-02, 0.1876163349457E-02,-0.1029724644687E-02, 0.4450346825722E-02, 0.3118788966102E-04
 0.9925693569343E-03,-0.2520216408088E-02, 0.3342254490297E-02,-0.6660925566667E-03,-0.2169280778817E-02, 0.1884673635822E-02,-0.1035439686700E-02, 0.4483493143935E-02, 0.1060893006156E-04
 0.6235746715264E-03,-0.2759037113850E-02, 0.2829705416372E-02,-0.1062955579762E-02,-0.2395226038404E-02, 0.1602976414019E-02,-0.1303797722930E-02, 0.4078223238813E-02,-0.3378366581931E-03
 0.5493660322256E-03,-0.2818909797350E-02, 0.2733244102458E-02,-0.1175047535521E-02,-0.2536509498717E-02, 0.1523308082698E-02,-0.1339143855285E-02, 0.3940245257760E-02,-0.4125178229378E-03
 0.4681233334757E-03,-0.2936014331909E-02, 0.2608532486914E-02,-0.1282347866765E-02,-0.2660950244684E-02, 0.1375671120300E-02,-0.1412860374167E-02, 0.3853274670331E-02,-0.5143430697223E-03
 0.3228636071594E-03,-0.3183273182457E-02, 0.2357918077299E-02,-0.1414864493572E-02,-0.2736062791107E-02, 0.1080626485320E-02,-0.1604570272853E-02, 0.3831525115545E-02,-0.7185860146676E-03
 0.1852632213363E-02,-0.2044390801660E-02, 0.3935317493096E-02,-0.9052488936154E-04,-0.1573822620692E-02, 0.2709480917743E-02,-0.2669671132566E-03, 0.5138528316035E-02, 0.4466654882217E-03
 0.1581724781867E-02,-0.2000755892257E-02, 0.3758561552885E-02,-0.3550280187178E-03,-0.1810928053332E-02, 0.2458472163489E-02,-0.4940898809522E-03, 0.5132056590406E-02, 0.4989763712567E-03
 0.1300367426121E-02,-0.2187041688032E-02, 0.3574120590192E-02,-0.5293785672653E-03,-0.1995252846184E-02, 0.2193527808734E-02,-0.7364035141260E-03, 0.4870808186739E-02, 0.3378570352997E-03
 0.1037420750770E-02,-0.2460872279469E-02, 0.3371889258299E-02,-0.6647838807165E-03,-0.2137812774647E-02, 0.1950918308263E-02,-0.9621103311774E-03, 0.4513095665458E-02, 0.7667839874789E-04
 0.1051169240598E-02,-0.2461787175258E-02, 0.3385690380752E-02,-0.6265457810364E-03,-0.2115009791114E-02, 0.1959449089494E-02,-0.9677949857739E-03, 0.4546257513736E-02, 0.5614100016383E-04
 0.6822018598364E-03,-0.2701664211265E-02, 0.2873634100045E-02,-0.1023588185182E-02,-0.2341701140000E-02, 0.1677785689311E-02,-0.1236512790511E-02, 0.4141528511743E-02,-0.2923731025504E-03
 0.6078625607810E-03,-0.2762033023435E-02, 0.2777164143250E-02,-0.1135813633176E-02,-0.2483249635064E-02, 0.1598009023268E-02,-0.1272095468571E-02, 0.4003495800088E-02,-0.3671873281407E-03
 0.5264647960451E-03,-0.2879347875295E-02, 0.2652450702573E-02,-0.1243299358977E-02,-0.2608017779237E-02, 0.1450330215650E-02,-0.1346058394123E-02, 0.3916991269589E-02,-0.4691489715831E-03
 0.3810796431626E-03,-0.3126331873477E-02, 0.2401982353935E-02,-0.1376078923062E-02,-0.2683618153159E-02, 0.1155427838562E-02,-0.1537996028592E-02, 0.3896785623512E-02,-0.6734743587961E-03
 0.1915291704629E-02,-0.1980209187553E-02, 0.3985392674097E-02,-0.3299009077923E-04,-0.1497654521063E-02, 0.2790597883730E-02,-0.2008081812680E-03, 0.5201427063770E-02, 0.5015654906429E-03
 0.1645000397179E-02,-0.1937158869485E-02, 0.3809286109170E-02,-0.2972815606656E-03,-0.1734919269679E-02, 0.2540313568973E-02,-0.4274664357761E-03, 0.5195322615287E-02, 0.5538438671185E-03
 0.1364076372961E-02,-0.2124046441955E-02, 0.3625301453564E-02,-0.4717188656877E-03,-0.1919624838811E-02, 0.2275920940470E-02,-0.6695211661536E-03, 0.4934823793816E-02, 0.3928158539944E-03
 0.1101390603999E-02,-0.2398480038576E-02, 0.3423395271390E-02,-0.6073646339406E-03,-0.2062686076502E-02, 0.2033670977283E-02,-0.8951444363682E-03, 0.4577924605864E-02, 0.1317557648488E-03
 0.1115160634031E-02,-0.2399389357479E-02, 0.3437279114337E-02,-0.5691483158579E-03,-0.2039847951496E-02, 0.2042252390294E-02,-0.9007928221646E-03, 0.4611183152815E-02, 0.1112790828807E-03
 0.7462177199397E-03,-0.2640417838733E-02, 0.2925644583780E-02,-0.9665320725192E-03,-0.2267534949734E-02, 0.1760602963090E-02,-0.1169784852179E-02, 0.4206901156545E-02,-0.2373633871948E-03
 0.6717315826615E-03,-0.2701313566110E-02, 0.2829134251175E-02,-0.1078964002170E-02,-0.2409468989317E-02, 0.1680698572396E-02,-0.1205597317463E-02, 0.4068813914925E-02,-0.3123488663619E-03
 0.5901549301412E-03,-0.2818903871502E-02, 0.2704375266252E-02,-0.1186717302992E-02,-0.2534685106555E-02, 0.1532956589264E-02,-0.1279795668472E-02, 0.3982702636457E-02,-0.4144899089282E-03
 0.4446197235713E-03,-0.3065746274770E-02, 0.2453998634173E-02,-0.1319858898179E-02,-0.2610890058206E-02, 0.1238184011164E-02,-0.1471923190810E-02, 0.3963837051984E-02,-0.6189402358704E-03
 0.2009231827198E-02,-0.1887074846532E-02, 0.4074256260391E-02, 0.7848852704701E-04,-0.1377332550552E-02, 0.2884454266979E-02,-0.1211955836667E-03, 0.5282368123652E-02, 0.6027349636069E-03
 0.1739827551043E-02,-0.1844872431358E-02, 0.3899054960915E-02,-0.1857019317950E-03,-0.1614956875256E-02, 0.2635289732815E-02,-0.3471261051816E-03, 0.5276922207307E-02, 0.6549317354632E-03
 0.1459441944797E-02,-0.2032715503400E-02, 0.3715582715109E-02,-0.3604545554344E-03,-0.1800342687229E-02, 0.2371683842007E-02,-0.5887709402792E-03, 0.5017370784408E-02, 0.4938921935675E-03
 0.1197004282929E-02,-0.2308139922621E-02, 0.3513938955536E-02,-0.4966366995152E-03,-0.1944251804814E-02, 0.2129907124322E-02,-0.8142458847610E-03, 0.4661387846090E-02, 0.2328045677651E-03
 0.1210859586392E-02,-0.2309037571195E-02, 0.3528059046607E-02,-0.4584048988444E-03,-0.1921343095659E-02, 0.2138629143224E-02,-0.8198372633865E-03, 0.4694957697448E-02, 0.2124492074685E-03
 0.8416898901945E-03,-0.2551876242468E-02, 0.3016534625348E-02,-0.8567589715779E-03,-0.2150687230196E-02, 0.1856923327388E-02,-0.1089149285084E-02, 0.4290823387730E-02,-0.1367620161795E-03
 0.7669285614658E-03,-0.2613559541154E-02, 0.2919839538991E-02,-0.9696509068314E-03,-0.2293281388239E-02, 0.1776853496119E-02,-0.1125261699693E-02, 0.4152640464289E-02,-0.2121213492152E-03
 0.6850082558365E-03,-0.2731651657523E-02, 0.2794845916510E-02,-0.1077966975761E-02,-0.2419245474022E-02, 0.1628994316377E-02,-0.1199772290846E-02, 0.4066765272851E-02,-0.3146763780542E-03
 0.5391118068114E-03,-0.2978551635456E-02, 0.2544326316442E-02,-0.1211859879012E-02,-0.2496418710673E-02, 0.1334292743210E-02,-0.1392149333727E-02, 0.4048878959547E-02,-0.5195358540171E-03
 0.2055846987684E-02,-0.2412122760170E-02, 0.4530200147538E-02,-0.5038460977057E-04,-0.2015200663475E-02, 0.3128520580937E-02,-0.3969745415491E-03, 0.5926786110428E-02, 0.6857521826266E-03
 0.1766813657846E-02,-0.2364066075035E-02, 0.4337161272939E-02,-0.3232818598444E-03,-0.2254391557774E-02, 0.2862204602854E-02,-0.6323619816485E-03, 0.5906934533087E-02, 0.7339606164072E-03
 0.1473905206149E-02,-0.2547644570002E-02, 0.4139785829191E-02,-0.5012723705583E-03,-0.2437457155474E-02, 0.2584740524191E-02,-0.8803856616002E-03, 0.5627926816589E-02, 0.5665164108503E-03
 0.1203460069501E-02,-0.2819605244644E-02, 0.3926171772215E-02,-0.6382422962093E-03,-0.2577113523736E-02, 0.2331946363558E-02,-0.1109967949026E-02, 0.5251718286576E-02, 0.2980434190131E-03
 0.1220922980265E-02,-0.2817972519727E-02, 0.3943543167159E-02,-0.5959634355350E-03,-0.2551898763118E-02, 0.2344038780693E-02,-0.1113011922285E-02, 0.5288749031504E-02, 0.2802979112767E-03
 0.8353134889989E-03,-0.3055661131251E-02, 0.3402619642257E-02,-0.1004665009512E-02,-0.2777062840594E-02, 0.2043639870821E-02,-0.1389497816790E-02, 0.4855520088581E-02,-0.8349351127301E-04
 0.7573232399845E-03,-0.3114798626556E-02, 0.3299199770474E-02,-0.1119642112718E-02,-0.2918458627645E-02, 0.1958530695087E-02,-0.1425768191480E-02, 0.4704236609020E-02,-0.1617320153472E-03
 0.6723680300590E-03,-0.3228317909684E-02, 0.3166945502466E-02,-0.1229405876220E-02,-0.3042285452675E-02, 0.1803930876132E-02,-0.1500894453964E-02, 0.4624123567208E-02,-0.2675390071439E-03
 0.5221826179209E-03,-0.3466450545500E-02, 0.2905052944465E-02,-0.1364163421962E-02,-0.3114656029858E-02, 0.1498200396227E-02,-0.1695765799683E-02, 0.4645150981741E-02,-0.4778558329893E-03
 0.2179665107982E-02,-0.2281642793919E-02, 0.4641906951373E-02, 0.7140003552134E-04,-0.1884626983083E-02, 0.3257241874111E-02,-0.2874148907286E-03, 0.6018634266908E-02, 0.7249440895454E-03
 0.1891070866661E-02,-0.2235298228388E-02, 0.4449439297533E-02,-0.2019298446857E-03,-0.2124833557441E-02, 0.2991619374676E-02,-0.5227525257323E-03, 0.5999274216566E-02, 0.7729677688916E-03
 0.1598051979648E-02,-0.2420734701547E-02, 0.4252117161015E-02,-0.3809241730957E-03,-0.2309376893944E-02, 0.2714432188172E-02,-0.7711881462151E-03, 0.5720997567903E-02, 0.6053042365467E-03
 0.1327172548607E-02,-0.2694541046768E-02, 0.4038313142836E-02,-0.5191241614703E-03,-0.2450675992610E-02, 0.2461609696828E-02,-0.1001445982577E-02, 0.5345515756839E-02, 0.3365968451955E-03
 0.1344762123453E-02,-0.2692882556412E-02, 0.4055983745647E-02,-0.4767884668611E-03,-0.2425428577157E-02, 0.2473907233909E-02,-0.1004410346142E-02, 0.5382838355472E-02, 0.3190201172379E-03
 0.9580884611031E-03,-0.2933618686874E-02, 0.3514749865564E-02,-0.8873059651595E-03,-0.2653217476507E-02, 0.2172776328542E-02,-0.1282325224540E-02, 0.4949782391194E-02,-0.4537610378662E-04
 0.8796158075479E-03,-0.2993930798013E-02, 0.3411065228567E-02,-0.1002931141111E-02,-0.2795526686027E-02, 0.2087366640627E-02,-0.1319179043703E-02, 0.4798523470666E-02,-0.1238463365794E-03
 0.7940305704401E-03,-0.3108361288486E-02, 0.3278437760758E-02,-0.1113521974503E-02,-0.2920429923423E-02, 0.1932492149707E-02,-0.1394974499138E-02, 0.4718382924635E-02,-0.2299668047425E-03
 0.6429636170171E-03,-0.3347112297251E-02, 0.3016111838211E-02,-0.1249535571365E-02,-0.2994353475819E-02, 0.1626550755411E-02,-0.1590710718963E-02, 0.4739395652828E-02,-0.4407333056527E-03
 0.2324833689502E-02,-0.2131689566714E-02, 0.4774892976179E-02, 0.2119401942902E-03,-0.1749944444595E-02, 0.3369316876861E-02,-0.1873165305719E-03, 0.6106504031649E-02, 0.8185200480326E-03
 0.2036988103347E-02,-0.2086913738259E-02, 0.4583402437569E-02,-0.6157873471857E-04,-0.1990903880124E-02, 0.3104873816366E-02,-0.4221711103158E-03, 0.6087936003678E-02, 0.8663749628842E-03
 0.1744160349832E-02,-0.2274237022955E-02, 0.4386447663695E-02,-0.2413877484351E-03,-0.2176720486985E-02, 0.2828367532777E-02,-0.6706139778392E-03, 0.5810717240679E-02, 0.6985221870844E-03
 0.1473096521660E-02,-0.2550006765517E-02, 0.4172686541463E-02,-0.3806852779659E-03,-0.2319511812537E-02, 0.2575839249858E-02,-0.9011967915522E-03, 0.5436239965561E-02, 0.4295894074963E-03
 0.1490843924429E-02,-0.2548323510113E-02, 0.4190724790638E-02,-0.3382921842479E-03,-0.2294234413343E-02, 0.2588373175787E-02,-0.9040831870700E-03, 0.5474068779235E-02, 0.4122063946575E-03
 0.1103245012165E-02,-0.2792275003110E-02, 0.3649376799555E-02,-0.7505396088969E-03,-0.2524488809133E-02, 0.2286881581082E-02,-0.1182988891188E-02, 0.5041078770616E-02, 0.4699458440785E-04
 0.1024285529418E-02,-0.2853907822606E-02, 0.3545427574185E-02,-0.8668339850377E-03,-0.2667672962102E-02, 0.2201275989553E-02,-0.1220335328056E-02, 0.4889926647799E-02,-0.3186610613807E-04
 0.9380718585951E-03,-0.2969203842433E-02, 0.3412426208460E-02,-0.9782742729188E-03,-0.2793617518493E-02, 0.2046224973760E-02,-0.1296688931832E-02, 0.4809636143717E-02,-0.1384639394668E-03
 0.7861802226375E-03,-0.3208161112490E-02, 0.3149730774322E-02,-0.1115536301008E-02,-0.2869044953539E-02, 0.1740207844072E-02,-0.1493079884172E-02, 0.4830139235094E-02,-0.3498201331648E-03
 0.2469572382214E-02,-0.1983223426184E-02, 0.4907742118037E-02, 0.3482685855083E-03,-0.1627813530666E-02, 0.3464711848046E-02,-0.9202468338672E-04, 0.6192696889034E-02, 0.9385071010665E-03
 0.2182609800008E-02,-0.1939806917007E-02, 0.4717392937043E-02, 0.7475399123616E-04,-0.1869261363539E-02, 0.3201638250974E-02,-0.3262060827868E-03, 0.6175013519255E-02, 0.9861983222528E-03
 0.1890166167815E-02,-0.2128846718812E-02, 0.4520989855596E-02,-0.1056567812438E-03,-0.2056081634332E-02, 0.2926013750356E-02,-0.5744401320247E-03, 0.5898993794869E-02, 0.8181964446569E-03
 0.1619118324182E-02,-0.2406441383776E-02, 0.4307446826796E-02,-0.2458486960038E-03,-0.2200113529520E-02, 0.2673970584934E-02,-0.8051383892710E-03, 0.5525661530663E-02, 0.5490810120433E-03
 0.1637018785899E-02,-0.2404736872657E-02, 0.4325847834833E-02,-0.2034104215449E-03,-0.2174815657674E-02, 0.2686729276545E-02,-0.8079532358121E-03, 0.5564012689238E-02, 0.5318860893035E-03
 0.1248717356789E-02,-0.2651689511889E-02, 0.3784596739538E-02,-0.6171158086524E-03,-0.2407168938985E-02, 0.2385157214640E-02,-0.1087573760471E-02, 0.5131154641939E-02, 0.1658276568226E-03
 0.1169321641243E-02,-0.2714607468271E-02, 0.3680420718481E-02,-0.7340124546424E-03,-0.2551098986219E-02, 0.2299435230140E-02,-0.1125345073345E-02, 0.4980117582799E-02, 0.8651601215019E-04
 0.1082549967255E-02,-0.2830647721284E-02, 0.3547100945300E-02,-0.8462180229868E-03,-0.2677945335085E-02, 0.2144292438475E-02,-0.1202171975599E-02, 0.4899762035080E-02,-0.2061134920312E-04
 0.9299679819169E-03,-0.3069505047240E-02, 0.3284155094613E-02,-0.9845826606183E-03,-0.2754694040552E-02, 0.1838320883947E-02,-0.1399069345628E-02, 0.4919990939735E-02,-0.2325737312170E-03
 0.2466953298586E-02,-0.1974933616686E-02, 0.4897392501954E-02, 0.3527345643104E-03,-0.1619727411728E-02, 0.3448565337502E-02,-0.9470454563511E-04, 0.6169695677862E-02, 0.9434549771549E-03
 0.2180143576193E-02,-0.1931681616602E-02, 0.4707200322324E-02, 0.7918755575559E-04,-0.1861207552256E-02, 0.3185611865548E-02,-0.3288372588025E-03, 0.6152404085365E-02, 0.9910308212511E-03
 0.1887859189307E-02,-0.2120857141141E-02, 0.4511110610849E-02,-0.1012515391340E-03,-0.2048105110029E-02, 0.2910208275288E-02,-0.5770235874966E-03, 0.5876773312374E-02, 0.8230440250309E-03
 0.1616979309854E-02,-0.2398560559620E-02, 0.4297975071379E-02,-0.2414497000463E-03,-0.2192229932876E-02, 0.2658442167364E-02,-0.8076710576818E-03, 0.5503864254943E-02, 0.5540243185477E-03
 0.1634699798521E-02,-0.2396892042894E-02, 0.4315996262723E-02,-0.1991205668814E-03,-0.2166958107368E-02, 0.2670976655980E-02,-0.8105358130709E-03, 0.5541625159332E-02, 0.5367078838339E-03
 0.1246949760955E-02,-0.2643952555678E-02, 0.3775973323851E-02,-0.6125911386899E-03,-0.2399400765113E-02, 0.2370172801088E-02,-0.1089979526384E-02, 0.5110454870980E-02, 0.1710050950064E-03
 0.1167687102810E-02,-0.2706902121968E-02, 0.3672075202268E-02,-0.7294255858232E-03,-0.2543352007838E-02, 0.2284662165294E-02,-0.1127705981691E-02, 0.4959859215170E-02, 0.9177154607028E-04
 0.1081078609594E-02,-0.2823008852562E-02, 0.3539110419748E-02,-0.8415625883926E-03,-0.2670233682967E-02, 0.2129793840996E-02,-0.1204474940838E-02, 0.4879537562254E-02,-0.1525162830841E-04
 0.9287388468490E-03,-0.3062013836555E-02, 0.3276727604499E-02,-0.9798471990696E-03,-0.2747060701499E-02, 0.1824237538144E-02,-0.1401282171230E-02, 0.4899140896317E-02,-0.2270446786290E-03
 0.2670638701091E-02,-0.1774593795665E-02, 0.5087365337245E-02, 0.5164209411823E-03,-0.1487848507111E-02, 0.3605326731163E-02, 0.1027585828385E-03, 0.6369257819261E-02, 0.1145822662687E-02
 0.2385144301673E-02,-0.1733003530558E-02, 0.4898824990295E-02, 0.2432943758254E-03,-0.1729473163432E-02, 0.3344378391155E-02,-0.1304785809437E-03, 0.6352790235114E-02, 0.1193158032589E-02
 0.2093613551637E-02,-0.1924168972225E-02, 0.4703559380528E-02, 0.6241404206094E-04,-0.1917231390869E-02, 0.3070307573836E-02,-0.3784013102899E-03, 0.6078849387296E-02, 0.1025018609680E-02
 0.1823000759715E-02,-0.2203973250357E-02, 0.4490747492384E-02,-0.7867463793643E-04,-0.2062584838677E-02, 0.2819280850366E-02,-0.6092660042191E-03, 0.5707679201690E-02, 0.7558009723871E-03
 0.1841049301136E-02,-0.2202246791569E-02, 0.4509566051641E-02,-0.3623379126791E-04,-0.2037301914766E-02, 0.2832282635583E-02,-0.6119761197111E-03, 0.5746330513745E-02, 0.7388431133474E-03
 0.1452346285143E-02,-0.2453030834780E-02, 0.3969200818717E-02,-0.4512953479312E-03,-0.2271923992423E-02, 0.2531025969613E-02,-0.8928468819021E-03, 0.5314626520647E-02, 0.3717173683618E-03
 0.1372449977350E-02,-0.2517685694547E-02, 0.3864835047716E-02,-0.5688435114577E-03,-0.2416596399980E-02, 0.2445209339400E-02,-0.9313570619483E-03, 0.5163548495928E-02, 0.2917152569611E-03
 0.1285048937016E-02,-0.2634548052729E-02, 0.3731269685301E-02,-0.6819008841579E-03,-0.2544410021626E-02, 0.2290083650625E-02,-0.1008980790558E-02, 0.5084147077167E-02, 0.1838192547441E-03
 0.1131799149991E-02,-0.2872710499361E-02, 0.3468401254997E-02,-0.8214804686477E-03,-0.2622719352585E-02, 0.1984511704284E-02,-0.1206693358552E-02, 0.5107455560933E-02,-0.2891090170755E-04
 0.2726891745762E-02,-0.1714306672420E-02, 0.5128048112874E-02, 0.5554912788011E-03,-0.1432329837474E-02, 0.3677023054899E-02, 0.1697104440668E-03, 0.6428257599178E-02, 0.1190514184685E-02
 0.2442002728269E-02,-0.1673227519889E-02, 0.4940192752216E-02, 0.2826748274811E-03,-0.1673986780448E-02, 0.3416788771451E-02,-0.6314146529868E-04, 0.6412210023466E-02, 0.1237852563365E-02
 0.2150952990052E-02,-0.1864897071400E-02, 0.4745479442111E-02, 0.1018331917867E-03,-0.1861991096043E-02, 0.3143322891548E-02,-0.3108528708177E-03, 0.6139111915995E-02, 0.1069872022929E-02
 0.1880682871304E-02,-0.2145197798807E-02, 0.4533123904715E-02,-0.3935617019637E-04,-0.2007708063549E-02, 0.2892744729198E-02,-0.5416571522916E-03, 0.5768874749998E-02, 0.8008590923689E-03
 0.1898733429509E-02,-0.2143471424381E-02, 0.4552014043164E-02, 0.3047978808067E-05,-0.1982421169719E-02, 0.2905773044706E-02,-0.5443417972819E-03, 0.5807515878049E-02, 0.7839465205454E-03
 0.1510242852979E-02,-0.2395222668720E-02, 0.4012349036671E-02,-0.4120682406849E-03,-0.2217741071453E-02, 0.2604728813191E-02,-0.8254778623106E-03, 0.5376629135359E-02, 0.4168821768430E-03
 0.1430268651050E-02,-0.2460344997798E-02, 0.3908025171908E-02,-0.5297133175508E-03,-0.2362660667477E-02, 0.2518858413522E-02,-0.8642025605743E-03, 0.5225574537256E-02, 0.3367833922006E-03
 0.1342771846739E-02,-0.2577399554316E-02, 0.3774520223369E-02,-0.6429153189592E-03,-0.2490782976134E-02, 0.2363768504640E-02,-0.9420430941601E-03, 0.5146690707721E-02, 0.2287944217300E-03
 0.1189487584645E-02,-0.2815280561796E-02, 0.3511916593588E-02,-0.7826974175063E-03,-0.2569558485862E-02, 0.2058475675465E-02,-0.1139929167933E-02, 0.5171571618573E-02, 0.1605278949989E-04
 0.2788491306649E-02,-0.1649723963751E-02, 0.5176938752465E-02, 0.6126866631998E-03,-0.1355285155793E-02, 0.3756661398926E-02, 0.2359175749240E-03, 0.6489564778040E-02, 0.1244966100406E-02
 0.2504363310160E-02,-0.1609172547778E-02, 0.4989895769017E-02, 0.3401931328658E-03,-0.1597058624578E-02, 0.3497293933777E-02, 0.3592495774101E-05, 0.6474006429525E-02, 0.1292348514382E-02
 0.2213892838734E-02,-0.1801369984373E-02, 0.4795796001480E-02, 0.1593685638925E-03,-0.1785403572546E-02, 0.3224536060478E-02,-0.2437921783321E-03, 0.6201841032354E-02, 0.1124559501930E-02
 0.1944018865198E-02,-0.2082198682944E-02, 0.4583914227688E-02, 0.1803202750221E-04,-0.1931586216660E-02, 0.2974466061489E-02,-0.4744477660858E-03, 0.5832611701768E-02, 0.8557693942017E-03
 0.1962100265866E-02,-0.2080469746295E-02, 0.4602953649675E-02, 0.6041464731855E-04,-0.1906274920275E-02, 0.2987560604552E-02,-0.4770989854642E-03, 0.5871409236183E-02, 0.8389278837597E-03
 0.1573816303101E-02,-0.2333279503657E-02, 0.4063903772676E-02,-0.3549006626388E-03,-0.2142529461168E-02, 0.2686702816274E-02,-0.7584169573009E-03, 0.5441133701308E-02, 0.4718672175269E-03
 0.1493749233005E-02,-0.2398900112139E-02, 0.3959588087012E-02,-0.4727103328470E-03,-0.2287814130958E-02, 0.2600760252705E-02,-0.7973498468422E-03, 0.5290101492028E-02, 0.3916347994292E-03
 0.1406133078676E-02,-0.2516210912605E-02, 0.3826096137309E-02,-0.5861347230548E-03,-0.2416363514948E-02, 0.2445684865343E-02,-0.8753974022945E-03, 0.5211656655930E-02, 0.2835107287696E-03
 0.1252788921464E-02,-0.2753939449981E-02, 0.3563700954615E-02,-0.7262132106930E-03,-0.2495719625020E-02, 0.2140657506826E-02,-0.1073421476124E-02, 0.5237886327427E-02, 0.7071693100682E-04
 0.2881587328297E-02,-0.1555610134584E-02, 0.5264757570978E-02, 0.7241037995725E-03,-0.1233338031968E-02, 0.3849503837377E-02, 0.3160413135740E-03, 0.6569550247656E-02, 0.1345981834547E-02
 0.2598557075937E-02,-0.1515816551868E-02, 0.5078859614214E-02, 0.4518975525960E-03,-0.1475403507623E-02, 0.3591444809552E-02, 0.8453425398372E-04, 0.6554696201358E-02, 0.1393389613020E-02
 0.2308825532131E-02,-0.1708862835257E-02, 0.4885488782418E-02, 0.2709154561268E-03,-0.1664365985422E-02, 0.3319661266055E-02,-0.1623495573756E-03, 0.6283719310873E-02, 0.1225735430629E-02
 0.2039378706214E-02,-0.1990578846954E-02, 0.4674065854516E-02, 0.1291765332750E-03,-0.1811341709040E-02, 0.3070233564277E-02,-0.3927737745935E-03, 0.5915702753197E-02, 0.9570719443686E-03
 0.2057577405817E-02,-0.1988837187459E-02, 0.4693459140856E-02, 0.1715831606207E-03,-0.1785975974928E-02, 0.3083511313361E-02,-0.3953641994056E-03, 0.5955028357495E-02, 0.9403832224143E-03
 0.1669283245391E-02,-0.2243339504094E-02, 0.4154746826091E-02,-0.2444956991358E-03,-0.2023797868424E-02, 0.2782767115446E-02,-0.6768980429625E-03, 0.5524883344244E-02, 0.5729276882095E-03
 0.1589010901581E-02,-0.2309712800832E-02, 0.4050311906424E-02,-0.3627028254059E-03,-0.2169715907101E-02, 0.2696723420998E-02,-0.7161055093214E-03, 0.5373849752946E-02, 0.4923726762218E-03
 0.1501124662065E-02,-0.2427501352189E-02, 0.3916658374993E-02,-0.4766263213076E-03,-0.2298987020679E-02, 0.2541611738783E-02,-0.7944337702993E-03, 0.5295686105282E-02, 0.3838940983971E-03
 0.1347526411764E-02,-0.2665270115044E-02, 0.3654259975704E-02,-0.6173679590323E-03,-0.2379281035842E-02, 0.2236786312994E-02,-0.9926507557736E-03, 0.5322856802384E-02, 0.1707907223115E-03
 0.3056843994065E-02,-0.1980138822417E-02, 0.5851570867473E-02, 0.7106670541069E-03,-0.1781787182815E-02, 0.4220091756478E-02, 0.1459209792257E-03,-0.1274021564312E-02, 0.1545135480598E-02
 0.2750722320773E-02,-0.1935973677729E-02, 0.5644437638935E-02, 0.4273642557903E-03,-0.2026656744455E-02, 0.3942424110472E-02,-0.9651138302208E-04,-0.1484364781795E-02, 0.1586809752413E-02
 0.2445646674682E-02,-0.2126467659868E-02, 0.5434033945758E-02, 0.2410734791875E-03,-0.2214400847876E-02, 0.3654362482675E-02,-0.3511841725204E-03,-0.1719840894205E-02, 0.1410797165911E-02
 0.2165851574711E-02,-0.2406426815402E-02, 0.5207812339605E-02, 0.9671181112020E-04,-0.2358116288544E-02, 0.3391675438032E-02,-0.5870397706098E-03,-0.1945576248962E-02, 0.1132784869333E-02
 0.2187724971308E-02,-0.2401889526881E-02, 0.5230559445708E-02, 0.1434145310016E-03,-0.2330078047636E-02, 0.3408330663852E-02,-0.5868034974386E-03,-0.1953120988890E-02, 0.1118775108225E-02
 0.1779041088803E-02,-0.2653964832935E-02, 0.4657725595033E-02,-0.2865558521208E-03,-0.2565848363499E-02, 0.3085499357985E-02,-0.8780689179240E-03,-0.2228330075193E-02, 0.7335097389171E-03
 0.1694259656337E-02,-0.2719116411419E-02, 0.4545029366491E-02,-0.4080000410845E-03,-0.2711308956388E-02, 0.2993203113203E-02,-0.9182212648014E-03,-0.2277353019575E-02, 0.6490323523469E-03
 0.1601979821175E-02,-0.2831773684969E-02, 0.4402486102204E-02,-0.5245750129185E-03,-0.2839218905083E-02, 0.2829911141823E-02,-0.9980544429339E-03,-0.2331032952044E-02, 0.5361500492808E-03
 0.1442265876051E-02,-0.3056874640028E-02, 0.4126536953492E-02,-0.6677236761039E-03,-0.2915617948734E-02, 0.2511980751276E-02,-0.1200010189153E-02,-0.2439039598035E-02, 0.3159790530278E-03
 0.3176671658883E-02,-0.1850113837168E-02, 0.5959379950290E-02, 0.8306329235515E-03,-0.1650735879913E-02, 0.4344903225125E-02, 0.2543589254042E-03,-0.1231775883532E-02, 0.1582860033592E-02
 0.2871320669462E-02,-0.1807546993822E-02, 0.5753208109105E-02, 0.5471368019806E-03,-0.1896525411705E-02, 0.4068215420136E-02, 0.1210622512484E-04,-0.1441705655724E-02, 0.1624525555697E-02
 0.2566445797092E-02,-0.1999754863601E-02, 0.5543205739812E-02, 0.3600521756882E-03,-0.2085661763573E-02, 0.3780739271877E-02,-0.2428403396604E-03,-0.1677265295826E-02, 0.1448452956879E-02
 0.2286495666535E-02,-0.2281414209805E-02, 0.5317100511390E-02, 0.2146445603852E-03,-0.2230945938611E-02, 0.3518316773234E-02,-0.4792386310141E-03,-0.1903363931728E-02, 0.1170344929737E-02
 0.2308526312772E-02,-0.2276838427756E-02, 0.5340179465810E-02, 0.2614207765205E-03,-0.2202873449689E-02, 0.3535212017006E-02,-0.4789073298111E-03,-0.1910912217734E-02, 0.1156533573150E-02
 0.1899164129907E-02,-0.2531794384699E-02, 0.4767492153076E-02,-0.1700775744082E-03,-0.2441161770572E-02, 0.3212000696330E-02,-0.7714218416766E-03,-0.2186814702484E-02, 0.7708333608752E-03
 0.1814025067489E-02,-0.2598050859284E-02, 0.4654682993614E-02,-0.2920735949888E-03,-0.2587488390118E-02, 0.3119527487378E-02,-0.8121019080275E-03,-0.2236180628105E-02, 0.6861903511356E-03
 0.1721248446661E-02,-0.2711602235170E-02, 0.4511924262143E-02,-0.4093771344111E-03,-0.2716429005207E-02, 0.2956120887827E-02,-0.8925388353229E-03,-0.2290298740545E-02, 0.5730629019369E-03
 0.1560842745669E-02,-0.2937386494760E-02, 0.4235756269807E-02,-0.5536513552145E-03,-0.2794334760716E-02, 0.2638238439976E-02,-0.1095256038761E-02,-0.2398912909797E-02, 0.3525312963390E-03
 0.3318404867806E-02,-0.1700086233801E-02, 0.6088553306842E-02, 0.9695783579705E-03,-0.1515300491618E-02, 0.4453871503239E-02, 0.3537215662990E-03,-0.1138497690933E-02, 0.1674926931749E-02
 0.3014165196554E-02,-0.1658955313721E-02, 0.5883790567843E-02, 0.6861714090238E-03,-0.1761735172839E-02, 0.4178652946294E-02, 0.1120915770454E-03,-0.1348148396287E-02, 0.1716602214143E-02
 0.2709822118142E-02,-0.1852878948669E-02, 0.5674547311727E-02, 0.4985094598359E-03,-0.1952046117991E-02, 0.3892149733068E-02,-0.1427204758692E-03,-0.1583781205946E-02, 0.1540540885171E-02
 0.2429992323641E-02,-0.2136329075217E-02, 0.5448828955183E-02, 0.3522080544372E-03,-0.2098736569325E-02, 0.3630289907403E-02,-0.3793116222925E-03,-0.1810196874777E-02, 0.1262403912290E-02
 0.2452224861486E-02,-0.2131715220541E-02, 0.5472298318990E-02, 0.3990626487966E-03,-0.2070636055533E-02, 0.3647478667659E-02,-0.3788853745072E-03,-0.1817698647806E-02, 0.1248831616636E-02
 0.2042339350656E-02,-0.2389696549394E-02, 0.4899988607574E-02,-0.3385094887102E-04,-0.2311268959534E-02, 0.3324212594125E-02,-0.6722193150552E-03,-0.2094579809420E-02, 0.8625469046380E-03
 0.1956844882753E-02,-0.2457201682943E-02, 0.4787078696885E-02,-0.1564121201107E-03,-0.2458423651993E-02, 0.3231659484375E-02,-0.7133377797817E-03,-0.2144434037767E-02, 0.7775940538678E-03
 0.1863577634165E-02,-0.2571590042573E-02, 0.4644117075796E-02,-0.2744600264095E-03,-0.2588359216542E-02, 0.3068216668550E-02,-0.7942710923759E-03,-0.2199130552849E-02, 0.6640768167597E-03
 0.1702542010083E-02,-0.2797613349617E-02, 0.4367809829950E-02,-0.4198438842691E-03,-0.2667717058572E-02, 0.2750474093652E-02,-0.9975480795659E-03,-0.2308469689201E-02, 0.4430840770326E-03
 0.3460234538030E-02,-0.1551285758400E-02, 0.6217914631388E-02, 0.1104562534945E-02,-0.1392346890633E-02, 0.4546786285098E-02, 0.4485110062859E-03,-0.1020686236731E-02, 0.1793439319334E-02
 0.3157227629021E-02,-0.1511382006888E-02, 0.6014710517650E-02, 0.8214339330128E-03,-0.1639166035921E-02, 0.4273206447476E-02, 0.2076905022391E-03,-0.1230174988590E-02, 0.1835114186129E-02
 0.2853599544892E-02,-0.1706849223321E-02, 0.5806402599849E-02, 0.6334031112978E-03,-0.1830383724741E-02, 0.3987848333981E-02,-0.4677581974912E-04,-0.1465866397560E-02, 0.1659114742048E-02
 0.2574082412326E-02,-0.1991949160973E-02, 0.5581240931605E-02, 0.4864062401852E-03,-0.1978229729781E-02, 0.3726712003413E-02,-0.2833560023671E-03,-0.1692536384993E-02, 0.1381014412964E-02
 0.2596513585500E-02,-0.1987302711584E-02, 0.5605093546388E-02, 0.5333264236818E-03,-0.1950112684858E-02, 0.3744187829500E-02,-0.2828433123530E-03,-0.1699962353376E-02, 0.1367679040806E-02
 0.2186309508615E-02,-0.2248094213035E-02, 0.5033356558285E-02, 0.9925903130651E-04,-0.2192725779278E-02, 0.3421104926263E-02,-0.5767301202447E-03,-0.1977915780651E-02, 0.9808048032725E-03
 0.2100503841839E-02,-0.2316816099335E-02, 0.4920374517053E-02,-0.2380501994579E-04,-0.2340584082016E-02, 0.3328538916331E-02,-0.6182235985086E-03,-0.2028310747444E-02, 0.8954849562058E-03
 0.2006809071049E-02,-0.2431914842605E-02, 0.4777258670097E-02,-0.1425179117207E-03,-0.2471378709340E-02, 0.3165124914071E-02,-0.6995731907833E-03,-0.2083626068906E-02, 0.7815323858549E-03
 0.1845267975698E-02,-0.2657848405442E-02, 0.4500928590406E-02,-0.2888710510036E-03,-0.2552006765695E-02, 0.2847608160919E-02,-0.9032677729147E-03,-0.2193699376556E-02, 0.5600800708671E-03
 0.3454735790143E-02,-0.1544690492260E-02, 0.6203960552060E-02, 0.1106648213358E-02,-0.1385555935039E-02, 0.4527822644637E-02, 0.4439306664101E-03,-0.1004192064203E-02, 0.1795812990999E-02
 0.3151941815358E-02,-0.1504947822302E-02, 0.6001061590998E-02, 0.8235192671577E-03,-0.1632405740843E-02, 0.4254400709138E-02, 0.2031638511962E-03,-0.1213725662329E-02, 0.1837388888947E-02
 0.2848548136410E-02,-0.1700527831408E-02, 0.5793228297178E-02, 0.6355069432510E-03,-0.1823694019282E-02, 0.3969331567933E-02,-0.5123524789041E-04,-0.1449440743418E-02, 0.1661459156031E-02
 0.2569279830599E-02,-0.1985703722071E-02, 0.5568618750336E-02, 0.4885587676797E-03,-0.1971622427504E-02, 0.3708552960841E-02,-0.2877364960237E-03,-0.1676133904339E-02, 0.1383527881969E-02
 0.2591481821633E-02,-0.1981108017890E-02, 0.5591889011863E-02, 0.5353327742746E-03,-0.1943535534944E-02, 0.3725736608365E-02,-0.2872950963259E-03,-0.1683523333590E-02, 0.1370031050334E-02
 0.2182019647594E-02,-0.2241935958047E-02, 0.5021703216523E-02, 0.1016449657097E-03,-0.2186206261889E-02, 0.3403618308269E-02,-0.5809249001259E-03,-0.1961640853160E-02, 0.9836770692747E-03
 0.2096390830562E-02,-0.2310659214850E-02, 0.4909105369388E-02,-0.2131957740883E-04,-0.2334068798781E-02, 0.3311309582338E-02,-0.6223505511647E-03,-0.2012138638891E-02, 0.8984744951717E-03
 0.2002915386767E-02,-0.2425822237628E-02, 0.4766454460335E-02,-0.1399184192062E-03,-0.2464879888474E-02, 0.3148229324413E-02,-0.7036135419132E-03,-0.2067576275123E-02, 0.7846774880489E-03
 0.1841707708902E-02,-0.2651951281454E-02, 0.4490780733039E-02,-0.2861234626247E-03,-0.2545565635720E-02, 0.2831219585322E-02,-0.9071761526599E-03,-0.2177786494074E-02, 0.5634788070198E-03
 0.3656946931160E-02,-0.1342285175831E-02, 0.6392495961497E-02, 0.1270883826890E-02,-0.1251348541414E-02, 0.4683614137147E-02, 0.6423787010393E-03,-0.8174605443766E-03, 0.1998213139849E-02
 0.3355893117979E-02,-0.1304023990874E-02, 0.6191664900474E-02, 0.9885061562006E-03,-0.1498211100188E-02, 0.4412540409027E-02, 0.4027123904435E-03,-0.1026907668833E-02, 0.2039741904225E-02
 0.3053653343736E-02,-0.1501365574360E-02, 0.5985030078093E-02, 0.8003306348328E-03,-0.1690237949676E-02, 0.4129127825910E-02, 0.1487829150685E-03,-0.1262655717255E-02, 0.1863935406607E-02
 0.2775006349610E-02,-0.1788415990863E-02, 0.5761088524814E-02, 0.6527224744053E-03,-0.1839289836303E-02, 0.3869371732452E-02,-0.8774796059217E-04,-0.1489580334471E-02, 0.1586100352558E-02
 0.2797633431629E-02,-0.1783741013828E-02, 0.5785423288392E-02, 0.6996647846869E-03,-0.1811195292719E-02, 0.3887162541512E-02,-0.8712159079819E-04,-0.1496849888088E-02, 0.1573061239675E-02
 0.2387605666429E-02,-0.2048067581217E-02, 0.5215273347390E-02, 0.2646690828463E-03,-0.2055911706677E-02, 0.3564810393139E-02,-0.3819668547946E-03,-0.1776461854604E-02, 0.1185571397425E-02
 0.2301478150309E-02,-0.2118424578083E-02, 0.5102298671090E-02, 0.1410884422622E-03,-0.2204457806523E-02, 0.3472299333680E-02,-0.4241239506578E-03,-0.1827724062373E-02, 0.1099694342350E-02
 0.2207345442408E-02,-0.2234286362253E-02, 0.4959164708366E-02, 0.2166444649119E-04,-0.2336162220351E-02, 0.3309084519830E-02,-0.5061748184239E-03,-0.1883998932088E-02, 0.9851308552857E-03
 0.2045417236152E-02,-0.2459515923363E-02, 0.4683285538195E-02,-0.1257084484549E-03,-0.2418276101316E-02, 0.2992253330696E-02,-0.7105159626388E-03,-0.1995135236361E-02, 0.7631724009934E-03
 0.3711618187682E-02,-0.1282052315997E-02, 0.6431570912835E-02, 0.1309243408777E-02,-0.1195530360142E-02, 0.4753297901800E-02, 0.7088657644496E-03,-0.7737767381518E-03, 0.2042024386377E-02
 0.3411317363202E-02,-0.1244245074219E-02, 0.6231577934148E-02, 0.1027277316577E-02,-0.1442380585055E-02, 0.4483080512682E-02, 0.4696512167039E-03,-0.9828951536611E-03, 0.2083630820140E-02
 0.3109711353604E-02,-0.1442010285862E-02, 0.6025638584945E-02, 0.8392416401555E-03,-0.1634610180788E-02, 0.4200437206339E-02, 0.2160091681426E-03,-0.1218384271830E-02, 0.1908084815066E-02
 0.2831551177732E-02,-0.1729472743595E-02, 0.5802294356583E-02, 0.6916267712287E-03,-0.1783986061106E-02, 0.3941289711515E-02,-0.2038598359201E-04,-0.1445144991615E-02, 0.1630562055850E-02
 0.2854184603249E-02,-0.1724801021742E-02, 0.5826797933409E-02, 0.7385318256200E-03,-0.1755894925649E-02, 0.3959113851809E-02,-0.1973798383880E-04,-0.1452382282107E-02, 0.1617574291604E-02
 0.2444572402547E-02,-0.1989988568011E-02, 0.5257557227827E-02, 0.3036210227259E-03,-0.2001244330542E-02, 0.3637169071396E-02,-0.3147380060121E-03,-0.1732084831859E-02, 0.1230289013770E-02
 0.2358425155006E-02,-0.2060777936776E-02, 0.5144662445839E-02, 0.1799848418375E-03,-0.2150014468379E-02, 0.3544664374207E-02,-0.3570832807753E-03,-0.1783490921193E-02, 0.1144355784579E-02
 0.2264262015162E-02,-0.2176809818975E-02, 0.5001643225054E-02, 0.6046214823352E-04,-0.2282003370145E-02, 0.3381570556464E-02,-0.4393158134778E-03,-0.1839928118877E-02, 0.1029747618580E-02
 0.2102399993765E-02,-0.2401750371403E-02, 0.4726169345180E-02,-0.8704528930435E-04,-0.2364554607229E-02, 0.3065167966316E-02,-0.6437664157975E-03,-0.1951201671569E-02, 0.8078566672402E-03
 0.3771895197376E-02,-0.1217280834329E-02, 0.6479195869979E-02, 0.1365882955893E-02,-0.1117871745647E-02, 0.4831153447881E-02, 0.7748657174002E-03,-0.7223730181745E-03, 0.2095829256836E-02
 0.3472516969833E-02,-0.1179932062989E-02, 0.6280169631358E-02, 0.1084366492392E-02,-0.1364781118326E-02, 0.4561959266776E-02, 0.5362517612012E-03,-0.9310918519224E-03, 0.2137564871557E-02
 0.3171652207799E-02,-0.1378136023461E-02, 0.6074982740696E-02, 0.8964655535637E-03,-0.1557297628357E-02, 0.4280196707525E-02, 0.2830165248577E-03,-0.1166261181427E-02, 0.1962322163967E-02
 0.2894037879266E-02,-0.1666036218846E-02, 0.5852251300636E-02, 0.7488088990626E-03,-0.1707091601652E-02, 0.4021721823903E-02, 0.4684692519277E-04,-0.1392814224302E-02, 0.1685138559170E-02
 0.2916716326237E-02,-0.1661363138210E-02, 0.5877065913989E-02, 0.7956957640344E-03,-0.1678985758646E-02, 0.4039631656001E-02, 0.4752768919971E-04,-0.1400014734065E-02, 0.1672236268614E-02
 0.2507508394674E-02,-0.1927499326759E-02, 0.5308619182889E-02, 0.3607434816681E-03,-0.1925193241683E-02, 0.3718059298644E-02,-0.2475476968083E-03,-0.1679804320628E-02, 0.1285098358374E-02
 0.2421328005099E-02,-0.1998751908689E-02, 0.5195760594146E-02, 0.2369901562209E-03,-0.2074300616186E-02, 0.3625543023781E-02,-0.2900749982534E-03,-0.1731366974727E-02, 0.1199073384583E-02
 0.2327111013530E-02,-0.2115016862291E-02, 0.5052797357792E-02, 0.1172959136222E-03,-0.2206688421703E-02, 0.3462548543813E-02,-0.3724807248754E-03,-0.1787979071119E-02, 0.1084379202266E-02
 0.2165287792114E-02,-0.2339792952330E-02, 0.4777672253050E-02,-0.3043462561659E-04,-0.2289788704253E-02, 0.3146559711030E-02,-0.5770087003348E-03,-0.1899393888556E-02, 0.8625163417253E-03
 0.3863824745139E-02,-0.1122433048730E-02, 0.6565891194144E-02, 0.1476912974200E-02,-0.9946518763417E-03, 0.4922674692144E-02, 0.8552366190295E-03,-0.6284949291541E-03, 0.2196410801040E-02
 0.3565777708553E-02,-0.1085734340576E-02, 0.6368231068622E-02, 0.1195894670834E-02,-0.1241762509939E-02, 0.4654994097696E-02, 0.6175463715339E-03,-0.8368441013392E-03, 0.2238290381666E-02
 0.3265872484342E-02,-0.1284660288738E-02, 0.6163966898158E-02, 0.1008013434344E-02,-0.1434814145401E-02, 0.4374409102804E-02, 0.3649173701115E-03,-0.1071730764947E-02, 0.2063343870548E-02
 0.2988881429531E-02,-0.1573324789612E-02, 0.5941881673600E-02, 0.8601041413084E-03,-0.1585330358979E-02, 0.4116759612342E-02, 0.1290749865443E-03,-0.1298145122987E-02, 0.1786456595793E-02
 0.3011718389841E-02,-0.1568633516255E-02, 0.5967292344798E-02, 0.9070303428258E-03,-0.1557182027261E-02, 0.4134908847361E-02, 0.1298256047857E-03,-0.1305277974085E-02, 0.1773747888270E-02
 0.2602731256211E-02,-0.1836325035074E-02, 0.5399380025600E-02, 0.4715408919152E-03,-0.1804850825473E-02, 0.3813626764218E-02,-0.1653484398963E-03,-0.1585517734406E-02, 0.1386401067798E-02
 0.2516423659405E-02,-0.1908287394076E-02, 0.5286443047315E-02, 0.3474612372830E-03,-0.1954553464605E-02, 0.3721078073260E-02,-0.2081188165914E-03,-0.1637404018332E-02, 0.1300110886114E-02
 0.2422017563184E-02,-0.2025001333697E-02, 0.5143371069841E-02, 0.2273395290739E-03,-0.2087625604201E-02, 0.3558134328034E-02,-0.2907673992579E-03,-0.1694371735305E-02, 0.1185127957348E-02
 0.2260055348059E-02,-0.2249799421265E-02, 0.4868405920926E-02, 0.7904324207316E-04,-0.2171623166670E-02, 0.3242490371289E-02,-0.4954235106365E-03,-0.1806131971005E-02, 0.9630639300359E-03
 0.4171347740806E-02,-0.1441244726449E-02,-0.2934713234580E-02, 0.1582839296160E-02,-0.1448063733533E-02, 0.5422602709029E-02, 0.7956706841381E-03,-0.1130975099794E-02, 0.2514660865038E-02
 0.3846517300275E-02,-0.1401831860329E-02,-0.2859291202630E-02, 0.1288107250350E-02,-0.1699410022981E-02, 0.5132692358936E-02, 0.5454273099475E-03,-0.1346351017888E-02, 0.2548956549875E-02
 0.3528242475736E-02,-0.1600134510580E-02,-0.2980960057512E-02, 0.1092658428138E-02,-0.1892523522912E-02, 0.4833244480132E-02, 0.2834387329856E-03,-0.1586309077329E-02, 0.2363550450002E-02
 0.3238388480384E-02,-0.1888965659549E-02,-0.3194860241173E-02, 0.9401338927568E-03,-0.2040931072491E-02, 0.4559932096403E-02, 0.4069105633736E-04,-0.1816053025428E-02, 0.2075193549198E-02
 0.3264924404048E-02,-0.1881248042582E-02,-0.3230662407321E-02, 0.9915567519225E-03,-0.2009751114523E-02, 0.4581314376696E-02, 0.4451268012960E-04,-0.1821602045780E-02, 0.2065155448879E-02
 0.2831403830022E-02,-0.2149465383040E-02,-0.3479916362632E-02, 0.5384219354250E-03,-0.2257735677254E-02, 0.4234405909317E-02,-0.2631371836772E-03,-0.2105713576853E-02, 0.1656631279916E-02
 0.2739217383813E-02,-0.2221634167304E-02,-0.3526135141919E-02, 0.4098700385799E-03,-0.2407820511727E-02, 0.4134351382361E-02,-0.3077048218179E-03,-0.2156772609489E-02, 0.1565319641732E-02
 0.2638971604759E-02,-0.2332688435827E-02,-0.3594391701377E-02, 0.2858126371894E-03,-0.2540405517811E-02, 0.3961738686829E-02,-0.3928213693628E-03,-0.2212681564113E-02, 0.1444721192268E-02
 0.2468969053735E-02,-0.2540832840544E-02,-0.3749369016854E-02, 0.1334685619341E-03,-0.2621524558169E-02, 0.3630794912994E-02,-0.6025717492985E-03,-0.2323963503758E-02, 0.1213886074839E-02
 0.4286584800159E-02,-0.1312179689940E-02,-0.2810443445661E-02, 0.1700528496488E-02,-0.1317019984635E-02, 0.5542981797497E-02, 0.9025059836888E-03,-0.1088597872419E-02, 0.2550679959742E-02
 0.3962891243003E-02,-0.1274228956643E-02,-0.2736684860297E-02, 0.1405872467382E-02,-0.1569164344980E-02, 0.5254364759827E-02, 0.6525944256413E-03,-0.1303506420711E-02, 0.2585157829059E-02
 0.3645162104216E-02,-0.1474074404136E-02,-0.2860361352641E-02, 0.1209866008285E-02,-0.1763559992014E-02, 0.4955834215284E-02, 0.3904941826638E-03,-0.1543498640148E-02, 0.2399866580013E-02
 0.3355462235596E-02,-0.1764433383109E-02,-0.3076326014450E-02, 0.1056502469218E-02,-0.1913440139098E-02, 0.4683101789650E-02, 0.1473597533956E-03,-0.1773564736767E-02, 0.2111567651855E-02
 0.3382186353533E-02,-0.1756661008032E-02,-0.3112100599266E-02, 0.1108018925626E-02,-0.1882222716951E-02, 0.4704789275508E-02, 0.1512955339252E-03,-0.1779087517998E-02, 0.2101767394953E-02
 0.2948409716046E-02,-0.2027561338253E-02,-0.3364532213482E-02, 0.6536775512601E-03,-0.2132586786865E-02, 0.4357877798239E-02,-0.1573936694550E-03,-0.2063879385712E-02, 0.1692992515203E-02
 0.2856004262879E-02,-0.2100752336480E-02,-0.3411855973049E-02, 0.5246817724446E-03,-0.2283476799663E-02, 0.4257777965728E-02,-0.2024234119336E-03,-0.2115281954355E-02, 0.1601587447503E-02
 0.2755409689412E-02,-0.2212677500962E-02,-0.3481429237173E-02, 0.4000062796634E-03,-0.2417033638659E-02, 0.4085219987292E-02,-0.2880668134157E-03,-0.2171634981906E-02, 0.1480818641722E-02
 0.2584923752119E-02,-0.2421573946064E-02,-0.3638328804247E-02, 0.2466829473609E-03,-0.2499599079047E-02, 0.3754604171894E-02,-0.4984576026273E-03,-0.2283528690462E-02, 0.1249722043985E-02
 0.4424296207880E-02,-0.1162554760239E-02,-0.2667554468278E-02, 0.1837396006859E-02,-0.1181303924970E-02, 0.5648387622251E-02, 0.1000707366584E-02,-0.9945016494683E-03, 0.2640890672084E-02
 0.4102114786082E-02,-0.1125882194626E-02,-0.2595386803885E-02, 0.1543141612654E-02,-0.1433957336826E-02, 0.5361554893788E-02, 0.7515806369423E-03,-0.1209071854550E-02, 0.2675574299583E-02
 0.3785291639805E-02,-0.1327242629425E-02,-0.2721069731929E-02, 0.1346822840599E-02,-0.1629403113189E-02, 0.5064314982551E-02, 0.4897789474736E-03,-0.1449077891180E-02, 0.2490514272845E-02
 0.3496045625162E-02,-0.1619190474562E-02,-0.2939144638037E-02, 0.1192792173748E-02,-0.1780581005080E-02, 0.4792437376733E-02, 0.2466044152455E-03,-0.1679407459233E-02, 0.2202401976133E-02
 0.3523025692565E-02,-0.1611360977111E-02,-0.2974884810400E-02, 0.1244414711156E-02,-0.1749334164868E-02, 0.4814487204296E-02, 0.2506582792625E-03,-0.1684874512783E-02, 0.2192896307223E-02
 0.3089160415221E-02,-0.1885066035562E-02,-0.3230635926956E-02, 0.7890050878853E-03,-0.2001892139532E-02, 0.4467847034114E-02,-0.5865470922001E-04,-0.1970587989122E-02, 0.1783786109840E-02
 0.2996544753642E-02,-0.1959419922351E-02,-0.3279130941437E-02, 0.6595610292825E-03,-0.2153549622322E-02, 0.4367793640595E-02,-0.1040591874872E-03,-0.2022469187261E-02, 0.1692160422542E-02
 0.2895610987790E-02,-0.2072146349346E-02,-0.3350102152783E-02, 0.5342585814243E-03,-0.2288041664006E-02, 0.4195351241242E-02,-0.1901269642600E-03,-0.2079391292049E-02, 0.1571098174538E-02
 0.2724707067766E-02,-0.2281316668556E-02,-0.3509032023628E-02, 0.3799792102045E-03,-0.2371993225973E-02, 0.3865107192782E-02,-0.4009680554006E-03,-0.2191989516877E-02, 0.1339680822376E-02
 0.4562678497710E-02,-0.1013850936953E-02,-0.2526813814401E-02, 0.1970581068907E-02,-0.1057948725952E-02, 0.5738429457097E-02, 0.1094604817021E-02,-0.8755174414396E-03, 0.2757534029859E-02
 0.4242116457435E-02,-0.9782489911995E-03,-0.2456061607594E-02, 0.1676912477618E-02,-0.1310855894546E-02, 0.5453527309097E-02, 0.8464451963915E-03,-0.1089868352049E-02, 0.2792397839229E-02
 0.3926370440066E-02,-0.1180950895110E-02,-0.2583557500491E-02, 0.1480484038591E-02,-0.1507087254475E-02, 0.5157720842733E-02, 0.5851466968175E-03,-0.1329873061526E-02, 0.2607631412079E-02
 0.3637760375520E-02,-0.1474344723130E-02,-0.2803557107099E-02, 0.1325978241646E-02,-0.1659314566893E-02, 0.4886827554647E-02, 0.3421282403802E-03,-0.1560400774326E-02, 0.2319795958017E-02
 0.3664998726717E-02,-0.1466465033796E-02,-0.2839258700059E-02, 0.1377694561628E-02,-0.1628051442152E-02, 0.4909227167859E-02, 0.3462902075819E-03,-0.1565797452379E-02, 0.2310585304669E-02
 0.3231227824562E-02,-0.1742760449274E-02,-0.3098089917463E-02, 0.9214645332886E-03,-0.1882444093803E-02, 0.4563050499868E-02, 0.3660714524004E-04,-0.1852502027727E-02, 0.1901162807596E-02
 0.3138438562188E-02,-0.1818249585778E-02,-0.3147687477199E-02, 0.7916292349487E-03,-0.2034750561242E-02, 0.4463098282346E-02,-0.9113821687012E-05,-0.1904906831755E-02, 0.1809263509981E-02
 0.3037219707207E-02,-0.1931645283466E-02,-0.3219973247022E-02, 0.6657735829952E-03,-0.2170046743512E-02, 0.4290817289585E-02,-0.9553165884482E-04,-0.1962427753470E-02, 0.1687869769747E-02
 0.2866010558614E-02,-0.2140736826509E-02,-0.3380797807220E-02, 0.5106715342986E-03,-0.2255204074740E-02, 0.3960992785223E-02,-0.3066888092280E-03,-0.2075724792472E-02, 0.1456152116130E-02
 0.4554083356573E-02,-0.1009167340973E-02,-0.2513666754898E-02, 0.1970066869606E-02,-0.1052653658785E-02, 0.5716496074329E-02, 0.1087927464645E-02,-0.8599658913148E-03, 0.2757122112554E-02
 0.4233805921394E-02,-0.9737184562978E-03,-0.2443060931773E-02, 0.1676438910778E-02,-0.1305588354366E-02, 0.5431796863558E-02, 0.8398311324050E-03,-0.1074359723022E-02, 0.2791908642835E-02
 0.3918384276081E-02,-0.1176502181914E-02,-0.2570718875094E-02, 0.1480086791611E-02,-0.1501878561961E-02, 0.5136352028851E-02, 0.5786267245145E-03,-0.1314398960556E-02, 0.2607277644377E-02
 0.3630118156779E-02,-0.1469929820340E-02,-0.2790875456388E-02, 0.1325696065405E-02,-0.1654170655357E-02, 0.4865904792301E-02, 0.3357237635777E-03,-0.1544961373072E-02, 0.2319697902099E-02
 0.3657059024654E-02,-0.1462121772470E-02,-0.2826604903233E-02, 0.1377221113816E-02,-0.1622949951703E-02, 0.4887975123727E-02, 0.3397865124534E-03,-0.1550361475012E-02, 0.2310276591785E-02
 0.3224251440784E-02,-0.1738362045697E-02,-0.3085624018985E-02, 0.9215410050732E-03,-0.1877345994699E-02, 0.4542976002036E-02, 0.3046027298214E-04,-0.1837166799667E-02, 0.1901567325773E-02
 0.3131690641128E-02,-0.1813817732375E-02,-0.3135308448475E-02, 0.7918474996963E-03,-0.2029637109988E-02, 0.4443321293214E-02,-0.1516591069936E-04,-0.1889626885743E-02, 0.1809828819902E-02
 0.3030756864431E-02,-0.1927272669316E-02,-0.3207697792054E-02, 0.6661578658835E-03,-0.2164927566197E-02, 0.4271430091040E-02,-0.1014631014569E-03,-0.1947209814576E-02, 0.1688648238667E-02
 0.2859984098741E-02,-0.2136606507219E-02,-0.3368665661195E-02, 0.5112829949134E-03,-0.2250115146210E-02, 0.3942220182346E-02,-0.3124373354058E-03,-0.2060579031845E-02, 0.1457280634399E-02
 0.4754241858660E-02,-0.8051306080595E-03,-0.2334847525046E-02, 0.2134460814568E-02,-0.9164535955240E-03, 0.5870858252284E-02, 0.1286807857301E-02,-0.6702091121447E-03, 0.2959082792892E-02
 0.4436168296648E-02,-0.7709529278061E-03,-0.2265988092165E-02, 0.1841950532434E-02,-0.1169237291713E-02, 0.5588877176873E-02, 0.1040046369900E-02,-0.8844386686046E-03, 0.2994033637008E-02
 0.4122333264848E-02,-0.9752343823346E-03,-0.2395760425906E-02, 0.1645739985661E-02,-0.1366116069530E-02, 0.5295444085037E-02, 0.7795458267191E-03,-0.1124416084566E-02, 0.2809825564071E-02
 0.3835070864367E-02,-0.1270275848497E-02,-0.2618127562303E-02, 0.1490940408736E-02,-0.1519403363834E-02, 0.5026326470950E-02, 0.5368261744767E-03,-0.1355117508391E-02, 0.2522660638542E-02
 0.3862571102668E-02,-0.1262353745887E-02,-0.2653750152298E-02, 0.1542708269865E-02,-0.1488167420344E-02, 0.5049109218500E-02, 0.5411187789275E-03,-0.1360388854978E-02, 0.2513816031017E-02
 0.3429600361803E-02,-0.1541842323129E-02,-0.2916498387199E-02, 0.1086019102382E-02,-0.1744457241347E-02, 0.4704107652721E-02, 0.2308093296842E-03,-0.1648596973080E-02, 0.2104268487539E-02
 0.3336684956972E-02,-0.1618845788745E-02,-0.2967554971296E-02, 0.9558181961856E-03,-0.1897383114017E-02, 0.4604373968022E-02, 0.1845136411406E-03,-0.1701823449699E-02, 0.2011959794587E-02
 0.3235236238425E-02,-0.1732934618871E-02,-0.3041561166660E-02, 0.8294078476613E-03,-0.2033516663639E-02, 0.4432493133085E-02, 0.9750597296767E-04,-0.1760250165858E-02, 0.1890129063450E-02
 0.3063944297650E-02,-0.1941312722741E-02,-0.3204793595914E-02, 0.6735011015729E-03,-0.2120064180972E-02, 0.4103666923028E-02,-0.1141040264827E-03,-0.1874533929074E-02, 0.1658191074214E-02
 0.4807067982811E-02,-0.7451754602132E-03,-0.2288449200529E-02, 0.2171923012023E-02,-0.8605631681562E-03, 0.5938225782041E-02, 0.1352549777344E-02,-0.6260988419955E-03, 0.3001820173891E-02
 0.4489910379451E-02,-0.7113832646267E-03,-0.2220111730828E-02, 0.1879938588510E-02,-0.1113278158608E-02, 0.5657258345165E-02, 0.1106317812199E-02,-0.8399761872627E-03, 0.3036931630118E-02
 0.4176879314612E-02,-0.9159930797839E-03,-0.2350400694198E-02, 0.1683981738239E-02,-0.1310304385757E-02, 0.5364770591780E-02, 0.8461936564775E-03,-0.1079668670111E-02, 0.2853096597383E-02
 0.3890264504091E-02,-0.1211347084306E-02,-0.2573261336242E-02, 0.1529281052105E-02,-0.1463864953541E-02, 0.5096432105294E-02, 0.6036977121046E-03,-0.1310181335632E-02, 0.2566363010213E-02
 0.3917776099106E-02,-0.1203430181279E-02,-0.2608842876395E-02, 0.1581012638706E-02,-0.1432639888275E-02, 0.5119264963789E-02, 0.6080093451405E-03,-0.1315420597930E-02, 0.2557579596636E-02
 0.3485442509179E-02,-0.1483656375930E-02,-0.2872478638757E-02, 0.1124562535822E-02,-0.1689481526759E-02, 0.4774881266659E-02, 0.2976720651087E-03,-0.1603687395060E-02, 0.2148391910679E-02
 0.3392571341224E-02,-0.1561050841078E-02,-0.2923894602675E-02, 0.9943521266765E-03,-0.1842602592614E-02, 0.4675218413229E-02, 0.2512191799561E-03,-0.1657051561689E-02, 0.2056071338497E-02
 0.3291163798868E-02,-0.1675283867785E-02,-0.2998315638458E-02, 0.8678941087321E-03,-0.1978990511515E-02, 0.4503550157544E-02, 0.1640708007933E-03,-0.1715634174787E-02, 0.1934248786399E-02
 0.3120047686557E-02,-0.1883364467553E-02,-0.3162091893672E-02, 0.7119283508913E-03,-0.2065939033623E-02, 0.4175316164969E-02,-0.4757466206036E-04,-0.1830043500748E-02, 0.1702465280654E-02
 0.4865763162283E-02,-0.6804284389045E-03,-0.2236566634371E-02, 0.2227791474363E-02,-0.7825578230099E-03, 0.6013992623170E-02, 0.1418083682068E-02,-0.5740296689406E-03, 0.3054780211500E-02
 0.4549705534926E-02,-0.6470127584505E-03,-0.2168788146631E-02, 0.1936398715243E-02,-0.1035259607275E-02, 0.5734220563347E-02, 0.1172537677914E-02,-0.7874800144326E-03, 0.3090114821360E-02
 0.4237594809639E-02,-0.8519566966392E-03,-0.2299641344996E-02, 0.1740708162464E-02,-0.1232505001617E-02, 0.5442798788054E-02, 0.9129129577770E-03,-0.1026820294799E-02, 0.2906705883789E-02
 0.3951691615771E-02,-0.1147642854465E-02,-0.2523048372860E-02, 0.1586083241635E-02,-0.1386423651336E-02, 0.5175307859979E-02, 0.6707314422890E-03,-0.1257093869309E-02, 0.2620439094425E-02
 0.3979265745711E-02,-0.1139723213505E-02,-0.2558579466756E-02, 0.1637803151676E-02,-0.1355192476643E-02, 0.5198254769566E-02, 0.6750778706932E-03,-0.1262293792740E-02, 0.2611761797650E-02
 0.3547550339695E-02,-0.1420772233010E-02,-0.2823212490655E-02, 0.1181483998260E-02,-0.1612799298099E-02, 0.4854440796240E-02, 0.3647857077823E-03,-0.1550614337828E-02, 0.2202874742889E-02
 0.3454710920479E-02,-0.1498588446151E-02,-0.2875029003358E-02, 0.1051209311454E-02,-0.1766222357935E-02, 0.4754833460642E-02, 0.3181814250507E-03,-0.1604133849812E-02, 0.2110508340904E-02
 0.3353320647454E-02,-0.1613027515431E-02,-0.2949913234912E-02, 0.9246361020056E-03,-0.1902973664284E-02, 0.4583356699003E-02, 0.2308990429282E-03,-0.1662891097436E-02, 0.1988653321623E-02
 0.3182350770853E-02,-0.1820930821018E-02,-0.3114298747553E-02, 0.7685280104927E-03,-0.1990431783805E-02, 0.4255695343655E-02, 0.1924569461051E-04,-0.1777434743568E-02, 0.1756985335183E-02
 0.4956206966728E-02,-0.5850931307363E-03,-0.2150294235264E-02, 0.2338109737938E-02,-0.6584228028281E-03, 0.6103881693121E-02, 0.1498433360032E-02,-0.4787604685514E-03, 0.3154648398438E-02
 0.4641735485981E-02,-0.5522015927711E-03,-0.2083351724241E-02, 0.2047450451294E-02,-0.9112119898870E-03, 0.5825846501633E-02, 0.1253931856833E-02,-0.6917987013080E-03, 0.3190257062224E-02
 0.4330824515186E-02,-0.7577204455362E-03,-0.2215163262388E-02, 0.1851975872551E-02,-0.1108890187484E-02, 0.5535822498211E-02, 0.9950332018696E-03,-0.9308047009763E-03, 0.3007320134450E-02
 0.4045758105724E-02,-0.1054028723174E-02,-0.2439554346001E-02, 0.1697263357036E-02,-0.1263443692667E-02, 0.5269353237166E-02, 0.7532877241573E-03,-0.1160888909143E-02, 0.2721534159878E-02
 0.4073544125875E-02,-0.1046079250516E-02,-0.2475019324091E-02, 0.1749045659511E-02,-0.1232178036358E-02, 0.5292596821211E-02, 0.7577196848201E-03,-0.1166021507474E-02, 0.2713102509386E-02
 0.3642295176329E-02,-0.1328529689641E-02,-0.2741377134800E-02, 0.1292433936999E-02,-0.1491121813992E-02, 0.4949253159444E-02, 0.4474576165406E-03,-0.1454733717321E-02, 0.2304201249390E-02
 0.3549411997556E-02,-0.1407004543094E-02,-0.2793851308155E-02, 0.1161912466297E-02,-0.1645091023916E-02, 0.4849693760733E-02, 0.4006470024326E-03,-0.1508576044656E-02, 0.2211633194878E-02
 0.3447919102874E-02,-0.1521859070250E-02,-0.2869506043525E-02, 0.1034991062265E-02,-0.1782478656710E-02, 0.4678365343859E-02, 0.3131652541446E-03,-0.1567689217725E-02, 0.2089561240281E-02
 0.3276935062385E-02,-0.1729765841278E-02,-0.3034945372941E-02, 0.8784231552485E-03,-0.1870783454898E-02, 0.4351195825125E-02, 0.1014568011915E-03,-0.1682566409206E-02, 0.1857808260169E-02
 0.5399280870291E-02,-0.7933403367455E-03,-0.2806137149322E-02, 0.2566740779044E-02,-0.1010985275378E-02, 0.6736034089144E-02, 0.1553891535972E-02,-0.8914429041736E-03, 0.3594619107490E-02
 0.5054121086695E-02,-0.7595662421463E-03,-0.2731874069729E-02, 0.2259529230589E-02,-0.1269640376341E-02, 0.6432981324864E-02, 0.1295048471456E-02,-0.1113059649207E-02, 0.3620644708754E-02
 0.4721608780462E-02,-0.9666055529984E-03,-0.2857201722068E-02, 0.2054044423259E-02,-0.1468843357933E-02, 0.6121354138798E-02, 0.1025057263171E-02,-0.1358181095021E-02, 0.3425001938154E-02
 0.4420967982583E-02,-0.1265218155755E-02,-0.3075985060568E-02, 0.1892570030797E-02,-0.1622603236962E-02, 0.5836674099134E-02, 0.7747812552444E-03,-0.1592352920740E-02, 0.3125495149812E-02
 0.4452351572400E-02,-0.1254052686854E-02,-0.3110074288623E-02, 0.1948990308758E-02,-0.1587954187008E-02, 0.5862879814401E-02, 0.7824819295697E-03,-0.1595552786366E-02, 0.3119673060153E-02
 0.3992197035862E-02,-0.1540202782794E-02,-0.3369378612966E-02, 0.1470787185449E-02,-0.1849829754564E-02, 0.5490241731765E-02, 0.4568282169734E-03,-0.1890030428392E-02, 0.2686106936388E-02
 0.3892019803191E-02,-0.1620415284917E-02,-0.3418051349018E-02, 0.1334482369828E-02,-0.2005122542845E-02, 0.5381869471269E-02, 0.4073039632105E-03,-0.1943652570206E-02, 0.2587353385153E-02
 0.3783191897835E-02,-0.1729115113972E-02,-0.3489310497591E-02, 0.1202268034747E-02,-0.2142997234425E-02, 0.5199323973209E-02, 0.3163189260432E-03,-0.2002381168557E-02, 0.2458387357524E-02
 0.3602121194936E-02,-0.1916307670857E-02,-0.3649107888152E-02, 0.1039918737084E-02,-0.2229550492038E-02, 0.4854553347815E-02, 0.9805138523185E-04,-0.2117654371851E-02, 0.2216079218466E-02
 0.5509348709568E-02,-0.6657389221515E-03,-0.2680806459936E-02, 0.2681705479918E-02,-0.8804445770650E-03, 0.6851475589878E-02, 0.1658641213734E-02,-0.8491694692986E-03, 0.3628691662295E-02
 0.5165725232890E-02,-0.6332686696052E-03,-0.2608162008958E-02, 0.2374868596515E-02,-0.1139748830778E-02, 0.6550056131084E-02, 0.1400305042807E-02,-0.1070251760889E-02, 0.3655112206083E-02
 0.4834130685060E-02,-0.8416525055374E-03,-0.2735437859404E-02, 0.2169088092283E-02,-0.1340098156556E-02, 0.6239695936214E-02, 0.1130388935792E-02,-0.1315350684206E-02, 0.3459778562795E-02
 0.4533978266004E-02,-0.1141593405866E-02,-0.2956223604328E-02, 0.2007004181381E-02,-0.1495211360538E-02, 0.5955929154626E-02, 0.8799058822607E-03,-0.1549797628951E-02, 0.3160498679761E-02
 0.4565601476552E-02,-0.1130352925868E-02,-0.2990276510963E-02, 0.2063542687123E-02,-0.1460519438192E-02, 0.5982557538968E-02, 0.8877440394473E-03,-0.1552956042654E-02, 0.3154939400267E-02
 0.4105652613919E-02,-0.1418958303387E-02,-0.3252683149827E-02, 0.1584486996214E-02,-0.1724604627674E-02, 0.5610312428718E-02, 0.5612908939338E-03,-0.1848061141537E-02, 0.2721331983776E-02
 0.4005400810736E-02,-0.1500097480513E-02,-0.3302439127196E-02, 0.1447857357824E-02,-0.1880628440705E-02, 0.5502031801351E-02, 0.5113800083723E-03,-0.1902006884198E-02, 0.2622565678840E-02
 0.3896378290257E-02,-0.1609638903043E-02,-0.3374989834482E-02, 0.1315146831736E-02,-0.2019402648946E-02, 0.5319715191233E-02, 0.4199564313408E-03,-0.1961160147775E-02, 0.2493513185998E-02
 0.3715051503078E-02,-0.1797655890846E-02,-0.3536668216812E-02, 0.1151980275080E-02,-0.2107326459074E-02, 0.4975571743507E-02, 0.2011873399356E-03,-0.2077019579772E-02, 0.2251051342794E-02
 0.5642459153003E-02,-0.5169913664232E-03,-0.2536476176862E-02, 0.2816020732175E-02,-0.7449293767110E-03, 0.6952871289355E-02, 0.1755253130457E-02,-0.7546240737098E-03, 0.3716706281144E-02
 0.5300782924539E-02,-0.4856168484747E-03,-0.2465369226974E-02, 0.2509931405100E-02,-0.1004577557932E-02, 0.6653575293395E-02, 0.1497886810218E-02,-0.9752894036188E-03, 0.3743545448834E-02
 0.4970502819683E-02,-0.6952851843469E-03,-0.2594576072506E-02, 0.2304130857599E-02,-0.1205825929159E-02, 0.6344848912069E-02, 0.1228455885293E-02,-0.1220327586748E-02, 0.3548682102556E-02
 0.4671169373800E-02,-0.9965836991642E-03,-0.2817391946083E-02, 0.2141629134328E-02,-0.1362104935827E-02, 0.6062253090893E-02, 0.9781063243741E-03,-0.1454971482840E-02, 0.3249823056409E-02
 0.4703106508079E-02,-0.9852605053537E-03,-0.2851406878400E-02, 0.2198308134915E-02,-0.1327378539282E-02, 0.6089326683532E-02, 0.9860925678508E-03,-0.1458068666257E-02, 0.3244619159738E-02
 0.4243544600418E-02,-0.1276420566132E-02,-0.3117031707874E-02, 0.1718562339105E-02,-0.1593476637221E-02, 0.5717696911059E-02, 0.6592351693225E-03,-0.1754007852874E-02, 0.2810945120915E-02
 0.4143238723500E-02,-0.1358623258844E-02,-0.3167936890796E-02, 0.1581613861302E-02,-0.1750193808003E-02, 0.5609599121043E-02, 0.6090228088734E-03,-0.1808408125124E-02, 0.2712056079370E-02
 0.4034039739476E-02,-0.1468923203293E-02,-0.3241857978645E-02, 0.1448405834134E-02,-0.1889830175913E-02, 0.5427560510120E-02, 0.5172572067808E-03,-0.1868104908905E-02, 0.2582815454186E-02
 0.3852524563129E-02,-0.1657251208668E-02,-0.3405514249099E-02, 0.1284451135670E-02,-0.1979059478757E-02, 0.5084035312661E-02, 0.2981618232738E-03,-0.1984629544248E-02, 0.2340184594534E-02
 0.5776852663947E-02,-0.3688126462009E-03,-0.2394206900954E-02, 0.2946958908920E-02,-0.6216018284988E-03, 0.7039648886695E-02, 0.1847865954080E-02,-0.6348976277991E-03, 0.3831098292217E-02
 0.5437215282717E-02,-0.3383280006025E-03,-0.2324461430221E-02, 0.2641795714973E-02,-0.8813455916946E-03, 0.6742596779238E-02, 0.1591646026434E-02,-0.8552651101553E-03, 0.3858311540650E-02
 0.5108409793043E-02,-0.5491065979140E-03,-0.2455403179780E-02, 0.2436170707359E-02,-0.1083233492590E-02, 0.6435619572694E-02, 0.1322896433454E-02,-0.1100222969736E-02, 0.3663991741104E-02
 0.4810067891731E-02,-0.8516186158733E-03,-0.2680060353809E-02, 0.2273435272547E-02,-0.1240434082202E-02, 0.6154293807678E-02, 0.1072866795384E-02,-0.1334992081500E-02, 0.3365669654268E-02
 0.4842318014925E-02,-0.8402204269090E-03,-0.2714036154067E-02, 0.2330243549800E-02,-0.1205687550933E-02, 0.6181771763989E-02, 0.1080990356747E-02,-0.1338020637391E-02, 0.3360834991505E-02
 0.4383301641415E-02,-0.1133723624687E-02,-0.2982633791988E-02, 0.1850038667204E-02,-0.1473447531653E-02, 0.5810902764670E-02, 0.7539658649376E-03,-0.1634847561423E-02, 0.2927141661487E-02
 0.4282972635925E-02,-0.1216967047223E-02,-0.3034620112486E-02, 0.1712822787497E-02,-0.1630746673945E-02, 0.5703031823632E-02, 0.7035044053807E-03,-0.1689745809326E-02, 0.2828080606853E-02
 0.4173644397398E-02,-0.1327888101570E-02,-0.3109828208585E-02, 0.1579184686226E-02,-0.1771120201931E-02, 0.5521300468450E-02, 0.6114642887919E-03,-0.1750013135749E-02, 0.2698620754346E-02
 0.3992040441222E-02,-0.1516149552524E-02,-0.3275324611283E-02, 0.1414566485734E-02,-0.1861477696098E-02, 0.5178401098282E-02, 0.3921670195644E-03,-0.1867191095613E-02, 0.2455861534681E-02
 0.5764969869114E-02,-0.3662580141091E-03,-0.2382122661304E-02, 0.2943634972432E-02,-0.6180155849071E-03, 0.7014612003247E-02, 0.1838896875512E-02,-0.6205749207273E-03, 0.3827680353610E-02
 0.5425698101239E-02,-0.3359132866030E-03,-0.2312525036453E-02, 0.2638561621568E-02,-0.8777791009653E-03, 0.6717814435317E-02, 0.1582755326194E-02,-0.8409797001156E-03, 0.3854850665448E-02
 0.5097314087602E-02,-0.5467335700886E-03,-0.2443624596598E-02, 0.2433082351513E-02,-0.1079707599671E-02, 0.6411270596746E-02, 0.1314135080045E-02,-0.1085968271246E-02, 0.3660745756975E-02
 0.4799421299859E-02,-0.8492267073417E-03,-0.2668431372143E-02, 0.2270541057613E-02,-0.1236948267884E-02, 0.6130483356076E-02, 0.1064266909881E-02,-0.1320766379033E-02, 0.3362779193265E-02
 0.4831333060202E-02,-0.8379271241294E-03,-0.2702425332837E-02, 0.2327105455386E-02,-0.1202260536100E-02, 0.6157660139816E-02, 0.1072256469271E-02,-0.1323816095697E-02, 0.3357681415619E-02
 0.4373523288680E-02,-0.1131262914253E-02,-0.2971206691053E-02, 0.1847647979666E-02,-0.1469954860266E-02, 0.5788190142607E-02, 0.7457098887608E-03,-0.1620694184237E-02, 0.2924915360428E-02
 0.4273469875864E-02,-0.1214433109154E-02,-0.3023263981056E-02, 0.1710620296554E-02,-0.1627214885588E-02, 0.5680642500384E-02, 0.6953739454230E-03,-0.1675622976681E-02, 0.2826064194155E-02
 0.4164490131311E-02,-0.1325404956039E-02,-0.3098557968850E-02, 0.1577206456239E-02,-0.1767555182598E-02, 0.5499345711295E-02, 0.6034938852643E-03,-0.1735922167053E-02, 0.2696882980964E-02
 0.3983441509831E-02,-0.1513953648176E-02,-0.3264181362506E-02, 0.1412907412888E-02,-0.1857907590494E-02, 0.5157188432933E-02, 0.3844403370579E-03,-0.1853137108878E-02, 0.2454583810593E-02
 0.5962450741770E-02,-0.1610216188351E-03,-0.2200093774072E-02, 0.3107793528299E-02,-0.4801583052318E-03, 0.7167060571455E-02, 0.2037648993775E-02,-0.4282652265783E-03, 0.4028755803759E-02
 0.5625888482943E-02,-0.1317081120239E-03,-0.2132163618177E-02, 0.2804241073111E-02,-0.7395757146193E-03, 0.6873378591277E-02, 0.1783105816275E-02,-0.6484008456875E-03, 0.4056310686040E-02
 0.5299566690818E-02,-0.3437276632691E-03,-0.2265271350459E-02, 0.2599233612824E-02,-0.9419152593230E-03, 0.6569239973596E-02, 0.1515451612892E-02,-0.8932138453882E-03, 0.3862946049229E-02
 0.5003093501044E-02,-0.6475406404220E-03,-0.2492178439075E-02, 0.2436552636435E-02,-0.1099999565706E-02, 0.6290117181781E-02, 0.1266004679286E-02,-0.1128043909501E-02, 0.3565735011666E-02
 0.5035665846351E-02,-0.6360773026202E-03,-0.2526074482621E-02, 0.2493451871512E-02,-0.1065279548544E-02, 0.6318027796164E-02, 0.1274285083882E-02,-0.1130962543103E-02, 0.3561365483683E-02
 0.4578125471142E-02,-0.9323883438564E-03,-0.2798436557944E-02, 0.2013296091350E-02,-0.1334692968964E-02, 0.5948808929237E-02, 0.9470058040388E-03,-0.1429113966240E-02, 0.3128066207657E-02
 0.4477884837529E-02,-0.1017006363377E-02,-0.2851844820796E-02, 0.1875881536962E-02,-0.1492527018593E-02, 0.5841334950659E-02, 0.8960721490813E-03,-0.1484788572914E-02, 0.3028756123109E-02
 0.4368555946962E-02,-0.1128540039597E-02,-0.2928728039814E-02, 0.1741860516627E-02,-0.1633649297541E-02, 0.5660226457755E-02, 0.8035695182413E-03,-0.1545910721780E-02, 0.2899046819598E-02
 0.4187200916056E-02,-0.1316079031139E-02,-0.3096552830418E-02, 0.1576671321809E-02,-0.1725282303799E-02, 0.5318667490935E-02, 0.5840382882739E-03,-0.1663996280333E-02, 0.2656376724171E-02
 0.6013163971891E-02,-0.1015672123509E-03,-0.2153213067622E-02, 0.3144173905744E-02,-0.4244278285181E-03, 0.7231807710206E-02, 0.2102363235116E-02,-0.3839211203698E-03, 0.4070232820378E-02
 0.5677698836243E-02,-0.7255933037477E-04,-0.2085779791793E-02, 0.2841275591218E-02,-0.6837075496007E-03, 0.6939312717227E-02, 0.1848438868620E-02,-0.6036730705879E-03, 0.4098038012462E-02
 0.5352364064443E-02,-0.2847968939921E-03,-0.2219371164614E-02, 0.2636647744669E-02,-0.8861266851171E-03, 0.6636303678493E-02, 0.1581263253608E-02,-0.8481677658706E-03, 0.3905171068860E-02
 0.5056709701553E-02,-0.5888075040193E-03,-0.2446737363966E-02, 0.2474181659316E-02,-0.1044421979111E-02, 0.6358136892356E-02, 0.1332141066910E-02,-0.1082777173410E-02, 0.3608523658260E-02
 0.5089309265609E-02,-0.5773497383068E-03,-0.2480595261215E-02, 0.2531049332436E-02,-0.1009719947322E-02, 0.6386130635203E-02, 0.1340439635285E-02,-0.1085667724125E-02, 0.3604225271806E-02
 0.4632642382749E-02,-0.8742582665691E-03,-0.2753794953798E-02, 0.2051299945080E-02,-0.1279588018711E-02, 0.6017755271272E-02, 0.1013275685780E-02,-0.1383827994031E-02, 0.3171454110832E-02
 0.4532513645685E-02,-0.9592196934873E-03,-0.2807549572420E-02, 0.1913926432113E-02,-0.1437582212658E-02, 0.5910420079890E-02, 0.9622203378256E-03,-0.1439628075243E-02, 0.3072180560024E-02
 0.4423302086403E-02,-0.1070867876944E-02,-0.2884831674362E-02, 0.1779913357574E-02,-0.1578922243810E-02, 0.5729621240674E-02, 0.8696237349586E-03,-0.1500892305763E-02, 0.2942537036646E-02
 0.4242243127071E-02,-0.1258099861523E-02,-0.3053173960261E-02, 0.1614747378211E-02,-0.1670911902998E-02, 0.5388833208168E-02, 0.6501412646884E-03,-0.1619081462121E-02, 0.2700115449820E-02
 0.6070012680676E-02,-0.3705732969816E-04,-0.2100616358057E-02, 0.3199057934242E-02,-0.3463476954600E-03, 0.7305179384302E-02, 0.2167169630436E-02,-0.3313774300676E-03, 0.4122157839611E-02
 0.5735844760455E-02,-0.8331275552191E-05,-0.2033712004531E-02, 0.2896909755052E-02,-0.6055265499597E-03, 0.7014068892364E-02, 0.1914028402264E-02,-0.5506656025352E-03, 0.4150286702993E-02
 0.5411622906081E-02,-0.2207827183003E-03,-0.2167828881518E-02, 0.2692693018386E-02,-0.8080826161231E-03, 0.6712320809325E-02, 0.1647457578158E-02,-0.7947685517564E-03, 0.3957980493664E-02
 0.5116855914018E-02,-0.5250044257263E-03,-0.2395701505629E-02, 0.2530431169730E-02,-0.9666630173316E-03, 0.6435183359817E-02, 0.1398750870989E-02,-0.1029101305767E-02, 0.3661940530114E-02
 0.5149547291954E-02,-0.5135395925622E-03,-0.2429514729824E-02, 0.2587299005136E-02,-0.9319625139827E-03, 0.6463331881326E-02, 0.1407089555494E-02,-0.1031955664247E-02, 0.3657769661493E-02
 0.4693721702685E-02,-0.8111297057459E-03,-0.2703652061670E-02, 0.2107865918383E-02,-0.1202485318410E-02, 0.6095733259906E-02, 0.1080104658959E-02,-0.1330116340301E-02, 0.3225464614322E-02
 0.4593695729228E-02,-0.8964651157121E-03,-0.2757795295435E-02, 0.1970486365995E-02,-0.1360738878113E-02, 0.5988528169412E-02, 0.1028933013380E-02,-0.1386061061342E-02, 0.3126195099545E-02
 0.4484577840898E-02,-0.1008288583689E-02,-0.2835525407354E-02, 0.1836419508700E-02,-0.1502399382767E-02, 0.5808020423706E-02, 0.9362469396968E-03,-0.1447487939495E-02, 0.2996577134830E-02
 0.4303778535435E-02,-0.1195329768208E-02,-0.3004448578169E-02, 0.1671198331178E-02,-0.1594850836501E-02, 0.5467973051647E-02, 0.7168348866149E-03,-0.1565789990703E-02, 0.2754365161160E-02
 0.6158641381521E-02, 0.5852018984915E-04,-0.2012928714544E-02, 0.3308341818205E-02,-0.2216600213392E-03, 0.7393123347067E-02, 0.2247225934471E-02,-0.2349984204003E-03, 0.4221042732994E-02
 0.5826341057168E-02, 0.8686608864407E-04,-0.1946814745913E-02, 0.3007187379390E-02,-0.4807897029701E-03, 0.7103992043614E-02, 0.1995265199468E-02,-0.4538164932474E-03, 0.4249583903851E-02
 0.5503579854371E-02,-0.1259932323601E-03,-0.2081830063826E-02, 0.2803401450825E-02,-0.6836561600364E-03, 0.6803879683320E-02, 0.1729554573917E-02,-0.6975221107700E-03, 0.4057938694737E-02
 0.5209877949480E-02,-0.4306760234637E-03,-0.2310624835514E-02, 0.2641231362859E-02,-0.8427668131512E-03, 0.6527972640067E-02, 0.1481405431027E-02,-0.9316057829508E-03, 0.3762578812225E-02
 0.5242841128931E-02,-0.4191629303974E-03,-0.2344381098802E-02, 0.2698193398410E-02,-0.8080366744507E-03, 0.6556467928369E-02, 0.1489852777194E-02,-0.9343963187092E-03, 0.3758714832899E-02
 0.4787732738823E-02,-0.7179850171712E-03,-0.2620153409138E-02, 0.2218728030110E-02,-0.1079750389978E-02, 0.6189520000213E-02, 0.1163037086062E-02,-0.1232869331218E-02, 0.3326601853313E-02
 0.4687759691020E-02,-0.8039198631210E-03,-0.2674941519652E-02, 0.2081189857446E-02,-0.1238490607629E-02, 0.6082459656583E-02, 0.1111701382405E-02,-0.1289123583772E-02, 0.3227198979234E-02
 0.4578635239408E-02,-0.9161208777130E-03,-0.2753424953159E-02, 0.1946861489765E-02,-0.1380729659694E-02, 0.5902211412801E-02, 0.1018865072475E-02,-0.1350891764802E-02, 0.3097440932787E-02
 0.4397946052366E-02,-0.1103147512881E-02,-0.2923363290053E-02, 0.1781293533950E-02,-0.1473967457362E-02, 0.5562801355606E-02, 0.7994784671574E-03,-0.1469498081458E-02, 0.2855268532009E-02
 0.6740646560216E-02,-0.3480884537580E-04,-0.2579494137622E-02, 0.3662661458310E-02,-0.4680870617266E-03,-0.1948133322294E-02, 0.2421736526774E-02,-0.5524851218167E-03, 0.4784968291210E-02
 0.6373532209099E-02,-0.7587730968287E-05,-0.2507139059733E-02, 0.3341885847618E-02,-0.7349212871486E-03,-0.2154883814929E-02, 0.2153485546683E-02,-0.7816006860578E-03, 0.4801863235133E-02
 0.6025737933472E-02,-0.2243234014311E-03,-0.2636854064404E-02, 0.3125474266171E-02,-0.9409644017823E-03,-0.2357120635404E-02, 0.1874787781966E-02,-0.1032608788874E-02, 0.4595129584111E-02
 0.5713568887348E-02,-0.5336574761253E-03,-0.2861230893520E-02, 0.2954262240577E-02,-0.1100761417590E-02,-0.2528939885705E-02, 0.1616333034517E-02,-0.1271661012731E-02, 0.4283628003284E-02
 0.5749937015512E-02,-0.5187838187265E-03,-0.2893314882147E-02, 0.3015953528186E-02,-0.1062321750512E-02,-0.2532489694742E-02, 0.1628193824887E-02,-0.1272182276921E-02, 0.4282204023279E-02
 0.5261327099655E-02,-0.8246873156507E-03,-0.3164336992622E-02, 0.2510778963393E-02,-0.1339797200576E-02,-0.2677710083724E-02, 0.1282911799002E-02,-0.1578504153430E-02, 0.3821763712784E-02
 0.5152590645686E-02,-0.9139879688062E-03,-0.3215999079564E-02, 0.2366062512701E-02,-0.1500901616583E-02,-0.2789826779845E-02, 0.1227884319973E-02,-0.1635206188116E-02, 0.3714971608284E-02
 0.5034580432303E-02,-0.1019574033062E-02,-0.3290849288212E-02, 0.2225009106093E-02,-0.1644699400794E-02,-0.2927510704370E-02, 0.1130440129061E-02,-0.1697318420593E-02, 0.3577000622323E-02
 0.4841648920008E-02,-0.1181766700048E-02,-0.3456224191150E-02, 0.2051853432682E-02,-0.1737417317107E-02,-0.3091071480046E-02, 0.9029251229880E-03,-0.1817258267036E-02, 0.3322396573431E-02
 0.6844982318328E-02, 0.9082949467517E-04,-0.2453531026100E-02, 0.3774457956719E-02,-0.3385487921034E-03,-0.1809001700095E-02, 0.2523918092914E-02,-0.5105758246916E-03, 0.4816921102952E-02
 0.6479836094406E-02, 0.1169272103907E-03,-0.2382729336714E-02, 0.3454387121986E-02,-0.6058550057033E-03,-0.2016626252030E-02, 0.2256372392545E-02,-0.7390746005776E-03, 0.4834407039462E-02
 0.6133354311806E-02,-0.1009277796694E-03,-0.2514309663206E-02, 0.3237967903380E-02,-0.8128821506330E-03,-0.2220217020525E-02, 0.1977961819204E-02,-0.9899918851360E-03, 0.4628177182350E-02
 0.5822029622338E-02,-0.4113637859685E-03,-0.2740603325154E-02, 0.3066397489364E-02,-0.9738895369424E-03,-0.2393582565246E-02, 0.1719504148005E-02,-0.1229262104738E-02, 0.4317085694725E-02
 0.5858723018739E-02,-0.3963908070495E-03,-0.2772639608733E-02, 0.3128232317687E-02,-0.9353991025204E-03,-0.2397085304667E-02, 0.1731529720848E-02,-0.1229733047805E-02, 0.4316031413500E-02
 0.5370822130031E-02,-0.7044920891370E-03,-0.3046655933714E-02, 0.2622591828949E-02,-0.1214882273900E-02,-0.2544872222029E-02, 0.1385718612494E-02,-0.1536599054554E-02, 0.3855734480383E-02
 0.5262155846271E-02,-0.7946111486963E-03,-0.3099369222358E-02, 0.2477681756361E-02,-0.1376629737678E-02,-0.2657933436762E-02, 0.1330389971206E-02,-0.1593590098747E-02, 0.3749007223251E-02
 0.5144105518586E-02,-0.9010035457120E-03,-0.3175474733272E-02, 0.2336266045746E-02,-0.1521240972546E-02,-0.2796704334825E-02, 0.1232607238185E-02,-0.1656090119949E-02, 0.3611030460866E-02
 0.4951164382836E-02,-0.1064096829289E-02,-0.3342673140978E-02, 0.2162469089775E-02,-0.1615238259173E-02,-0.2961758985546E-02, 0.1004747781396E-02,-0.1776569566277E-02, 0.3356392889272E-02
 0.6972918026277E-02, 0.2382299728955E-03,-0.2308210835855E-02, 0.3905752771225E-02,-0.2037205400629E-03,-0.1689962946920E-02, 0.2618511512352E-02,-0.4159686132483E-03, 0.4902420410532E-02
 0.6610185910118E-02, 0.2634391483730E-03,-0.2238870203635E-02, 0.3586811257723E-02,-0.4711753203411E-03,-0.1898026754956E-02, 0.2352143877835E-02,-0.6439511751731E-03, 0.4920548490786E-02
 0.6265461722330E-02, 0.4455947816278E-04,-0.2372279836304E-02, 0.3370690073188E-02,-0.6789232112074E-03,-0.2102575801457E-02, 0.2074427911149E-02,-0.8947156598335E-03, 0.4715043699194E-02
 0.5955354554964E-02,-0.2669741231724E-03,-0.2600497545329E-02, 0.3198971016620E-02,-0.8409408044056E-03,-0.2277150291309E-02, 0.1816298304031E-02,-0.1134101074666E-02, 0.4404625393835E-02
 0.5992419681217E-02,-0.2518857620820E-03,-0.2632487544603E-02, 0.3260990190012E-02,-0.8024063623655E-03,-0.2280613986217E-02, 0.1828509545473E-02,-0.1134505164873E-02, 0.4404015553627E-02
 0.5505427649704E-02,-0.5622634609663E-03,-0.2909588438305E-02, 0.2755066483390E-02,-0.1083691464772E-02,-0.2430536420614E-02, 0.1482536935432E-02,-0.1442090724598E-02, 0.3943925674134E-02
 0.5396872408488E-02,-0.6533331705977E-03,-0.2963416963328E-02, 0.2609979577639E-02,-0.1246044066532E-02,-0.2544355714890E-02, 0.1426989620173E-02,-0.1499500213313E-02, 0.3837179997855E-02
 0.5278818006484E-02,-0.7604345157302E-03,-0.3040852384985E-02, 0.2468207234426E-02,-0.1391430779125E-02,-0.2684018031232E-02, 0.1328957501460E-02,-0.1562505167102E-02, 0.3699126400972E-02
 0.5085935967393E-02,-0.9238787026223E-03,-0.3209958336484E-02, 0.2293802695227E-02,-0.1486638549887E-02,-0.2850342521375E-02, 0.1100910292182E-02,-0.1683594852895E-02, 0.3444481851246E-02
 0.7102779421508E-02, 0.3854601202185E-03,-0.2164843043221E-02, 0.4034003821632E-02,-0.8085441813205E-04,-0.1589878939315E-02, 0.2709445618263E-02,-0.2959427848565E-03, 0.5014172488904E-02
 0.6742535791795E-02, 0.4099844266584E-03,-0.2096787566423E-02, 0.3716363280495E-02,-0.3482180967387E-03,-0.1798094720079E-02, 0.2444425557380E-02,-0.5235268641616E-03, 0.5032892211781E-02
 0.6399721820485E-02, 0.1902544225495E-03,-0.2231828261132E-02, 0.3500726785743E-02,-0.5564341256503E-03,-0.2003289273971E-02, 0.2167589751707E-02,-0.7741120630873E-03, 0.4828204521735E-02
 0.6090997908364E-02,-0.1222321263654E-03,-0.2461778326640E-02, 0.3329033523347E-02,-0.7192236534644E-03,-0.2178772209544E-02, 0.1909962559359E-02,-0.1013532151756E-02, 0.4518603554212E-02
 0.6128412905563E-02,-0.1070360113951E-03,-0.2493723806592E-02, 0.3391230324637E-02,-0.6806601666818E-03,-0.2182202569250E-02, 0.1922349042638E-02,-0.1013865198151E-02, 0.4518431017326E-02
 0.5642461864820E-02,-0.4194837956419E-03,-0.2773659367219E-02, 0.2885233439506E-02,-0.9634078001907E-03,-0.2333841659949E-02, 0.1576431447100E-02,-0.1322212078817E-02, 0.4058638328519E-02
 0.5534047028204E-02,-0.5114868141757E-03,-0.2828536098351E-02, 0.2740014537553E-02,-0.1126262474633E-02,-0.2448254736892E-02, 0.1520711154249E-02,-0.1380085063735E-02, 0.3951833450078E-02
 0.5416033546174E-02,-0.6191542694077E-03,-0.2907218293073E-02, 0.2597945405932E-02,-0.1272307017250E-02,-0.2588625416180E-02, 0.1422489204032E-02,-0.1443623533627E-02, 0.3813683907687E-02
 0.5223295842091E-02,-0.7825458969138E-03,-0.3078091943658E-02, 0.2423047802404E-02,-0.1368552528632E-02,-0.2755982723703E-02, 0.1194366721783E-02,-0.1565310091530E-02, 0.3559092336181E-02
 0.7087436254096E-02, 0.3856693901438E-03,-0.2154020621456E-02, 0.4027655844347E-02,-0.7918885460296E-04,-0.1588926822543E-02, 0.2697993859442E-02,-0.2831110936876E-03, 0.5007559421534E-02
 0.6727647319001E-02, 0.4100740733727E-03,-0.2086116243357E-02, 0.3710169943173E-02,-0.3465596939960E-03,-0.1797101418130E-02, 0.2433073605547E-02,-0.5107224856422E-03, 0.5026272184934E-02
 0.6385354004800E-02, 0.1903524527784E-03,-0.2221306515747E-02, 0.3494762038264E-02,-0.5547907027103E-03,-0.2002291249188E-02, 0.2156411910127E-02,-0.7613235441330E-03, 0.4821889092778E-02
 0.6077191685193E-02,-0.1220517500501E-03,-0.2451391010338E-02, 0.3323353275218E-02,-0.7175872641516E-03,-0.2177791788438E-02, 0.1899002609252E-02,-0.1000754235376E-02, 0.4512758195291E-02
 0.6114286349810E-02,-0.1069890512669E-03,-0.2483356653154E-02, 0.3385240972662E-02,-0.6791050891119E-03,-0.2181248104601E-02, 0.1911211892263E-02,-0.1001116662211E-02, 0.4512238833244E-02
 0.5629801524564E-02,-0.4191330160523E-03,-0.2763440952974E-02, 0.2880217757101E-02,-0.9616985788382E-03,-0.2332906882400E-02, 0.1565916535425E-02,-0.1309464380987E-02, 0.4053645185224E-02
 0.5521696710647E-02,-0.5110179221735E-03,-0.2818372309133E-02, 0.2735241166570E-02,-0.1124486371123E-02,-0.2447310346587E-02, 0.1510356795899E-02,-0.1367353683462E-02, 0.3947102522880E-02
 0.5404084845549E-02,-0.6187239465796E-03,-0.2897121215866E-02, 0.2593462417597E-02,-0.1270464926028E-02,-0.2587665819199E-02, 0.1412340262485E-02,-0.1430907797260E-02, 0.3809300736664E-02
 0.5212040507686E-02,-0.7824447914241E-03,-0.3068097643682E-02, 0.2418984307085E-02,-0.1366661248045E-02,-0.2755014347951E-02, 0.1184532691075E-02,-0.1552608216039E-02, 0.3555288562329E-02
 0.7281582223592E-02, 0.5916795459060E-03,-0.1969202556122E-02, 0.4191206309376E-02, 0.5998298529475E-04,-0.1442022666993E-02, 0.2896051222203E-02,-0.8875246670619E-04, 0.5207260057848E-02
 0.6925052295270E-02, 0.6153203788579E-03,-0.1902855403302E-02, 0.3875671089806E-02,-0.2068144975191E-03,-0.1650270622390E-02, 0.2633021718546E-02,-0.3159614025868E-03, 0.5226604953499E-02
 0.6585346701458E-02, 0.3947315729224E-03,-0.2039914575710E-02, 0.3661087879699E-02,-0.4152516847191E-03,-0.1856149476820E-02, 0.2357615454279E-02,-0.5662505557484E-03, 0.5023310632283E-02
 0.6279056770043E-02, 0.8133431476586E-04,-0.2271958663048E-02, 0.3489828279230E-02,-0.5787178303075E-03,-0.2032695205127E-02, 0.2100889594996E-02,-0.8055875443801E-03, 0.4715301073167E-02
 0.6316832650317E-02, 0.9662829685273E-04,-0.2303821776268E-02, 0.3552170098685E-02,-0.5401739552665E-03,-0.2036066759195E-02, 0.2113470030092E-02,-0.8058152934423E-03, 0.4715654210105E-02
 0.5833089205961E-02,-0.2182008115449E-03,-0.2587315941318E-02, 0.3046766307911E-02,-0.8242940126592E-03,-0.2189931182739E-02, 0.1767707753765E-02,-0.1115275500810E-02, 0.4256832157115E-02
 0.5724997223590E-02,-0.3114200850223E-03,-0.2643563734070E-02, 0.2901530117374E-02,-0.9875830145326E-03,-0.2305127503152E-02, 0.1711631427225E-02,-0.1173873099828E-02, 0.4149956459309E-02
 0.5607236381630E-02,-0.4196094329038E-03,-0.2723859077275E-02, 0.2759263632610E-02,-0.1134271575025E-02,-0.2446415742062E-02, 0.1613090067641E-02,-0.1238210111098E-02, 0.4011765481144E-02
 0.5415109135551E-02,-0.5822705558316E-03,-0.2896953056966E-02, 0.2584046735389E-02,-0.1231658907753E-02,-0.2615075672535E-02, 0.1384977603194E-02,-0.1360714283409E-02, 0.3757593382243E-02
 0.7329912396402E-02, 0.6504122497058E-03,-0.1922029863665E-02, 0.4226325140344E-02, 0.1153184419483E-03,-0.1365624180201E-02, 0.2959454841225E-02,-0.4437650545008E-04, 0.5247291592674E-02
 0.6974680951199E-02, 0.6738386411094E-03,-0.1856143946662E-02, 0.3911581700285E-02,-0.1512593783721E-03,-0.1573963322276E-02, 0.2697145101614E-02,-0.2711614710542E-03, 0.5266985829623E-02
 0.6636155196081E-02, 0.4531573857630E-03,-0.1993642118765E-02, 0.3697518192386E-02,-0.3596952977175E-03,-0.1780127403957E-02, 0.2422333264325E-02,-0.5210903910445E-03, 0.5064320318260E-02
 0.6330861617006E-02, 0.1396929821930E-03,-0.2226099501808E-02, 0.3526604000454E-02,-0.5232981679517E-03,-0.1957074270981E-02, 0.2166046679023E-02,-0.7601667523748E-03, 0.4757012826122E-02
 0.6368698448475E-02, 0.1549830475791E-03,-0.2257927685029E-02, 0.3588915777066E-02,-0.4847787511084E-03,-0.1960404196143E-02, 0.2178646244360E-02,-0.7603721644582E-03, 0.4757463128452E-02
 0.5886076930826E-02,-0.1602872755117E-03,-0.2542192388039E-02, 0.3084101099723E-02,-0.7692401685425E-03,-0.2115147744008E-02, 0.1833158663045E-02,-0.1069775746870E-02, 0.4299342969674E-02
 0.5778166712517E-02,-0.2537962785405E-03,-0.2598769124202E-02, 0.2938960787752E-02,-0.9326480304640E-03,-0.2230717385951E-02, 0.1777000750965E-02,-0.1128481465753E-02, 0.4192553733893E-02
 0.5660602668567E-02,-0.3620668209192E-03,-0.2679442421228E-02, 0.2796763324617E-02,-0.1079511237305E-02,-0.2372418208907E-02, 0.1678417967160E-02,-0.1192940671701E-02, 0.4054488754816E-02
 0.5468903367353E-02,-0.5244106200719E-03,-0.2853019553241E-02, 0.2621660277745E-02,-0.1177202866944E-02,-0.2541582145919E-02, 0.1450448609880E-02,-0.1315517869194E-02, 0.3800668378748E-02
 0.7384646808404E-02, 0.7144747617496E-03,-0.1868907546507E-02, 0.4280015962558E-02, 0.1931974301894E-03,-0.1283334443817E-02, 0.3023271050897E-02, 0.8438174932250E-05, 0.5297993935870E-02
 0.7030932502363E-02, 0.7377262512833E-03,-0.1803507241617E-02, 0.3966193147990E-02,-0.7317599617804E-04,-0.1491713071434E-02, 0.2761853439070E-02,-0.2178361197424E-03, 0.5318122049707E-02
 0.6693723275866E-02, 0.5169669820009E-03,-0.1941479164464E-02, 0.3752700262764E-02,-0.2816516819816E-03,-0.1698141252856E-02, 0.2487764671379E-02,-0.4673250194293E-03, 0.5116158287284E-02
 0.6389498645878E-02, 0.2034281786950E-03,-0.2174391228861E-02, 0.3582133045190E-02,-0.4454534242109E-03,-0.1875490708829E-02, 0.2232007016505E-02,-0.7060794083129E-03, 0.4809604648711E-02
 0.6427474273358E-02, 0.2187335306014E-03,-0.2206178613139E-02, 0.3644456463896E-02,-0.4069415916514E-03,-0.1878772212986E-02, 0.2244655723189E-02,-0.7062540527019E-03, 0.4810228388778E-02
 0.5945921243293E-02,-0.9706313081657E-04,-0.2491307437561E-02, 0.3140158566223E-02,-0.6919302659062E-03,-0.2034440327405E-02, 0.1899494119930E-02,-0.1015588190408E-02, 0.4352735743567E-02
 0.5838191499294E-02,-0.1908922369351E-03,-0.2548255471836E-02, 0.2995075070375E-02,-0.8555472627368E-03,-0.2150403022255E-02, 0.1843259385215E-02,-0.1074420768944E-02, 0.4246002885249E-02
 0.5720802467392E-02,-0.2993038156785E-03,-0.2629355751526E-02, 0.2852890786490E-02,-0.1002680506785E-02,-0.2292542021304E-02, 0.1744636925628E-02,-0.1139022239077E-02, 0.4108024091680E-02
 0.5529480203013E-02,-0.4614429958339E-03,-0.2803477495727E-02, 0.2677828251725E-02,-0.1100777895471E-02,-0.2462245609920E-02, 0.1516825090725E-02,-0.1261680175759E-02, 0.3854514114296E-02
 0.7471124253111E-02, 0.8100529427419E-03,-0.1780049610574E-02, 0.4387948975906E-02, 0.3180692212386E-03,-0.1191970195962E-02, 0.3102758885681E-02, 0.1056302126950E-03, 0.5395626318534E-02
 0.7119588918094E-02, 0.8330850772455E-03,-0.1715374039401E-02, 0.4075402707929E-02, 0.5190518657956E-04,-0.1400260282452E-02, 0.2842672795460E-02,-0.1200998841894E-03, 0.5416317869088E-02
 0.6784122602617E-02, 0.6121045803571E-03,-0.1854165646904E-02, 0.3862573026249E-02,-0.1567379992288E-03,-0.1606944051984E-02, 0.2569592393816E-02,-0.3691152412364E-03, 0.5215217436287E-02
 0.6481204285030E-02, 0.2982845776471E-03,-0.2087921675150E-02, 0.3692291234428E-02,-0.3209481634352E-03,-0.1784763763634E-02, 0.2314526264430E-02,-0.6075498423107E-03, 0.4909555096423E-02
 0.6519514682120E-02, 0.3136652468402E-03,-0.2119654863147E-02, 0.3754750519835E-02,-0.2824070596467E-03,-0.1787991073658E-02, 0.2327315554730E-02,-0.6076638094095E-03, 0.4910568586586E-02
 0.6038927556919E-02,-0.3181442955417E-05,-0.2406315962148E-02, 0.3250696534623E-02,-0.5684207360365E-03,-0.1944780049588E-02, 0.1982471157152E-02,-0.9172127119998E-03, 0.4453465000667E-02
 0.5931365861690E-02,-0.9754300481617E-04,-0.2463887708960E-02, 0.3105549234190E-02,-0.7324540006166E-03,-0.2061179477358E-02, 0.1926119719232E-02,-0.9763320384078E-03, 0.4346674935971E-02
 0.5814078477413E-02,-0.2062902191063E-03,-0.2545715081998E-02, 0.2963196556298E-02,-0.8800978971662E-03,-0.2203824536465E-02, 0.1827401503399E-02,-0.1041249432369E-02, 0.4208639295660E-02
 0.5622982802890E-02,-0.3683980493681E-03,-0.2720802499275E-02, 0.2787909443119E-02,-0.9789119105226E-03,-0.2374203808014E-02, 0.1599703368359E-02,-0.1164169498767E-02, 0.3955296406432E-02
-0.2123976749299E-02, 0.8354754564918E-03,-0.2251878691370E-02, 0.4870650986607E-02, 0.1827351552911E-03,-0.1810947716550E-02, 0.3399847996829E-02,-0.1109892659838E-03, 0.6085749671527E-02
-0.2335962441529E-02, 0.8552274064561E-03,-0.2182212248210E-02, 0.4535255266990E-02,-0.9318244345217E-04,-0.2022079452778E-02, 0.3121362605662E-02,-0.3489163174917E-03, 0.6092664808565E-02
-0.2558607267854E-02, 0.6278044407155E-03,-0.2317075942562E-02, 0.4306993545035E-02,-0.3068437391026E-03,-0.2228470382099E-02, 0.2833236343994E-02,-0.6065837744816E-03, 0.5873973271937E-02
-0.2762671306884E-02, 0.3067690038242E-03,-0.2547789586323E-02, 0.4125195910164E-02,-0.4733853835765E-03,-0.2404058652921E-02, 0.2565936307997E-02,-0.8510095450194E-03, 0.5549602281498E-02
-0.2775773984849E-02, 0.3255783810762E-03,-0.2577573250535E-02, 0.4192409793325E-02,-0.4308371604925E-03,-0.2405447712085E-02, 0.2582213064126E-02,-0.8485557148891E-03, 0.5552713930911E-02
-0.2998097337501E-02,-0.1889505193013E-05,-0.2862045969655E-02, 0.3658313259368E-02,-0.7256563266595E-03,-0.2558579812702E-02, 0.2215683297707E-02,-0.1168207659001E-02, 0.5063530818610E-02
-0.3020282556242E-02,-0.1013350646864E-03,-0.2917255608030E-02, 0.3504542186201E-02,-0.8931943973678E-03,-0.2673808896737E-02, 0.2154606138225E-02,-0.1228485563151E-02, 0.4948108713463E-02
-0.3077617553394E-02,-0.2030423466196E-03,-0.2996308215850E-02, 0.3353966368786E-02,-0.1043565591212E-02,-0.2815156961655E-02, 0.2050111563546E-02,-0.1294500914453E-02, 0.4800503278545E-02
-0.3244228561049E-02,-0.3361494903301E-03,-0.3168045296844E-02, 0.3169147122818E-02,-0.1143193450961E-02,-0.2983228991048E-02, 0.1812611839442E-02,-0.1419717374694E-02, 0.4532770203381E-02
-0.1990565725624E-02, 0.9586622315883E-03,-0.2125715955678E-02, 0.4978849193690E-02, 0.3107694303293E-03,-0.1670810636700E-02, 0.3498983676162E-02,-0.6973840495955E-04, 0.6115459701563E-02
-0.2203509187733E-02, 0.9774908099746E-03,-0.2057517030575E-02, 0.4644510178157E-02, 0.3458578529390E-04,-0.1882755615900E-02, 0.3221425748878E-02,-0.3069482997537E-03, 0.6123117997996E-02
-0.2427710442461E-02, 0.7492005839915E-03,-0.2194139082668E-02, 0.4416552047324E-02,-0.1798700997322E-03,-0.2090439789146E-02, 0.2933824133260E-02,-0.5644389991453E-03, 0.5905112010735E-02
-0.2633576630302E-02, 0.4273172486655E-03,-0.2426659777690E-02, 0.4234670764743E-02,-0.3474549159927E-03,-0.2267518317467E-02, 0.2666749735679E-02,-0.8090096382224E-03, 0.5581347874753E-02
-0.2646647619274E-02, 0.4462554226446E-03,-0.2456381049665E-02, 0.4302068730446E-02,-0.3048452739690E-03,-0.2268861513984E-02, 0.2683225082184E-02,-0.8064911196521E-03, 0.5585084257363E-02
-0.2871932367294E-02, 0.1168740300924E-03,-0.2743707759445E-02, 0.3767922598535E-02,-0.6014381071927E-03,-0.2424479083449E-02, 0.2316466220115E-02,-0.1126587275785E-02, 0.5096169696512E-02
-0.2895191063695E-02, 0.1673055528645E-04,-0.2799926209124E-02, 0.3614096681664E-02,-0.7695172590273E-03,-0.2540618713413E-02, 0.2255182778838E-02,-0.1187113544442E-02, 0.4980878895895E-02
-0.2953764702931E-02,-0.8574193494775E-04,-0.2880186467038E-02, 0.3463301481936E-02,-0.9206018876941E-03,-0.2683021501998E-02, 0.2150460698209E-02,-0.1253473845378E-02, 0.4833336603750E-02
-0.3122099078177E-02,-0.2198292694218E-03,-0.3053672659962E-02, 0.3278035954091E-02,-0.1021402322700E-02,-0.2852555194687E-02, 0.1912791840457E-02,-0.1379174977866E-02, 0.4565705057176E-02
-0.1839606550139E-02, 0.1104256912582E-02,-0.1979861545985E-02, 0.5106659858244E-02, 0.4444218659572E-03,-0.1550689877820E-02, 0.3591131705393E-02, 0.2452009656847E-04, 0.6198141801975E-02
-0.2053317853396E-02, 0.1122426687155E-02,-0.1913024129608E-02, 0.4773857617455E-02, 0.1683160367423E-03,-0.1763007307736E-02, 0.3314983386100E-02,-0.2120521211080E-03, 0.6206671604514E-02
-0.2278968177396E-02, 0.8934003404571E-03,-0.2051347071463E-02, 0.4546544113262E-02,-0.4665465300831E-04,-0.1971581657518E-02, 0.3028308655992E-02,-0.4692773428774E-03, 0.5989658494541E-02
-0.2486593385177E-02, 0.5707082686823E-03,-0.2285659142519E-02, 0.4364810505682E-02,-0.2150702319418E-03,-0.2149807164917E-02, 0.2761777898181E-02,-0.7138630532678E-03, 0.5666837533294E-02
-0.2499621773936E-02, 0.5898030301056E-03,-0.2315320522724E-02, 0.4432437434387E-02,-0.1724018861203E-03,-0.2151113006118E-02, 0.2778484766409E-02,-0.7112666868292E-03, 0.5671151696802E-02
-0.2727911904239E-02, 0.2584485346836E-03,-0.2605565756106E-02, 0.3898447620434E-02,-0.4705561719469E-03,-0.2308788603562E-02, 0.2411829831898E-02,-0.1031945878025E-02, 0.5182712301926E-02
-0.2752259257910E-02, 0.1574802798561E-03,-0.2662853868869E-02, 0.3744598627613E-02,-0.6391378719719E-03,-0.2425659072760E-02, 0.2350420046966E-02,-0.1092846222861E-02, 0.5067512177995E-02
-0.2812109927002E-02, 0.5435495412095E-04,-0.2744390875196E-02, 0.3593600142207E-02,-0.7908975360850E-03,-0.2568921577286E-02, 0.2245551358170E-02,-0.1159664599984E-02, 0.4920008153924E-02
-0.2982247351013E-02,-0.8012605178823E-04,-0.2919696042275E-02, 0.3407923819877E-02,-0.8927992723407E-03,-0.2739680268700E-02, 0.2007847463508E-02,-0.1285910067381E-02, 0.4652541058732E-02
-0.1691422708389E-02, 0.1250124889026E-02,-0.1835829576562E-02, 0.5231781774871E-02, 0.5663899811638E-03,-0.1449549941093E-02, 0.3679993486784E-02, 0.1443888167563E-03, 0.6306863671685E-02
-0.1905702046732E-02, 0.1267837348471E-02,-0.1770178498301E-02, 0.4900682858204E-02, 0.2905912773190E-03,-0.1661954317360E-02, 0.3405415808552E-02,-0.9166124395980E-04, 0.6316233108438E-02
-0.2132585276694E-02, 0.1038248540171E-02,-0.1910002477725E-02, 0.4674191654070E-02, 0.7534947721711E-04,-0.1871107394854E-02, 0.3119840868580E-02,-0.3485871811441E-03, 0.6100337670021E-02
-0.2341764391288E-02, 0.7148918035913E-03,-0.2145911906235E-02, 0.4492768718788E-02,-0.9366657498377E-04,-0.2050181069660E-02, 0.2854013724669E-02,-0.5930983480004E-03, 0.5778634698988E-02
-0.2354746034468E-02, 0.7341365127897E-03,-0.2175517876514E-02, 0.4560616024409E-02,-0.5095435583401E-04,-0.2051455633459E-02, 0.2870942180903E-02,-0.5904240572666E-03, 0.5783433096793E-02
-0.2585778246427E-02, 0.4010079034539E-03,-0.2468428676124E-02, 0.4026969880048E-02,-0.3503460590504E-03,-0.2210777795536E-02, 0.2504583056226E-02,-0.9117137835439E-03, 0.5295635529294E-02
-0.2611127977087E-02, 0.2992262215389E-03,-0.2526720857804E-02, 0.3873137284629E-02,-0.5193367584967E-03,-0.2328219562722E-02, 0.2443085399576E-02,-0.9730339325228E-03, 0.5180502175441E-02
-0.2672161040489E-02, 0.1955962409103E-03,-0.2609452054510E-02, 0.3721988339650E-02,-0.6716625034449E-03,-0.2472160618124E-02, 0.2338120820601E-02,-0.1040339454860E-02, 0.5033038143766E-02
-0.2843968534644E-02, 0.6115160345586E-04,-0.2786434629147E-02, 0.3536002370963E-02,-0.7744990993148E-03,-0.2643903725782E-02, 0.2100480288773E-02,-0.1167113164970E-02, 0.4765812310405E-02
-0.1679059150717E-02, 0.1247784272214E-02,-0.1826476840234E-02, 0.5222217071048E-02, 0.5659215633282E-03,-0.1449758426394E-02, 0.3665875610948E-02, 0.1555035165446E-03, 0.6296887599798E-02
-0.1893378734279E-02, 0.1265400617563E-02,-0.1760979377805E-02, 0.4891328627517E-02, 0.2901341569721E-03,-0.1662124464117E-02, 0.3391426282577E-02,-0.8055892504748E-04, 0.6306281268041E-02
-0.2120356735667E-02, 0.1035881900600E-02,-0.1900939320578E-02, 0.4665161095630E-02, 0.7491142074671E-04,-0.1871274259674E-02, 0.3106080173206E-02,-0.3374806171034E-03, 0.6090788417727E-02
-0.2329653385158E-02, 0.7126854879964E-03,-0.2136959940927E-02, 0.4484135628204E-02,-0.9406936110252E-04,-0.2050363793489E-02, 0.2840538362635E-02,-0.5819784088360E-03, 0.5769685941623E-02
-0.2342663110864E-02, 0.7317571655962E-03,-0.2166596662131E-02, 0.4551611885428E-02,-0.5146749815150E-04,-0.2051661996119E-02, 0.2857241168884E-02,-0.5793504667884E-03, 0.5774003055071E-02
-0.2573843549553E-02, 0.3990890425451E-03,-0.2459596303830E-02, 0.4019195497990E-02,-0.3505959246907E-03,-0.2210985997601E-02, 0.2491671957084E-02,-0.9005696881836E-03, 0.5287759683130E-02
-0.2599280045538E-02, 0.2974753246513E-03,-0.2517924758590E-02, 0.3865654870488E-02,-0.5194875554829E-03,-0.2328402181628E-02, 0.2430373153206E-02,-0.9618845696808E-03, 0.5172942653261E-02
-0.2660411432644E-02, 0.1938229953175E-03,-0.2600700300602E-02, 0.3714866053060E-02,-0.6717087896068E-03,-0.2472317468372E-02, 0.2325664499818E-02,-0.1029179856212E-02, 0.5025896361415E-02
-0.2832338172319E-02, 0.5901084354749E-04,-0.2777753108650E-02, 0.3529428184459E-02,-0.7744426550624E-03,-0.2644053643886E-02, 0.2088421410338E-02,-0.1155931230640E-02, 0.4759375811421E-02
-0.1484674968267E-02, 0.1454142286486E-02,-0.1639289415611E-02, 0.5384754542755E-02, 0.7060633262696E-03,-0.1300070538830E-02, 0.3862663915096E-02, 0.3513672257361E-03, 0.6494697514691E-02
-0.1699451449278E-02, 0.1471292265402E-02,-0.1575208856632E-02, 0.5056307837325E-02, 0.4311085915618E-03,-0.1512413446272E-02, 0.3590426174046E-02, 0.1158707562230E-03, 0.6505009729790E-02
-0.1927716784525E-02, 0.1241269589580E-02,-0.1716865817756E-02, 0.4831340805182E-02, 0.2159112927653E-03,-0.1722156106978E-02, 0.3306652188883E-02,-0.1405748431473E-03, 0.6290993882674E-02
-0.2138740436331E-02, 0.9174353769534E-03,-0.1954674532025E-02, 0.4650754904714E-02, 0.4645668341373E-04,-0.1902207548585E-02, 0.3042080086255E-02,-0.3848288079065E-03, 0.5971405319305E-02
-0.2151643215680E-02, 0.9368223411502E-03,-0.1984191053494E-02, 0.4718803339737E-02, 0.8916369650094E-04,-0.1903428073661E-02, 0.3059250457112E-02,-0.3820507713081E-03, 0.5976705168683E-02
-0.2386140538902E-02, 0.6017768130238E-03,-0.2280404152171E-02, 0.4186332332349E-02,-0.2112834528191E-03,-0.2064872885054E-02, 0.2693494035191E-02,-0.7041987757171E-03, 0.5490531427655E-02
-0.2412830343126E-02, 0.4989552063105E-03,-0.2340001905401E-02, 0.4032681774195E-02,-0.3805914414661E-03,-0.2183059286269E-02, 0.2631770186123E-02,-0.7661757820433E-03, 0.5375526779091E-02
-0.2475412195228E-02, 0.3949036889462E-03,-0.2424267183363E-02, 0.3881537306256E-02,-0.5334402633114E-03,-0.2327869318876E-02, 0.2526645261562E-02,-0.8342065717847E-03, 0.5228254301242E-02
-0.2649310254649E-02, 0.2611959903170E-03,-0.2603334158029E-02, 0.3695498132182E-02,-0.6372665829887E-03,-0.2500843839929E-02, 0.2289283866657E-02,-0.9616854712924E-03, 0.4961796973514E-02
-0.1425310551445E-02, 0.1511935594594E-02,-0.1592017118140E-02, 0.5418439038780E-02, 0.7607668713755E-03,-0.1222978175175E-02, 0.3924474052659E-02, 0.3955613857813E-03, 0.6533101259193E-02
-0.1640082039873E-02, 0.1528973682835E-02,-0.1528351531815E-02, 0.5090949746201E-02, 0.4861272328119E-03,-0.1435380481011E-02, 0.3653069102200E-02, 0.1605392318568E-03, 0.6543872733229E-02
-0.1868591918028E-02, 0.1298999356040E-02,-0.1670390750571E-02, 0.4866647663584E-02, 0.2710254713009E-03,-0.1645374199061E-02, 0.3370018999072E-02,-0.9549406640194E-04, 0.6330619336902E-02
-0.2080007787459E-02, 0.9752440106905E-03,-0.1908554979800E-02, 0.4686534694513E-02, 0.1015206936052E-03,-0.1825794359780E-02, 0.3106014035564E-02,-0.3394380134066E-03, 0.6011872559097E-02
-0.2092879532358E-02, 0.9946306966201E-03,-0.1938039404529E-02, 0.4754579261282E-02, 0.1441976931512E-03,-0.1826981101686E-02, 0.3123207579314E-02,-0.3366422391817E-03, 0.6017322734117E-02
-0.2328227906332E-02, 0.6593158502604E-03,-0.2234939291252E-02, 0.4222883711351E-02,-0.1564614832904E-03,-0.1989254131050E-02, 0.2757900696574E-02,-0.6586558713003E-03, 0.5532024814600E-02
-0.2355284003554E-02, 0.5562641058392E-03,-0.2294843971260E-02, 0.4069388017908E-02,-0.3258407205289E-03,-0.2107793883160E-02, 0.2696139695026E-02,-0.7207198089056E-03, 0.5417156200173E-02
-0.2418275640364E-02, 0.4521682450130E-03,-0.2379460985810E-02, 0.3918374322242E-02,-0.4788145185030E-03,-0.2252995417879E-02, 0.2591031534286E-02,-0.7888487754167E-03, 0.5270071007894E-02
-0.2592681452556E-02, 0.3187890125813E-03,-0.2558968323666E-02, 0.3732539223613E-02,-0.5828847233692E-03,-0.2426450138925E-02, 0.2353918010985E-02,-0.9163640381834E-03, 0.5004079175465E-02
-0.1362409878483E-02, 0.1575341652543E-02,-0.1538558403537E-02, 0.5470735332069E-02, 0.8381663926686E-03,-0.1139762713358E-02, 0.3987036598518E-02, 0.4484273630348E-03, 0.6582397065107E-02
-0.1577121192806E-02, 0.1592325082714E-02,-0.1475322445180E-02, 0.5144366119629E-02, 0.5638509958674E-03,-0.1352167685881E-02, 0.3716644802772E-02, 0.2139739028404E-03, 0.6593724096242E-02
-0.1805854896340E-02, 0.1362423906299E-02,-0.1617770416591E-02, 0.4920801590389E-02, 0.3488218958701E-03,-0.1562385884465E-02, 0.3434448810678E-02,-0.4156013406718E-04, 0.6381315942984E-02
-0.2017666168400E-02, 0.1038745572580E-02,-0.1856325167260E-02, 0.4741177342195E-02, 0.1792179710193E-03,-0.1743171459364E-02, 0.3171098337690E-02,-0.2851267808678E-03, 0.6063470169609E-02
-0.2030499432000E-02, 0.1058158791470E-02,-0.1885770590052E-02, 0.4809268317578E-02, 0.2218833845357E-03,-0.1744319266348E-02, 0.3188354719810E-02,-0.2823031656281E-03, 0.6069180673638E-02
-0.2266742135353E-02, 0.7224872303557E-03,-0.2183446404325E-02, 0.4278292080331E-02,-0.7915883987284E-04,-0.1907461339133E-02, 0.2823532810840E-02,-0.6041660368669E-03, 0.5584656019612E-02
-0.2294188735172E-02, 0.6191752605299E-03,-0.2243699837747E-02, 0.4124922453715E-02,-0.2486892732558E-03,-0.2026375342927E-02, 0.2761738827607E-02,-0.6663355247883E-03, 0.5469897474362E-02
-0.2357616927252E-02, 0.5149759982606E-03,-0.2328717030518E-02, 0.3973990877737E-02,-0.4018751171047E-03,-0.2171993414314E-02, 0.2656645965206E-02,-0.7345828413271E-03, 0.5322960291520E-02
-0.2532558597617E-02, 0.3818153735721E-03,-0.2508724394703E-02, 0.3788289388220E-02,-0.5062869153008E-03,-0.2345959072034E-02, 0.2419785674167E-02,-0.8621414279856E-03, 0.5057386228015E-02
-0.1271316030654E-02, 0.1670677718020E-02,-0.1448774567451E-02, 0.5577003214531E-02, 0.9628504360126E-03,-0.1047008161021E-02, 0.4065678397189E-02, 0.5461165426253E-03, 0.6678510566993E-02
-0.1485997385170E-02, 0.1687621972389E-02,-0.1386179027353E-02, 0.5252223096362E-02, 0.6889287300181E-03,-0.1259271453339E-02, 0.3796783982370E-02, 0.3122981779153E-03, 0.6690567742127E-02
-0.1715141913274E-02, 0.1457704707330E-02,-0.1529349234321E-02, 0.5029571745475E-02, 0.4738956156173E-03,-0.1469689490167E-02, 0.3515758299748E-02, 0.5732951667553E-04, 0.6479238390862E-02
-0.1927619187211E-02, 0.1133941335207E-02,-0.1768652831728E-02, 0.4850436642754E-02, 0.3040222755769E-03,-0.1650894777760E-02, 0.3253245372987E-02,-0.1858327939874E-03, 0.6162504964067E-02
-0.1940396738794E-02, 0.1153463709592E-02,-0.1798040854657E-02, 0.4918714227747E-02, 0.3467220564634E-03,-0.1651998016164E-02, 0.3270682900273E-02,-0.1829465891507E-03, 0.6168718503068E-02
-0.2178050261563E-02, 0.8169379192276E-03,-0.2097130771355E-02, 0.4388265105349E-02, 0.4483964964359E-04,-0.1816197130250E-02, 0.2906333881704E-02,-0.5049117751560E-03, 0.5684755687357E-02
-0.2206081602666E-02, 0.7131681581826E-03,-0.2157979084302E-02, 0.4234939226217E-02,-0.1250255861057E-03,-0.1935531445168E-02, 0.2844476243811E-02,-0.5673401454053E-03, 0.5570025931860E-02
-0.2270175503324E-02, 0.6086789305504E-03,-0.2243688880172E-02, 0.4083940361034E-02,-0.2786441290449E-03,-0.2081631356942E-02, 0.2739347646851E-02,-0.6358733436401E-03, 0.5423122270891E-02
-0.2445970981242E-02, 0.4755646629178E-03,-0.2424601599591E-02, 0.3898133825473E-02,-0.3836939981751E-03,-0.2256229493880E-02, 0.2502695817648E-02,-0.7636455510171E-03, 0.5157841833916E-02
-0.1986290032279E-02, 0.1818168643532E-02,-0.1820233092861E-02, 0.6190819092308E-02, 0.9431120238226E-03,-0.1576740481398E-02, 0.4488415636916E-02, 0.4354666256474E-03,-0.2398715135622E-02
-0.2202719766976E-02, 0.1829453959710E-02,-0.1754069690514E-02, 0.5839760025644E-02, 0.6571733623863E-03,-0.1792969568913E-02, 0.4198858970012E-02, 0.1873799824139E-03,-0.2349754411302E-02
-0.2429834108601E-02, 0.1590336064491E-02,-0.1894875991289E-02, 0.5598697151378E-02, 0.4350898542164E-03,-0.2004146497002E-02, 0.3900579080774E-02,-0.7773857142602E-04,-0.2527166072075E-02
-0.2638172392481E-02, 0.1256630728335E-02,-0.2132701977325E-02, 0.5405420584445E-02, 0.2610757886845E-03,-0.2184088534840E-02, 0.3623770274439E-02,-0.3280420980624E-03,-0.2790813316009E-02
-0.2649212489246E-02, 0.1279648030463E-02,-0.2159883545495E-02, 0.5478391223182E-02, 0.3080406615781E-03,-0.2183013231776E-02, 0.3644728714566E-02,-0.3223137730205E-03,-0.2796225287648E-02
-0.2880678128329E-02, 0.9287208150480E-03,-0.2459612933733E-02, 0.4913386832320E-02,-0.5886856978960E-05,-0.2345537016457E-02, 0.3255343131421E-02,-0.6568163184858E-03,-0.3016267345626E-02
-0.2904856634245E-02, 0.8180645269317E-03,-0.2518953760720E-02, 0.4749926569592E-02,-0.1804963310142E-03,-0.2464395010516E-02, 0.3187661170111E-02,-0.7211875410604E-03,-0.3069619010037E-02
-0.2964873886635E-02, 0.7210021754012E-03,-0.2602845063534E-02, 0.4589142192578E-02,-0.3381048525465E-03,-0.2609967054071E-02, 0.3075518582228E-02,-0.7916524883136E-03,-0.3184907373985E-02
-0.3136146126359E-02, 0.6210798786322E-03,-0.2781757024653E-02, 0.4391762308894E-02,-0.4453976315969E-03,-0.2783221807622E-02, 0.2827304092744E-02,-0.9227893975728E-03,-0.3438272637321E-02
-0.1852046113043E-02, 0.1938415350657E-02,-0.1694309352737E-02, 0.6295000161650E-02, 0.1069141946577E-02,-0.1436111932416E-02, 0.4584027811851E-02, 0.4757665868939E-03,-0.2356669493139E-02
-0.2069368611598E-02, 0.1949003678682E-02,-0.1629506781807E-02, 0.5945364848951E-02, 0.7831729182257E-03,-0.1653068926424E-02, 0.4295644698496E-02, 0.2285155242318E-03,-0.2308604538506E-02
-0.2297971932571E-02, 0.1709295738976E-02,-0.1771939633745E-02, 0.5704937847350E-02, 0.5605118672075E-03,-0.1865453118149E-02, 0.3998154162686E-02,-0.3632358615690E-04,-0.2486814119409E-02
-0.2508048917209E-02, 0.1375019430386E-02,-0.2011437857249E-02, 0.5511877234323E-02, 0.3856462639893E-03,-0.2046806880482E-02, 0.3721825625750E-02,-0.2866837929577E-03,-0.2751197921919E-02
-0.2519054021897E-02, 0.1398197320685E-02,-0.2038538256729E-02, 0.5585097674413E-02, 0.4326863745102E-03,-0.2045682056914E-02, 0.3743014406633E-02,-0.2808735240082E-03,-0.2756605885560E-02
-0.2753395242469E-02, 0.1045673301937E-02,-0.2340950213753E-02, 0.5020487483899E-02, 0.1172512828207E-03,-0.2210592608531E-02, 0.3353732233818E-02,-0.6156996905368E-03,-0.2978086936030E-02
-0.2778621217627E-02, 0.9344520503366E-03,-0.2401247069967E-02, 0.4857115567741E-02,-0.5778315858831E-04,-0.2330315082693E-02, 0.3285949573981E-02,-0.6802701064111E-03,-0.3031840503829E-02
-0.2839845080325E-02, 0.8366710247227E-03,-0.2486286582267E-02, 0.4696261691468E-02,-0.2159911233875E-03,-0.2476891789806E-02, 0.3173703333183E-02,-0.7510280104068E-03,-0.3147999151187E-02
-0.3012788839954E-02, 0.7356844882739E-03,-0.2666855403734E-02, 0.4498652905470E-02,-0.3243342787072E-03,-0.2651548599517E-02, 0.2925513807637E-02,-0.8825827850729E-03,-0.3403212157399E-02
-0.1699830043128E-02, 0.2081748267308E-02,-0.1548382001556E-02, 0.6418867853237E-02, 0.1201130225677E-02,-0.1315344293153E-02, 0.4673305413078E-02, 0.5692613634229E-03,-0.2262818202266E-02
-0.1917841884502E-02, 0.2091934668124E-02,-0.1484818310190E-02, 0.6071195437336E-02, 0.9154971390683E-03,-0.1532582823148E-02, 0.4386586895795E-02, 0.3227920875410E-03,-0.2215679606395E-02
-0.2147810397380E-02, 0.1851806654728E-02,-0.1628796345965E-02, 0.5831789837833E-02, 0.6925550769831E-03,-0.1745765835716E-02, 0.4090278109877E-02, 0.5835159272471E-04,-0.2394921349876E-02
-0.2359566985527E-02, 0.1517035783676E-02,-0.1869925896664E-02, 0.5639205135422E-02, 0.5170619332003E-03,-0.1928183737532E-02, 0.3814729286404E-02,-0.1919054792582E-03,-0.2660366272364E-02
-0.2370531110487E-02, 0.1540417714588E-02,-0.1896947074157E-02, 0.5712694103978E-02, 0.5641813023008E-03,-0.1927019381450E-02, 0.3836203771204E-02,-0.1860014241009E-03,-0.2665749778967E-02
-0.2607770002688E-02, 0.1186251694842E-02,-0.2202078693964E-02, 0.5148714744656E-02, 0.2474539756582E-03,-0.2093885835608E-02, 0.3447312451104E-02,-0.5212507876532E-03,-0.2889157012991E-02
-0.2634061198186E-02, 0.1074344817645E-02,-0.2263388547197E-02, 0.4985484648638E-02, 0.7203416495391E-04,-0.2214300066479E-02, 0.3379505194336E-02,-0.5861412884933E-03,-0.2943727166032E-02
-0.2696530179090E-02, 0.9759733090001E-03,-0.2349639264372E-02, 0.4824593953079E-02,-0.8673460775594E-04,-0.2361691986754E-02, 0.3267225389298E-02,-0.6573006622636E-03,-0.3060383811753E-02
-0.2871215440998E-02, 0.8745461117145E-03,-0.2531919766155E-02, 0.4626789658643E-02,-0.1960561480090E-03,-0.2537513272573E-02, 0.3019168044344E-02,-0.7893216403402E-03,-0.3315604428299E-02
-0.1550258782147E-02, 0.2225845009790E-02,-0.1404125603511E-02, 0.6540419186170E-02, 0.1321763795981E-02,-0.1213513830412E-02, 0.4759704511553E-02, 0.6885080327481E-03,-0.2143957753205E-02
-0.1768759382007E-02, 0.2235826885348E-02,-0.1341626863271E-02, 0.6194875119968E-02, 0.1036683735257E-02,-0.1430752480077E-02, 0.4474801660421E-02, 0.4427082351143E-03,-0.2097693766943E-02
-0.1999874978020E-02, 0.1995451350800E-02,-0.1486949256181E-02, 0.5956660764621E-02, 0.8136932948369E-03,-0.1644426870013E-02, 0.4179831840652E-02, 0.1787084311951E-03,-0.2278019696469E-02
-0.2213103946978E-02, 0.1660329453882E-02,-0.1729514453480E-02, 0.5764701700040E-02, 0.6377927672968E-03,-0.1827613882736E-02, 0.3905205150513E-02,-0.7134596248228E-04,-0.2544625671680E-02
-0.2224025496748E-02, 0.1683911404601E-02,-0.1756463301654E-02, 0.5838435736929E-02, 0.6849775482860E-03,-0.1826417787898E-02, 0.3926960611533E-02,-0.6535160586608E-04,-0.2549973874747E-02
-0.2463895510897E-02, 0.1328290763876E-02,-0.2064059946202E-02, 0.5275251762833E-02, 0.3672626211580E-03,-0.1994833306607E-02, 0.3538621552190E-02,-0.4010368530028E-03,-0.2775438278742E-02
-0.2491167806896E-02, 0.1215703015734E-02,-0.2126319038133E-02, 0.5112200353322E-02, 0.1915402719144E-03,-0.2115785759747E-02, 0.3470819665102E-02,-0.4662939373933E-03,-0.2831020083210E-02
-0.2554789031805E-02, 0.1116894545056E-02,-0.2213699499395E-02, 0.4951320437523E-02, 0.3230959625158E-04,-0.2263817254107E-02, 0.3358546323460E-02,-0.5378846477305E-03,-0.2947883087164E-02
-0.2731082625285E-02, 0.1015484011507E-02,-0.2397549184200E-02, 0.4753403856176E-02,-0.7783201255795E-04,-0.2440565699999E-02, 0.3110702980308E-02,-0.6703533839092E-03,-0.3201900439750E-02
-0.1538985069092E-02, 0.2220731380800E-02,-0.1396462516925E-02, 0.6527460172436E-02, 0.1318950534945E-02,-0.1215057943826E-02, 0.4742737560300E-02, 0.6976673647589E-03,-0.2127307355904E-02
-0.1757528231371E-02, 0.2230663432686E-02,-0.1334115941899E-02, 0.6182156874455E-02, 0.1033906936987E-02,-0.1432261131123E-02, 0.4458000170157E-02, 0.4518759498745E-03,-0.2081159436115E-02
-0.1988735978008E-02, 0.1990429638333E-02,-0.1479553746716E-02, 0.5944373060262E-02, 0.8109789962668E-03,-0.1645929110533E-02, 0.4163326701162E-02, 0.1879085489179E-03,-0.2261622438862E-02
-0.2202077032982E-02, 0.1655550611767E-02,-0.1722198882596E-02, 0.5752955181786E-02, 0.6351662628024E-03,-0.1829123793930E-02, 0.3889065708978E-02,-0.6209975182171E-04,-0.2528365947827E-02
-0.2213018525408E-02, 0.1678901364031E-02,-0.1749192717652E-02, 0.5826270151939E-02, 0.6822045509549E-03,-0.1827956111714E-02, 0.3910527474824E-02,-0.5617349898362E-04,-0.2533741680292E-02
-0.2453033963850E-02, 0.1323939318113E-02,-0.2056802952423E-02, 0.5264603039694E-02, 0.3648846177158E-03,-0.1996340920188E-02, 0.3523175377683E-02,-0.3916987074934E-03,-0.2759372819127E-02
-0.2480369124707E-02, 0.1211575213483E-02,-0.2119075772819E-02, 0.5101880567215E-02, 0.1892980481584E-03,-0.2117252721577E-02, 0.3455617613108E-02,-0.4569260315821E-03,-0.2815085879744E-02
-0.2544062163929E-02, 0.1112765472071E-02,-0.2206472722016E-02, 0.4941431356389E-02, 0.3021640536195E-04,-0.2265243292086E-02, 0.3343659453961E-02,-0.5284767496909E-03,-0.2931909967602E-02
-0.2720453142581E-02, 0.1010955095191E-02,-0.2390351503874E-02, 0.4744233554171E-02,-0.7975874209601E-04,-0.2441970089423E-02, 0.3096306903775E-02,-0.6608794842080E-03,-0.3185573540646E-02
-0.1341518525436E-02, 0.2427040437467E-02,-0.1207323923587E-02, 0.6688560852477E-02, 0.1459714549631E-02,-0.1062969501713E-02, 0.4937691484069E-02, 0.8944853598411E-03,-0.1938395341319E-02
-0.1560406236096E-02, 0.2436814832381E-02,-0.1146225393961E-02, 0.6346275084665E-02, 0.1175794895042E-02,-0.1280023958504E-02, 0.4655513285710E-02, 0.6494535341455E-03,-0.1893395973891E-02
-0.1792784386765E-02, 0.2196472240123E-02,-0.1293156183526E-02, 0.6110089994291E-02, 0.9531499999547E-03,-0.1494162770029E-02, 0.4362752326168E-02, 0.3861529508072E-03,-0.2075317470008E-02
-0.2007743947454E-02, 0.1861347407740E-02,-0.1537386550955E-02, 0.5919390469016E-02, 0.7770798140631E-03,-0.1678213144592E-02, 0.4089769065539E-02, 0.1365614582253E-03,-0.2343646834262E-02
-0.2018593129209E-02, 0.1885127442668E-02,-0.1564231202362E-02, 0.5993375513201E-02, 0.8242824081837E-03,-0.1676968176579E-02, 0.4111831932477E-02, 0.1426646553148E-03,-0.2348930300932E-02
-0.2261771178931E-02, 0.1528090010777E-02,-0.1874827054104E-02, 0.5431987664417E-02, 0.5058633686432E-03,-0.1847357416041E-02, 0.3724577481405E-02,-0.1935828610737E-03,-0.2577477185543E-02
-0.2290345832675E-02, 0.1414656451775E-02,-0.1938310444024E-02, 0.5269337798197E-02, 0.3299573652981E-03,-0.1969002466231E-02, 0.3656691693573E-02,-0.2594150359913E-03,-0.2634789028747E-02
-0.2355467394582E-02, 0.1315535939794E-02,-0.2027128186372E-02, 0.5108681915353E-02, 0.1703406770077E-03,-0.2117841436798E-02, 0.3544431117471E-02,-0.3316434348815E-03,-0.2751512408441E-02
-0.2533765526774E-02, 0.1214865690358E-02,-0.2212899476297E-02, 0.4910989735375E-02, 0.5937918038045E-04,-0.2295733310796E-02, 0.3297159659778E-02,-0.4646852180896E-03,-0.3002007643210E-02
-0.1281632574185E-02, 0.2483682012332E-02,-0.1160146732510E-02, 0.6720644605871E-02, 0.1513548911170E-02,-0.9854652895227E-03, 0.4997629123232E-02, 0.9382816755700E-03,-0.1893030127322E-02
-0.1500483754688E-02, 0.2493457625201E-02,-0.1099406261177E-02, 0.6379522695732E-02, 0.1230053585557E-02,-0.1202535418356E-02, 0.4716408203973E-02, 0.6937845069192E-03,-0.1848336227798E-02
-0.1733070804559E-02, 0.2253319142931E-02,-0.1246649961056E-02, 0.6144146728145E-02, 0.1007612182495E-02,-0.1416878083894E-02, 0.4424515483900E-02, 0.4309584426202E-03,-0.2030500714779E-02
-0.1948387617094E-02, 0.1918434748366E-02,-0.1491165476106E-02, 0.5954032557637E-02, 0.8315908695978E-03,-0.1601252750623E-02, 0.4152242218820E-02, 0.1817358764336E-03,-0.2299057037841E-02
-0.1959210788327E-02, 0.1942222094927E-02,-0.1517979641767E-02, 0.6028083719165E-02, 0.8787592215066E-03,-0.1599981093677E-02, 0.4174333016891E-02, 0.1878529974020E-03,-0.2304321606243E-02
-0.2203186103335E-02, 0.1585100953717E-02,-0.1829162527554E-02, 0.5467653025970E-02, 0.5602731847611E-03,-0.1771135945600E-02, 0.3787719076875E-02,-0.1481691865609E-03,-0.2533478990522E-02
-0.2232113329177E-02, 0.1471502298046E-02,-0.1892925893936E-02, 0.5305220998217E-02, 0.3843499349465E-03,-0.1893108537243E-02, 0.3719845147893E-02,-0.2140628932452E-03,-0.2591135513585E-02
-0.2297627225855E-02, 0.1372377305378E-02,-0.1982063395838E-02, 0.5144754942200E-02, 0.2246644891904E-03,-0.2042308941828E-02, 0.3607665294882E-02,-0.2863607480468E-03,-0.2707878171879E-02
-0.2476403805132E-02, 0.1272047102135E-02,-0.2168223214572E-02, 0.4947350467681E-02, 0.1135274042349E-03,-0.2220642521986E-02, 0.3360756253823E-02,-0.4193952744598E-03,-0.2957798793466E-02
-0.1217999457009E-02, 0.2546234519707E-02,-0.1106541298588E-02, 0.6771351779101E-02, 0.1590189647098E-02,-0.9016057325858E-03, 0.5058677430905E-02, 0.9909773892625E-03,-0.1839610199659E-02
-0.1436753556192E-02, 0.2556083308180E-02,-0.1046162649213E-02, 0.6431589973192E-02, 0.1307155075668E-02,-0.1118628069673E-02, 0.4778601900708E-02, 0.7471180444806E-03,-0.1795238523389E-02
-0.1669523391377E-02, 0.2316184532284E-02,-0.1193736624882E-02, 0.6197120807712E-02, 0.1084914249778E-02,-0.1333141770847E-02, 0.4487707925381E-02, 0.4848611445492E-03,-0.1977675494656E-02
-0.1885195741641E-02, 0.1981545776068E-02,-0.1438565269383E-02, 0.6007625506843E-02, 0.9089071219852E-03,-0.1517832369089E-02, 0.4216228114562E-02, 0.2360808897843E-03,-0.2246497754401E-02
-0.1895988150477E-02, 0.2005379760633E-02,-0.1465340178775E-02, 0.6081797443267E-02, 0.9560625066378E-03,-0.1516529211984E-02, 0.4238399287117E-02, 0.2422248030885E-03,-0.2251735628981E-02
-0.2140795103716E-02, 0.1648078658883E-02,-0.1777194740029E-02, 0.5522281395668E-02, 0.6373537709200E-03,-0.1688486388686E-02, 0.3852441425000E-02,-0.9355288298345E-04,-0.2481604703087E-02
-0.2170101188422E-02, 0.1534284926258E-02,-0.1841279297923E-02, 0.5360052225488E-02, 0.4613450239086E-03,-0.1810807614146E-02, 0.3784582220308E-02,-0.1595263108654E-03,-0.2539665352344E-02
-0.2236036453661E-02, 0.1435096690594E-02,-0.1930784458612E-02, 0.5199736652408E-02, 0.3015130535893E-03,-0.1960394026747E-02, 0.3672477517753E-02,-0.2319137779352E-03,-0.2656413909927E-02
-0.2415319583001E-02, 0.1334998161625E-02,-0.2117390762908E-02, 0.5002548431546E-02, 0.1901064782204E-03,-0.2139197409016E-02, 0.3425926123894E-02,-0.3649475428350E-03,-0.2905612719623E-02
-0.1125566710912E-02, 0.2641109228457E-02,-0.1016074615249E-02, 0.6875643476925E-02, 0.1714312045851E-02,-0.8077403462620E-03, 0.5136197332016E-02, 0.1088843223300E-02,-0.1743386527105E-02
-0.1344232807017E-02, 0.2651104639285E-02,-0.9562353977485E-03, 0.6537817852480E-02, 0.1431879909760E-02,-0.1024549945732E-02, 0.4857798906957E-02, 0.8457269087913E-03,-0.1699529816708E-02
-0.1577350917274E-02, 0.2411414044016E-02,-0.1104415682795E-02, 0.6304529182767E-02, 0.1209819200371E-02,-0.1239191428777E-02, 0.4568250155936E-02, 0.5841423481776E-03,-0.1882568281970E-02
-0.1793629827575E-02, 0.2076909074307E-02,-0.1349880143672E-02, 0.6115733610009E-02, 0.1033698702789E-02,-0.1424237021763E-02, 0.4297765711726E-02, 0.3358640907068E-03,-0.2152042057534E-02
-0.1804378071492E-02, 0.2100904383259E-02,-0.1376589642065E-02, 0.6190151665194E-02, 0.1080899925747E-02,-0.1422895071029E-02, 0.4320171920542E-02, 0.3420775643258E-03,-0.2157232861104E-02
-0.2050505191865E-02, 0.1742942538201E-02,-0.1689720286049E-02, 0.5631446324239E-02, 0.7615534834628E-03,-0.1595829443023E-02, 0.3934848274838E-02, 0.6324682183105E-05,-0.2388456078139E-02
-0.2080385440657E-02, 0.1628772358741E-02,-0.1754364248058E-02, 0.5469385261661E-02, 0.5853025101917E-03,-0.1718545592473E-02, 0.3866981904343E-02,-0.5987330514883E-04,-0.2447285054431E-02
-0.2146971800459E-02, 0.1529342276058E-02,-0.1844520331687E-02, 0.5309112414532E-02, 0.4251257984644E-03,-0.1868582169631E-02, 0.3754905429975E-02,-0.1325103522944E-03,-0.2563971552143E-02
-0.2327072571204E-02, 0.1429300818439E-02,-0.2031960682739E-02, 0.5111927654287E-02, 0.3131682262428E-03,-0.2047969525870E-02, 0.3508665099856E-02,-0.2657016125787E-03,-0.2811597729345E-02
-0.1750210242366E-02, 0.2913241952135E-02,-0.1282108462778E-02,-0.2589415241781E-02, 0.1814213027804E-02,-0.1242624958746E-02, 0.5687281587289E-02, 0.1088965332708E-02,-0.2266935785847E-02
-0.1971809986335E-02, 0.2915306120653E-02,-0.1220287522853E-02,-0.2696550232208E-02, 0.1517285674028E-02,-0.1464698556817E-02, 0.5385814405049E-02, 0.8293367691107E-03,-0.2219322448069E-02
-0.2204049210708E-02, 0.2663438792850E-02,-0.1367863738516E-02,-0.2813218574874E-02, 0.1285952864299E-02,-0.1681320341941E-02, 0.5076656942192E-02, 0.5559523940359E-03,-0.2400873261605E-02
-0.2417279402464E-02, 0.2315936619599E-02,-0.1613612936671E-02,-0.2946302763040E-02, 0.1103721149290E-02,-0.1866225775236E-02, 0.4789667783887E-02, 0.2992508104541E-03,-0.2669751086778E-02
-0.2425950267998E-02, 0.2343183025017E-02,-0.1637899562474E-02,-0.2966152332188E-02, 0.1155399316321E-02,-0.1862377333961E-02, 0.4815480189729E-02, 0.3085457107027E-03,-0.2673111471756E-02
-0.2668118636041E-02, 0.1967214340246E-02,-0.1954733588064E-02,-0.3289248648924E-02, 0.8205872061142E-03,-0.2035829430803E-02, 0.4401628721611E-02,-0.4234957034712E-04,-0.2902139213317E-02
-0.2694793550335E-02, 0.1844284899361E-02,-0.2018804156604E-02,-0.3334934066798E-02, 0.6382553584103E-03,-0.2158854128904E-02, 0.4326802925485E-02,-0.1113402148644E-03,-0.2958504619208E-02
-0.2758048026077E-02, 0.1752637803918E-02,-0.2108187052622E-02,-0.3401169538088E-02, 0.4727347674671E-03,-0.2309231389530E-02, 0.4206436441204E-02,-0.1868076061302E-03,-0.3075047318737E-02
-0.2934689085600E-02, 0.1690018963604E-02,-0.2295111400304E-02,-0.3566261365390E-02, 0.3570163139130E-03,-0.2488364199418E-02, 0.3946776885144E-02,-0.3245140771477E-03,-0.3326814610820E-02
-0.1615691645706E-02, 0.3030111361219E-02,-0.1156862151193E-02,-0.2466998951641E-02, 0.1937742394144E-02,-0.1102028068770E-02, 0.5778914532148E-02, 0.1128016581068E-02,-0.2224591797878E-02
-0.1838094082056E-02, 0.3031701458324E-02,-0.1096274264663E-02,-0.2575531824189E-02, 0.1641050331336E-02,-0.1324719264938E-02, 0.5478891421756E-02, 0.8693605957701E-03,-0.2177829804558E-02
-0.2071729116459E-02, 0.2779549085286E-02,-0.1245320043052E-02,-0.2694001578697E-02, 0.1409384944884E-02,-0.1542436620019E-02, 0.5170808243177E-02, 0.5963759880091E-03,-0.2360137557085E-02
-0.2286610092208E-02, 0.2431790505108E-02,-0.1492581280952E-02,-0.2828984420331E-02, 0.1226517991816E-02,-0.1728651894110E-02, 0.4884573517616E-02, 0.3397218749433E-03,-0.2629716859691E-02
-0.2295240953513E-02, 0.2459242556235E-02,-0.1516763589363E-02,-0.2848809729470E-02, 0.1278288295952E-02,-0.1724746308034E-02, 0.4910677984210E-02, 0.3491199100694E-03,-0.2633066070830E-02
-0.2540163240916E-02, 0.2081999775350E-02,-0.1836077313648E-02,-0.3174794185642E-02, 0.9422664139251E-03,-0.1900463239710E-02, 0.4497283510357E-02,-0.1958398471217E-05,-0.2863497332066E-02
-0.2567849712720E-02, 0.1958648288647E-02,-0.1901040659824E-02,-0.3221493538280E-02, 0.7596399418514E-03,-0.2024293689180E-02, 0.4422468932879E-02,-0.7109108763991E-04,-0.2920244096931E-02
-0.2632268305182E-02, 0.1866334963980E-02,-0.1991500573466E-02,-0.3288931194527E-02, 0.5936479679502E-03,-0.2175609131952E-02, 0.4302128775526E-02,-0.1467909536423E-03,-0.3037666190099E-02
-0.2810513160068E-02, 0.1802566483785E-02,-0.2179971815257E-02,-0.3455763647102E-02, 0.4770167074152E-03,-0.2356060924667E-02, 0.4042703640318E-02,-0.2848371028731E-03,-0.3291341843458E-02
-0.1462758523912E-02, 0.3170770217179E-02,-0.1011323522567E-02,-0.2327575642218E-02, 0.2067581214191E-02,-0.9810570245209E-03, 0.5864907298638E-02, 0.1220325779579E-02,-0.2129744924640E-02
-0.1685744442382E-02, 0.3172220517381E-02,-0.9518284124579E-03,-0.2437423156295E-02, 0.1771515359873E-02,-0.1203914167207E-02, 0.5566825628697E-02, 0.9626189291615E-03,-0.2083864138129E-02
-0.1920632986023E-02, 0.2919991064235E-02,-0.1102236148426E-02,-0.2557649141426E-02, 0.1539830599157E-02,-0.1422315031999E-02, 0.5260201580890E-02, 0.6901871171464E-03,-0.2267142261132E-02
-0.2137088092101E-02, 0.2572085485074E-02,-0.1350941157716E-02,-0.2694521492351E-02, 0.1356562871205E-02,-0.1609490022831E-02, 0.4975003904283E-02, 0.4337729346229E-03,-0.2537719551886E-02
-0.2145675916582E-02, 0.2599806337750E-02,-0.1375018269573E-02,-0.2714312865780E-02, 0.1408439516452E-02,-0.1605538491519E-02, 0.5001459790620E-02, 0.4432866812565E-03,-0.2541043927728E-02
-0.2393353740626E-02, 0.2221260458040E-02,-0.1696820705249E-02,-0.3043276870545E-02, 0.1071422270234E-02,-0.1783083998365E-02, 0.4588762660937E-02, 0.9196782240663E-04,-0.2773332669579E-02
-0.2422069809384E-02, 0.2097372842841E-02,-0.1762729018333E-02,-0.3091036948888E-02, 0.8885422939601E-03,-0.1907555190249E-02, 0.4514033545653E-02, 0.2257860782965E-04,-0.2830874806237E-02
-0.2487689053922E-02, 0.2004537017065E-02,-0.1854322120802E-02,-0.3159732984369E-02, 0.7221174750748E-03,-0.2059628480481E-02, 0.4393781189975E-02,-0.5345657657206E-04,-0.2948788475015E-02
-0.2667597233824E-02, 0.1940279373617E-02,-0.2044379335035E-02,-0.3328375750217E-02, 0.6046440195141E-03,-0.2241168340762E-02, 0.4134667410413E-02,-0.1918788789326E-03,-0.3202484536097E-02
-0.1312292257806E-02, 0.3312720937770E-02,-0.8672831579121E-03,-0.2193117995195E-02, 0.2186445924104E-02,-0.8789090271467E-03, 0.5948454979950E-02, 0.1338478284455E-02,-0.2009546035697E-02
-0.1535661406104E-02, 0.3314230280929E-02,-0.8087086774908E-03,-0.2304090002629E-02, 0.1891209289503E-02,-0.1101656946014E-02, 0.5652453727794E-02, 0.1081612477383E-02,-0.1964498675167E-02
-0.1771584340174E-02, 0.3062093149927E-02,-0.9602772493414E-03,-0.2425863088220E-02, 0.1659724415578E-02,-0.1320440454000E-02, 0.5347430591968E-02, 0.8097845653736E-03,-0.2148791979331E-02
-0.1989405122410E-02, 0.2714178842732E-02,-0.1210229408294E-02,-0.2564422572873E-02, 0.1476263584362E-02,-0.1508286177443E-02, 0.5063394765501E-02, 0.5537204000027E-03,-0.2420455451180E-02
-0.1997950735320E-02, 0.2742167007187E-02,-0.1234210144061E-02,-0.2584175783904E-02, 0.1528234912570E-02,-0.1504298760031E-02, 0.5090191268214E-02, 0.5633432109538E-03,-0.2423747882141E-02
-0.2248116480949E-02, 0.2362495891620E-02,-0.1558246626824E-02,-0.2915842022980E-02, 0.1190503178177E-02,-0.1683270776060E-02, 0.4678321812756E-02, 0.2117867154867E-03,-0.2658010909881E-02
-0.2277780437724E-02, 0.2238069871952E-02,-0.1625038389507E-02,-0.2964583561410E-02, 0.1007440597231E-02,-0.1808236562354E-02, 0.4603700449495E-02, 0.1420939461901E-03,-0.2716543616503E-02
-0.2344509282655E-02, 0.2144869878223E-02,-0.1717684824324E-02,-0.3034442052925E-02, 0.8406703436232E-03,-0.1960900389027E-02, 0.4483566584532E-02, 0.6569282513129E-04,-0.2834646809810E-02
-0.2525947543107E-02, 0.2080607701943E-02,-0.1909185358665E-02,-0.3204739305651E-02, 0.7225028517832E-03,-0.2143299042870E-02, 0.4224828285035E-02,-0.7308494799205E-04,-0.3087120866182E-02
-0.1302316285578E-02, 0.3304714005090E-02,-0.8615288731847E-03,-0.2179077113459E-02, 0.2181080502702E-02,-0.8819701161021E-03, 0.5928479819315E-02, 0.1345445088593E-02,-0.1993912129401E-02
-0.1525728199667E-02, 0.3306171909445E-02,-0.8031007306056E-03,-0.2290169356786E-02, 0.1885913313232E-02,-0.1104683934732E-02, 0.5632688653647E-02, 0.1088615074212E-02,-0.1948984818141E-02
-0.1761735513692E-02, 0.3054268578804E-02,-0.9547563394345E-03,-0.2412090538712E-02, 0.1654544986828E-02,-0.1323452791397E-02, 0.5328034373280E-02, 0.8168563547129E-03,-0.2133410371566E-02
-0.1979655472095E-02, 0.2706725828713E-02,-0.1204747959100E-02,-0.2550799961180E-02, 0.1471235745264E-02,-0.1511291404420E-02, 0.5044452500808E-02, 0.5608802311057E-03,-0.2405202598393E-02
-0.1988224311876E-02, 0.2734454060627E-02,-0.1228793937863E-02,-0.2570581719145E-02, 0.1523016093151E-02,-0.1507343341425E-02, 0.5070917605352E-02, 0.5704064081937E-03,-0.2408513578724E-02
-0.2238502299808E-02, 0.2355609332356E-02,-0.1552748268660E-02,-0.2902420735521E-02, 0.1185835403759E-02,-0.1686236772829E-02, 0.4660248069923E-02, 0.2191209756102E-03,-0.2642942307111E-02
-0.2268210853063E-02, 0.2231465377109E-02,-0.1619527325178E-02,-0.2951245402020E-02, 0.1002950182403E-02,-0.1811145779590E-02, 0.4585912011804E-02, 0.1494868659486E-03,-0.2701584853710E-02
-0.2334990072485E-02, 0.2138288278432E-02,-0.1712157053248E-02,-0.3021201515460E-02, 0.8363799282009E-03,-0.1963748982509E-02, 0.4466149736790E-02, 0.7316140993337E-04,-0.2819646951397E-02
-0.2516500387998E-02, 0.2073596032286E-02,-0.1903636005664E-02,-0.3191630521385E-02, 0.7184533918210E-03,-0.2146098867428E-02, 0.4208008503547E-02,-0.6549666124397E-04,-0.3071806917370E-02
-0.1102285815947E-02, 0.3510507643862E-02,-0.6708595445712E-03,-0.2026990415091E-02, 0.2322118758155E-02,-0.7278709776083E-03, 0.6120995459811E-02, 0.1542654638166E-02,-0.1801695688963E-02
-0.1325896498908E-02, 0.3512189853916E-02,-0.6134824042849E-03,-0.2139213334378E-02, 0.2028397971497E-02,-0.9502808627985E-03, 0.5828138410142E-02, 0.1286808050713E-02,-0.1757861265189E-02
-0.1562923585335E-02, 0.3260591322468E-02,-0.7663952166186E-03,-0.2262797434632E-02, 0.1797594888714E-02,-0.1169371832541E-02, 0.5525770180776E-02, 0.1015933554800E-02,-0.1943644880517E-02
-0.1782323155344E-02, 0.2913189824074E-02,-0.1017738396210E-02,-0.2403351134517E-02, 0.1614263699596E-02,-0.1357936628501E-02, 0.5243801198036E-02, 0.7605701899034E-03,-0.2216912022331E-02
-0.1790802252262E-02, 0.2941449560333E-02,-0.1041591639701E-02,-0.2423037136729E-02, 0.1666285970675E-02,-0.1353903054600E-02, 0.5270965873976E-02, 0.7703142926385E-03,-0.2220145442268E-02
-0.2044064066558E-02, 0.2560889024671E-02,-0.1368277515716E-02,-0.2757801007838E-02, 0.1328233761505E-02,-0.1534658665732E-02, 0.4860702677737E-02, 0.4185330110543E-03,-0.2457358834952E-02
-0.2074979679025E-02, 0.2435826594960E-02,-0.1436196799360E-02,-0.2807763443333E-02, 0.1145137787238E-02,-0.1660250640645E-02, 0.4786155873124E-02, 0.3483618501666E-03,-0.2517583017412E-02
-0.2143144221540E-02, 0.2342431684958E-02,-0.1530166218706E-02,-0.2879050607423E-02, 0.9781343841215E-03,-0.1813645701815E-02, 0.4666227913888E-02, 0.2714259026397E-03,-0.2635502174330E-02
-0.2326471813211E-02, 0.2278910949449E-02,-0.1723398513587E-02,-0.3051287297133E-02, 0.8593334831273E-03,-0.1997080685788E-02, 0.4408381706291E-02, 0.1322278642260E-03,-0.2884387148473E-02
-0.1042120757382E-02, 0.3565788619078E-02,-0.6239731203080E-03,-0.1987473113432E-02, 0.2374847749279E-02,-0.6502426661791E-03, 0.6178778351984E-02, 0.1585833655250E-02,-0.1755842774912E-02
-0.1265652372876E-02, 0.3567597670988E-02,-0.5668863384982E-03,-0.2099920315595E-02, 0.2081674526315E-02,-0.8726121180498E-03, 0.5887016661935E-02, 0.1330592377082E-02,-0.1712295068646E-02
-0.1502840256556E-02, 0.3316373991658E-02,-0.7200298228167E-03,-0.2223891150484E-02, 0.1851196860876E-02,-0.1091846319120E-02, 0.5585671239732E-02, 0.1060265161379E-02,-0.1898292461963E-02
-0.1722549736240E-02, 0.2969388848325E-02,-0.9715748763767E-03,-0.2364882706936E-02, 0.1668026317442E-02,-0.1280678471237E-02, 0.5304564084042E-02, 0.8053395118053E-03,-0.2171755057329E-02
-0.1731008120664E-02, 0.2997661708748E-02,-0.9953977573372E-03,-0.2384537943752E-02, 0.1720011538512E-02,-0.1276624633608E-02, 0.5331771104172E-02, 0.8150949844821E-03,-0.2174974011270E-02
-0.1984994794890E-02, 0.2617219238586E-02,-0.1322554903675E-02,-0.2719916339878E-02, 0.1382052854517E-02,-0.1458069435996E-02, 0.4922352566855E-02, 0.4636429257136E-03,-0.2412756264083E-02
-0.2016245133838E-02, 0.2492062670937E-02,-0.1390722404148E-02,-0.2770176728171E-02, 0.1198999958098E-02,-0.1583956803744E-02, 0.4847870142654E-02, 0.3934397842442E-03,-0.2473312231649E-02
-0.2084779322994E-02, 0.2398706906349E-02,-0.1484973995128E-02,-0.2841804170607E-02, 0.1031990507434E-02,-0.1737674711830E-02, 0.4728091844379E-02, 0.3164676800293E-03,-0.2591238755250E-02
-0.2268546345204E-02, 0.2335538428508E-02,-0.1678534001084E-02,-0.3014452171885E-02, 0.9130901693194E-03,-0.1921500122822E-02, 0.4470734099280E-02, 0.1773273152215E-03,-0.2839536069816E-02
-0.9779919032715E-03, 0.3627266937353E-02,-0.5704119385935E-03,-0.1931359876992E-02, 0.2450450849593E-02,-0.5660259352810E-03, 0.6238049772436E-02, 0.1638133538564E-02,-0.1701678215775E-02
-0.1201376849094E-02, 0.3629304339450E-02,-0.5136071009050E-03,-0.2044104388035E-02, 0.2157891788794E-02,-0.7882832968330E-03, 0.5947579186775E-02, 0.1383610493059E-02,-0.1658430285894E-02
-0.1438693018023E-02, 0.3378499942451E-02,-0.6669887194258E-03,-0.2168557173277E-02, 0.1927758278814E-02,-0.1007620929157E-02, 0.5647387109022E-02, 0.1113933300513E-02,-0.1844665335470E-02
-0.1658705434420E-02, 0.3031934725205E-02,-0.9187561883783E-03,-0.2310096902349E-02, 0.1744728946192E-02,-0.1196706704128E-02, 0.5367220450263E-02, 0.8595249498815E-03,-0.2118356377875E-02
-0.1667138973071E-02, 0.3060263840085E-02,-0.9425367180646E-03,-0.2329712826048E-02, 0.1796702830694E-02,-0.1192626946825E-02, 0.5394534188987E-02, 0.8693088333549E-03,-0.2121555919874E-02
-0.1921879107065E-02, 0.2679845745375E-02,-0.1270246254469E-02,-0.2665951870511E-02, 0.1458697319189E-02,-0.1374794169503E-02, 0.4985951034060E-02, 0.5182067301877E-03,-0.2359998494663E-02
-0.1953490711953E-02, 0.2554565850371E-02,-0.1338702358853E-02,-0.2716593842211E-02, 0.1275632371028E-02,-0.1500997586387E-02, 0.4911535742599E-02, 0.4479539662648E-03,-0.2420947274949E-02
-0.2022423902962E-02, 0.2461191237959E-02,-0.1433283445335E-02,-0.2788659494519E-02, 0.1108549368642E-02,-0.1655062471197E-02, 0.4791897462039E-02, 0.3709254339930E-03,-0.2538866042811E-02
-0.2206657485400E-02, 0.2398268572628E-02,-0.1627227714819E-02,-0.2961859344082E-02, 0.9894593386957E-03,-0.1839305082779E-02, 0.4535009242235E-02, 0.2318361341484E-03,-0.2786418427988E-02
-0.8845073257731E-03, 0.3721396794894E-02,-0.4795072401359E-03,-0.1824430510488E-02, 0.2573637353944E-02,-0.4713341136422E-03, 0.6314169791252E-02, 0.1735849517668E-02,-0.1603932148080E-02
-0.1107727215465E-02, 0.3723819982558E-02,-0.4231237772427E-03,-0.1937800712443E-02, 0.2281914182771E-02,-0.6932896933675E-03, 0.6025571234139E-02, 0.1482194470995E-02,-0.1561166723049E-02
-0.1345310413101E-02, 0.3473459844587E-02,-0.5769773129745E-03,-0.2063161461892E-02, 0.2052165359063E-02,-0.9126663565910E-03, 0.5726913264120E-02, 0.1213311815686E-02,-0.1747946904657E-02
-0.1565853305635E-02, 0.3127240827393E-02,-0.8292499629862E-03,-0.2205722042202E-02, 0.1869195313907E-02,-0.1102027811185E-02, 0.5447910571993E-02, 0.9595163777865E-03,-0.2022227323420E-02
-0.1574248492520E-02, 0.3155763005613E-02,-0.8529504692933E-03,-0.2225282274766E-02, 0.1921234121088E-02,-0.1097910829047E-02, 0.5475514555729E-02, 0.9693831315281E-03,-0.2025391278313E-02
-0.1830203723202E-02, 0.2774923940996E-02,-0.1181781068468E-02,-0.2563279828877E-02, 0.1582809283591E-02,-0.1280959925972E-02, 0.5067729784602E-02, 0.6184464583999E-03,-0.2265107394483E-02
-0.1862368588767E-02, 0.2649357603618E-02,-0.1250754225980E-02,-0.2614605985419E-02, 0.1399605919650E-02,-0.1407524391252E-02, 0.4993372891914E-02, 0.5480095911410E-03,-0.2326812762216E-02
-0.1931926254325E-02, 0.2555794353439E-02,-0.1345937285048E-02,-0.2687468256735E-02, 0.1232275969636E-02,-0.1561999865118E-02, 0.4873834399338E-02, 0.4707735276437E-03,-0.2444647617663E-02
-0.2116926491481E-02, 0.2492940452951E-02,-0.1540633869453E-02,-0.2861745097303E-02, 0.1112729668385E-02,-0.1746770400067E-02, 0.4617361356453E-02, 0.3315898245122E-03,-0.2690576410510E-02
-0.1412809876191E-02, 0.4122328437842E-02,-0.6354073652013E-03,-0.2457443806407E-02, 0.2796658965271E-02,-0.8055714475960E-03, 0.6996374875830E-02, 0.1851122823252E-02,-0.2038708631973E-02
-0.1640337670573E-02, 0.4113322924846E-02,-0.5787929524421E-03,-0.2568026084050E-02, 0.2487747865471E-02,-0.1034267297819E-02, 0.6682153565164E-02, 0.1578541119726E-02,-0.1993153409815E-02
-0.1878386976662E-02, 0.3847716045249E-02,-0.7339965237996E-03,-0.2688128104983E-02, 0.2246317974366E-02,-0.1257019096564E-02, 0.6361394673541E-02, 0.1296056777874E-02,-0.2179527698039E-02
-0.2097155270266E-02, 0.3485813320934E-02,-0.9885110845614E-03,-0.2824864591397E-02, 0.2055108040723E-02,-0.1447522572591E-02, 0.6063548273566E-02, 0.1032423312518E-02,-0.2454287358863E-02
-0.2103146031837E-02, 0.3518235975268E-02,-0.1009618298292E-02,-0.2842781819590E-02, 0.2111773800293E-02,-0.1440582802728E-02, 0.6094319316573E-02, 0.1045566307884E-02,-0.2455324502469E-02
-0.2357638723238E-02, 0.3114342425686E-02,-0.1345445195449E-02,-0.3176699849437E-02, 0.1754303040894E-02,-0.1626567471526E-02, 0.5654393238961E-02, 0.6767230705798E-03,-0.2694786247190E-02
-0.2387334702846E-02, 0.2978006389968E-02,-0.1414859043187E-02,-0.3224771129389E-02, 0.1563589251123E-02,-0.1754319269289E-02, 0.5571894474777E-02, 0.6025782730758E-03,-0.2755022857077E-02
-0.2454402717745E-02, 0.2892508011751E-02,-0.1510402108512E-02,-0.3293904595074E-02, 0.1389476481035E-02,-0.1910105224707E-02, 0.5442742920731E-02, 0.5215477778938E-03,-0.2872095478363E-02
-0.2637144667846E-02, 0.2871275828204E-02,-0.1706197908465E-02,-0.3463820060326E-02, 0.1264571140320E-02,-0.2095836281870E-02, 0.5170909607867E-02, 0.3766146500427E-03,-0.3118637536735E-02
-0.1278585503631E-02, 0.4235223332304E-02,-0.5112750649396E-03,-0.2334047726186E-02, 0.2917201486525E-02,-0.6655395906718E-03, 0.7083589323268E-02, 0.1888626196153E-02,-0.1996310069404E-02
-0.1506800144445E-02, 0.4226070812509E-02,-0.4557450866498E-03,-0.2445967617025E-02, 0.2608821205061E-02,-0.8947175063602E-03, 0.6771107450597E-02, 0.1617172964206E-02,-0.1951539640710E-02
-0.1746125302745E-02, 0.3960499914747E-02,-0.6122359132251E-03,-0.2567814232622E-02, 0.2367331126972E-02,-0.1118427295368E-02, 0.6451723197686E-02, 0.1335226587556E-02,-0.2138615337438E-02
-0.1966430951901E-02, 0.3598636856533E-02,-0.8680766429038E-03,-0.2706396638566E-02, 0.2175726472324E-02,-0.1310114569307E-02, 0.6154920430940E-02, 0.1071760918341E-02,-0.2414030792838E-02
-0.1972374355902E-02, 0.3631283512294E-02,-0.8890515014976E-03,-0.2724283132775E-02, 0.2232506019683E-02,-0.1303107470748E-02, 0.6186097103219E-02, 0.1085032365465E-02,-0.2415047020778E-02
-0.2229463616247E-02, 0.3226539128802E-02,-0.1227124204524E-02,-0.3061005083857E-02, 0.1874154313622E-02,-0.1491204018416E-02, 0.5746994821553E-02, 0.7161671107767E-03,-0.2655855512645E-02
-0.2260124632325E-02, 0.3089942253731E-02,-0.1297357242112E-02,-0.3110068399304E-02, 0.1683289892674E-02,-0.1619689464420E-02, 0.5664622573392E-02, 0.6419456617118E-03,-0.2716444480673E-02
-0.2328302578436E-02, 0.3003832373011E-02,-0.1393894458984E-02,-0.3180378841350E-02, 0.1508847151929E-02,-0.1776332903232E-02, 0.5535628879995E-02, 0.5607518459564E-03,-0.2834401739419E-02
-0.2512562810149E-02, 0.2981348738006E-02,-0.1591109361217E-02,-0.3351992208545E-02, 0.1383181522336E-02,-0.1963282468735E-02, 0.5264252379168E-02, 0.4155686611342E-03,-0.3082915202860E-02
-0.1125485924831E-02, 0.4372668858211E-02,-0.3665852928431E-03,-0.2193277814796E-02, 0.3044413095335E-02,-0.5448178941304E-03, 0.7165891285367E-02, 0.1979324232140E-02,-0.1900811521470E-02
-0.1354149873657E-02, 0.4363720408460E-02,-0.3119786891373E-03,-0.2306439487242E-02, 0.2736981220190E-02,-0.7740210798664E-03, 0.6855648391336E-02, 0.1709011154003E-02,-0.1856855434072E-02
-0.1594587940454E-02, 0.4098441036759E-02,-0.4696207407122E-03,-0.2429970804821E-02, 0.2495760898626E-02,-0.9982743920084E-03, 0.6538023047608E-02, 0.1427793075351E-02,-0.2044819439775E-02
-0.1816335121458E-02, 0.3736779429216E-02,-0.7266901230309E-03,-0.2570375380669E-02, 0.2304005384065E-02,-0.1190794552337E-02, 0.6242536373400E-02, 0.1164722925638E-02,-0.2321151629312E-02
-0.1822229199922E-02, 0.3769738086128E-02,-0.7475262802489E-03,-0.2588226951234E-02, 0.2360925431010E-02,-0.1183730671057E-02, 0.6274144132864E-02, 0.1178138640318E-02,-0.2322138555462E-02
-0.2081896811027E-02, 0.3364104251044E-02,-0.1087825581752E-02,-0.2927818759719E-02, 0.2001901789644E-02,-0.1373502304679E-02, 0.5836063510408E-02, 0.8092381308503E-03,-0.2564712922816E-02
-0.2113539758010E-02, 0.3227141139274E-02,-0.1158924295559E-02,-0.2977921309859E-02, 0.1810930282984E-02,-0.1502565593311E-02, 0.5753894239713E-02, 0.7348335365625E-03,-0.2626064670501E-02
-0.2182860911003E-02, 0.3140581997317E-02,-0.1256504374602E-02,-0.3049463387555E-02, 0.1636196061860E-02,-0.1659896711951E-02, 0.5625116609647E-02, 0.6533802471137E-03,-0.2744501169308E-02
-0.2368687873410E-02, 0.3117542563876E-02,-0.1455161350587E-02,-0.3222834208166E-02, 0.1509836945147E-02,-0.1847841826877E-02, 0.5354240770280E-02, 0.5079228395802E-03,-0.2993050432110E-02
-0.9746272895687E-03, 0.4512008193905E-02,-0.2232003031631E-03,-0.2057403814081E-02, 0.3161079796897E-02,-0.4427337776836E-03, 0.7246200845487E-02, 0.2095905526188E-02,-0.1779659050618E-02
-0.1203541607437E-02, 0.4503441570357E-02,-0.1693471563466E-03,-0.2171616307646E-02, 0.2854783489361E-02,-0.6716952102167E-03, 0.6938321191896E-02, 0.1826629772617E-02,-0.1736476164890E-02
-0.1444873436843E-02, 0.4238623619928E-02,-0.3279397346298E-03,-0.2296621280790E-02, 0.2614036620865E-02,-0.8962000683749E-03, 0.6622583579709E-02, 0.1546200933584E-02,-0.1925364030498E-02
-0.1667853444282E-02, 0.3877309147061E-02,-0.5860410234845E-03,-0.2438643582250E-02, 0.2422323098561E-02,-0.1089272563046E-02, 0.6328522230891E-02, 0.1283647579240E-02,-0.2202685646917E-02
-0.1673701194531E-02, 0.3910587849635E-02,-0.6067485983714E-03,-0.2456458945760E-02, 0.2479374749905E-02,-0.1082163708743E-02, 0.6360522061212E-02, 0.1297198362323E-02,-0.2203640096234E-02
-0.1935680659239E-02, 0.3504209851783E-02,-0.9490216747964E-03,-0.2798639565063E-02, 0.2119931721129E-02,-0.1273217305482E-02, 0.5923565211216E-02, 0.9282816052142E-03,-0.2448082130094E-02
-0.1968226678971E-02, 0.3366870016197E-02,-0.1020927159815E-02,-0.2849703273973E-02, 0.1928911127718E-02,-0.1402721249229E-02, 0.5841615757688E-02, 0.8536464944519E-03,-0.2510391486990E-02
-0.2038602197373E-02, 0.3280025836801E-02,-0.1119472380375E-02,-0.2922381827949E-02, 0.1753960145506E-02,-0.1560582622776E-02, 0.5713079054001E-02, 0.7719023519373E-03,-0.2628994213374E-02
-0.2225863132322E-02, 0.3256944149714E-02,-0.1319429558451E-02,-0.3097353502038E-02, 0.1627043435239E-02,-0.1749303712208E-02, 0.5442750134382E-02, 0.6261934657310E-03,-0.2876304778708E-02
-0.9661643057802E-03, 0.4500591405106E-02,-0.2195744293453E-03,-0.2044421052373E-02, 0.3152964457172E-02,-0.4475018119084E-03, 0.7223076329422E-02, 0.2100443529785E-02,-0.1765247817185E-02
-0.1195118449373E-02, 0.4492198979965E-02,-0.1658568469331E-03,-0.2158751498018E-02, 0.2846778949655E-02,-0.6764270679260E-03, 0.6915458475283E-02, 0.1831238532285E-02,-0.1722191281832E-02
-0.1436520871669E-02, 0.4227693177659E-02,-0.3244992694814E-03,-0.2283901065449E-02, 0.2606213533353E-02,-0.9009035540505E-03, 0.6600162056992E-02, 0.1550925449735E-02,-0.1911202376511E-02
-0.1659579400634E-02, 0.3866771776299E-02,-0.5825892560403E-03,-0.2426068378719E-02, 0.2414727052676E-02,-0.1093947783689E-02, 0.6306647512258E-02, 0.1288512465243E-02,-0.2188635734573E-02
-0.1665462185305E-02, 0.3899608840824E-02,-0.6033883658964E-03,-0.2443903414385E-02, 0.2471537084846E-02,-0.1086893678740E-02, 0.6338342450842E-02, 0.1301931297774E-02,-0.2189611440687E-02
-0.1927496090432E-02, 0.3494473288854E-02,-0.9454621573908E-03,-0.2786250738980E-02, 0.2112826275843E-02,-0.1277805527139E-02, 0.5902805794320E-02, 0.9334195228680E-03,-0.2434187774248E-02
-0.1960069728620E-02, 0.3357490154992E-02,-0.1017324283434E-02,-0.2837381048859E-02, 0.1922028877841E-02,-0.1407232717324E-02, 0.5821171375383E-02, 0.8588762015608E-03,-0.2496584948779E-02
-0.2030474539798E-02, 0.3270704740437E-02,-0.1115813797560E-02,-0.2910139363784E-02, 0.1747334774561E-02,-0.1565009450623E-02, 0.5693052021384E-02, 0.7772491288717E-03,-0.2615145597015E-02
-0.2217776257065E-02, 0.3247182279743E-02,-0.1315688403143E-02,-0.3085227122664E-02, 0.1620744941839E-02,-0.1753648725139E-02, 0.5423440811010E-02, 0.6317239163244E-03,-0.2862181746889E-02
-0.7640974487590E-03, 0.4705741008027E-02,-0.2779368805808E-04,-0.1889422512059E-02, 0.3293922499068E-02,-0.2917879639197E-03, 0.7412523093242E-02, 0.2297472268378E-02,-0.1570176589945E-02
-0.9930700856031E-03, 0.4697778022611E-02, 0.2509772930082E-04,-0.2004783250778E-02, 0.2989537103846E-02,-0.5202239089646E-03, 0.7108241590531E-02, 0.2029504630289E-02,-0.1528133938852E-02
-0.1235307193878E-02, 0.4434050004319E-02,-0.1345351352320E-03,-0.2131497780871E-02, 0.2749843243249E-02,-0.7448458878509E-03, 0.6795644116054E-02, 0.1750319530663E-02,-0.1718370778898E-02
-0.1459675211116E-02, 0.4073802450555E-02,-0.3937130795380E-03,-0.2275419422033E-02, 0.2558588226274E-02,-0.9384628329605E-03, 0.6504108210754E-02, 0.1488737804690E-02,-0.1997136340051E-02
-0.1465459158059E-02, 0.4107425557133E-02,-0.4142597080332E-03,-0.2293170146183E-02, 0.2615733972913E-02,-0.9313045165813E-03, 0.6536517236833E-02, 0.1502431067292E-02,-0.1998037154889E-02
-0.1730269722602E-02, 0.3700730726225E-02,-0.7587873989947E-03,-0.2638297316341E-02, 0.2256383959169E-02,-0.1123917351378E-02, 0.6101731271458E-02, 0.1133667814467E-02,-0.2245250545542E-02
-0.1764002302997E-02, 0.3562985622573E-02,-0.8317081458987E-03,-0.2690548014540E-02, 0.2065497003109E-02,-0.1253965515222E-02, 0.6020033484392E-02, 0.1058666046641E-02,-0.2309197241659E-02
-0.1835731559233E-02, 0.3476071969821E-02,-0.9314447624161E-03,-0.2764614768340E-02, 0.1890481572640E-02,-0.1412464638396E-02, 0.5891919864074E-02, 0.9765051548699E-03,-0.2427562925409E-02
-0.2024737335863E-02, 0.3453717976889E-02,-0.1132917357169E-02,-0.2941453743919E-02, 0.1763133723208E-02,-0.1602092488080E-02, 0.5622833194274E-02, 0.8305491825488E-03,-0.2671217040832E-02
-0.7039008252191E-03, 0.4759467072952E-02, 0.1860646571501E-04,-0.1849493537506E-02, 0.3345311718536E-02,-0.2143295077870E-03, 0.7467867526649E-02, 0.2339812620430E-02,-0.1524023152622E-02
-0.9327402532651E-03, 0.4751759547771E-02, 0.7128607420297E-04,-0.1965049682560E-02, 0.3041611609058E-02,-0.4426561044172E-03, 0.7164834500734E-02, 0.2072531335624E-02,-0.1482240613678E-02
-0.1175076962148E-02, 0.4488591328370E-02,-0.8848209183945E-04,-0.2092120878037E-02, 0.2802378874461E-02,-0.6673469789311E-03, 0.6853421413775E-02, 0.1793977012736E-02,-0.1672651678001E-02
-0.1399694629529E-02, 0.4128954721664E-02,-0.3477654591949E-03,-0.2236451457525E-02, 0.2611408553034E-02,-0.8611613627352E-03, 0.6562904043240E-02, 0.1532911899757E-02,-0.1951570381826E-02
-0.1405462930881E-02, 0.4162617886476E-02,-0.3682800649765E-03,-0.2254175450283E-02, 0.2668517207016E-02,-0.8539887884406E-03, 0.6595385595652E-02, 0.1546615585975E-02,-0.1952461321085E-02
-0.1670907550427E-02, 0.3756245573988E-02,-0.7131475049755E-03,-0.2599868102883E-02, 0.2309435302832E-02,-0.1047197583840E-02, 0.6161659561319E-02, 0.1178298295499E-02,-0.2200186852925E-02
-0.1704952369316E-02, 0.3618480244689E-02,-0.7862799557333E-03,-0.2652404727433E-02, 0.2118658096683E-02,-0.1177501992670E-02, 0.6080081448592E-02, 0.1103298244379E-02,-0.2264447977482E-02
-0.1777022846361E-02, 0.3531648705257E-02,-0.8862555843641E-03,-0.2726797269526E-02, 0.1943705665399E-02,-0.1336277627365E-02, 0.5952190843986E-02, 0.1021139083071E-02,-0.2382806886786E-02
-0.1966419045958E-02, 0.3509656675826E-02,-0.1087986060338E-02,-0.2904023516385E-02, 0.1816341880648E-02,-0.1526234758184E-02, 0.5683731314475E-02, 0.8752981034309E-03,-0.2625860474895E-02
-0.6395172876116E-03, 0.4819772378442E-02, 0.7193258290024E-04,-0.1792643571087E-02, 0.3419600092661E-02,-0.1300479306752E-03, 0.7525098580796E-02, 0.2391488567362E-02,-0.1469305510065E-02
-0.8681473897135E-03, 0.4812397317785E-02, 0.1244222336331E-03,-0.1908462046076E-02, 0.3116684594768E-02,-0.3581842323842E-03, 0.7223517353230E-02, 0.2125017248792E-02,-0.1427790577603E-02
-0.1110543923258E-02, 0.4549848130170E-02,-0.3547815686033E-04,-0.2035978530815E-02, 0.2877955012985E-02,-0.5828965070792E-03, 0.6913419664088E-02, 0.1847204821782E-02,-0.1618392725237E-02
-0.1335398644169E-02, 0.4190854024334E-02,-0.2948797984751E-03,-0.2180821645297E-02, 0.2687266240242E-02,-0.7768888073961E-03, 0.6623994242157E-02, 0.1586742028498E-02,-0.1897490794709E-02
-0.1341146169423E-02, 0.4224647403139E-02,-0.3153457563659E-03,-0.2198513085509E-02, 0.2744369186650E-02,-0.7696945576776E-03, 0.6656621183770E-02, 0.1600478891043E-02,-0.1898367665550E-02
-0.1607249671781E-02, 0.3818447892952E-02,-0.6606316746493E-03,-0.2545002243448E-02, 0.2385430693596E-02,-0.9635296954392E-03, 0.6223915115085E-02, 0.1232628311763E-02,-0.2146690066134E-02
-0.1641632453238E-02, 0.3680631020452E-02,-0.7340152347672E-03,-0.2597908786783E-02, 0.2194722538481E-02,-0.1094110456148E-02, 0.6142461748878E-02, 0.1157613063488E-02,-0.2211327208461E-02
-0.1714072773905E-02, 0.3593820618558E-02,-0.8342766802596E-03,-0.2672724577157E-02, 0.2019776770673E-02,-0.1253186175014E-02, 0.6014781071972E-02, 0.1075435138387E-02,-0.2329661608284E-02
-0.1903885154363E-02, 0.3572078443631E-02,-0.1036320614142E-02,-0.2850473427721E-02, 0.1892310371550E-02,-0.1443497912310E-02, 0.5746909502676E-02, 0.9297017237950E-03,-0.2571947455420E-02
-0.5452725019532E-03, 0.4913161525990E-02, 0.1630307129464E-03,-0.1684151030675E-02, 0.3541478053241E-02,-0.3481866647509E-04, 0.7599539566470E-02, 0.2488723314854E-02,-0.1370306611841E-02
-0.7736412572490E-03, 0.4906276866778E-02, 0.2152341174478E-03,-0.1800538310020E-02, 0.3239656072367E-02,-0.2625463192121E-03, 0.7300041249294E-02, 0.2223262137418E-02,-0.1329227403529E-02
-0.1016204526962E-02, 0.4644442952101E-02, 0.5501446654838E-04,-0.1928904232352E-02, 0.3001535879296E-02,-0.4871917094248E-03, 0.6991681066662E-02, 0.1946381611266E-02,-0.1520300269256E-02
-0.1241496434704E-02, 0.4286107822556E-02,-0.2047443912810E-03,-0.2074711541754E-02, 0.2811095426785E-02,-0.6813651556988E-03, 0.6703598161053E-02, 0.1686655724995E-02,-0.1799908009425E-02
-0.1247206077449E-02, 0.4320255259815E-02,-0.2251083819801E-03,-0.2092357448263E-02, 0.2868289659664E-02,-0.6741310133559E-03, 0.6736564037656E-02, 0.1700495989185E-02,-0.1800755003547E-02
-0.1514402658736E-02, 0.3913726081250E-02,-0.5713443338452E-03,-0.2440501298098E-02, 0.2509165554466E-02,-0.8687374907730E-03, 0.6304820750813E-02, 0.1332963826478E-02,-0.2050259314709E-02
-0.1549308940812E-02, 0.3775711655634E-02,-0.6451959265033E-03,-0.2494078531126E-02, 0.2318433761728E-02,-0.9996377229518E-03, 0.6223504086891E-02, 0.1257811259177E-02,-0.2115632376719E-02
-0.1622337019080E-02, 0.3688757258656E-02,-0.7460034400998E-03,-0.2569672280571E-02, 0.2143348458254E-02,-0.1159075959772E-02, 0.6096004696650E-02, 0.1175473652788E-02,-0.2233855357315E-02
-0.1812851655652E-02, 0.3667069689277E-02,-0.9487080046507E-03,-0.2748453756317E-02, 0.2015527939282E-02,-0.1349848672392E-02, 0.5828649514751E-02, 0.1029715537016E-02,-0.2474466990754E-02
-0.9710151780364E-03, 0.5446645701407E-02, 0.1214838222847E-03,-0.2227711975739E-02, 0.3890718266057E-02,-0.2631224185731E-03,-0.1695923011675E-02, 0.2723089129996E-02,-0.1711164936892E-02
-0.1205260412761E-02, 0.5423962196922E-02, 0.1720048171325E-03,-0.2342509094159E-02, 0.3568806809621E-02,-0.4992507218659E-03,-0.1897824160469E-02, 0.2436119974459E-02,-0.1668407152928E-02
-0.1449834134761E-02, 0.5143662217019E-02, 0.8288343087759E-05,-0.2466738234851E-02, 0.3316419030652E-02,-0.7288466692373E-03,-0.2114099543618E-02, 0.2143685596981E-02,-0.1860319328710E-02
-0.1674815336683E-02, 0.4767108045380E-02,-0.2558624103484E-03,-0.2607783332055E-02, 0.3115464842945E-02,-0.9256073065574E-03,-0.2309794297242E-02, 0.1872575563093E-02,-0.2141641937751E-02
-0.1677806855325E-02, 0.4806285813013E-02,-0.2735160624735E-03,-0.2623472858047E-02, 0.3177401348808E-02,-0.9152656063876E-03,-0.2326278526646E-02, 0.1889835447442E-02,-0.2140080579058E-02
-0.1946316150877E-02, 0.4370686261622E-02,-0.6302539973903E-03,-0.2969857132965E-02, 0.2795496896494E-02,-0.1115410834524E-02,-0.2499622460391E-02, 0.1501486788207E-02,-0.2391480349670E-02
-0.1979582748423E-02, 0.4219757775106E-02,-0.7056362773836E-03,-0.3020838616652E-02, 0.2595730289751E-02,-0.1248467410396E-02,-0.2546382990453E-02, 0.1421647561455E-02,-0.2456477363986E-02
-0.2051064383944E-02, 0.4141114971242E-02,-0.8080200381980E-03,-0.3093443377262E-02, 0.2412335621262E-02,-0.1410284421227E-02,-0.2651964765274E-02, 0.1334489543179E-02,-0.2573339680217E-02
-0.2240664240696E-02, 0.4165330909340E-02,-0.1013563147213E-02,-0.3268916580868E-02, 0.2277483161478E-02,-0.1603354787293E-02,-0.2884560494182E-02, 0.1181671059393E-02,-0.2810927370625E-02
-0.8376662953896E-03, 0.5554861693022E-02, 0.2440700587444E-03,-0.2103773591147E-02, 0.4007787232938E-02,-0.1241947894948E-03,-0.1586527625056E-02, 0.2758744477999E-02,-0.1668956460667E-02
-0.1072456111767E-02, 0.5532535649393E-02, 0.2936762488516E-03,-0.2219824867867E-02, 0.3686733504721E-02,-0.3606433512876E-03,-0.1788850856172E-02, 0.2473078801489E-02,-0.1626896756710E-02
-0.1318157831254E-02, 0.5252600546229E-02, 0.1288800814770E-03,-0.2345719131652E-02, 0.3434587165095E-02,-0.5910325923071E-03,-0.2006014585238E-02, 0.2181339004238E-02,-0.1819439187290E-02
-0.1544536355197E-02, 0.4876325208915E-02,-0.1363854716739E-03,-0.2488536002507E-02, 0.3233503800669E-02,-0.7888258324905E-03,-0.2202823931447E-02, 0.1910533814630E-02,-0.2101359236061E-02
-0.1547470082010E-02, 0.4915691393400E-02,-0.1538736447859E-03,-0.2504185785269E-02, 0.3295574480009E-02,-0.7784034331651E-03,-0.2219262200504E-02, 0.1927951521998E-02,-0.2099764234852E-02
-0.1818383421828E-02, 0.4479829133384E-02,-0.5125928484819E-03,-0.2853256045436E-02, 0.2913148343833E-02,-0.9804775900970E-03,-0.2394599952062E-02, 0.1539762171874E-02,-0.2352434122801E-02
-0.1852556965670E-02, 0.4328824921271E-02,-0.5887104387159E-03,-0.2905197742340E-02, 0.2713390590004E-02,-0.1114182192082E-02,-0.2442100923056E-02, 0.1459919900246E-02,-0.2417746241124E-02
-0.1925080956888E-02, 0.4249625027127E-02,-0.6919939435916E-03,-0.2978943573018E-02, 0.2529822581243E-02,-0.1276760714065E-02,-0.2548525596499E-02, 0.1372676401282E-02,-0.2535494305229E-02
-0.2116093225747E-02, 0.4272460776603E-02,-0.8988108481753E-03,-0.3156055800078E-02, 0.2394376639061E-02,-0.1470929234455E-02,-0.2782260268884E-02, 0.1219708979605E-02,-0.2775117936976E-02
-0.6849630967395E-03, 0.5688470307443E-02, 0.3874551776064E-03,-0.1962115556306E-02, 0.4131896954193E-02,-0.4180761773924E-05,-0.1487368560448E-02, 0.2847403542936E-02,-0.1573153338516E-02
-0.9200388968002E-03, 0.5666825828038E-02, 0.4363307794959E-03,-0.2079309009695E-02, 0.3812146933314E-02,-0.2404878053188E-03,-0.1689734844416E-02, 0.2563093021406E-02,-0.1531820463431E-02
-0.1166682814584E-02, 0.5387575333949E-02, 0.2706213867429E-03,-0.2206791373805E-02, 0.3560586632698E-02,-0.4712552626102E-03,-0.1907430988122E-02, 0.2272278595297E-02,-0.1725148238488E-02
-0.1394341919552E-02, 0.5011828424175E-02, 0.4369478422608E-05,-0.2351340103867E-02, 0.3359624341232E-02,-0.6697317861974E-03,-0.2105045274899E-02, 0.2002043497807E-02,-0.2007884391249E-02
-0.1397215354728E-02, 0.5051501861220E-02,-0.1293836712339E-04,-0.2366949650603E-02, 0.3421877363291E-02,-0.6592364330887E-03,-0.2121436670599E-02, 0.2019641351324E-02,-0.2006251127636E-02
-0.1670493968887E-02, 0.4615283753567E-02,-0.3735919686197E-03,-0.2718746482771E-02, 0.3039126941300E-02,-0.8628066424562E-03,-0.2298381411007E-02, 0.1631644221474E-02,-0.2260572740143E-02
-0.1705590050535E-02, 0.4464110394833E-02,-0.4504847382663E-03,-0.2771694404898E-02, 0.2839423410524E-02,-0.9970138047472E-03,-0.2346503061994E-02, 0.1551702067722E-02,-0.2326604098966E-02
-0.1779186299275E-02, 0.4384539306049E-02,-0.5547086625745E-03,-0.2846632822641E-02, 0.2655718921997E-02,-0.1160196604083E-02,-0.2453633260163E-02, 0.1464284615894E-02,-0.2444813385790E-02
-0.1971647811936E-02, 0.4406722701392E-02,-0.7628060844776E-03,-0.3025432241375E-02, 0.2519740172812E-02,-0.1355251901168E-02,-0.2688301624437E-02, 0.1311156650226E-02,-0.2684490454427E-02
-0.5342262653816E-03, 0.5824673532714E-02, 0.5297493141034E-03,-0.1825254793444E-02, 0.4245942471563E-02, 0.9745297763498E-04,-0.1393471636650E-02, 0.2961933876328E-02,-0.1451437015702E-02
-0.7693912438928E-03, 0.5803825590899E-02, 0.5780614781557E-03,-0.1943399272403E-02, 0.3927664961009E-02,-0.1384557386956E-03,-0.1595689964448E-02, 0.2678882017654E-02,-0.1410798252499E-02
-0.1016759208681E-02, 0.5525437596455E-02, 0.4116383714113E-03,-0.2072257459100E-02, 0.3676875575675E-02,-0.3693209666761E-03,-0.1813702362577E-02, 0.2389064415659E-02,-0.1604935886584E-02
-0.1245491013207E-02, 0.5150396754117E-02, 0.1445961358329E-03,-0.2218332319713E-02, 0.3476209411171E-02,-0.5682113264260E-03,-0.2011911108302E-02, 0.2119532369895E-02,-0.1888542249902E-02
-0.1248308968679E-02, 0.5190406914550E-02, 0.1274580156605E-03,-0.2233903358040E-02, 0.3538642605206E-02,-0.5576560672396E-03,-0.2028253538049E-02, 0.2137299584486E-02,-0.1886871488975E-02
-0.1523689555308E-02, 0.4753905344689E-02,-0.2348811539753E-03,-0.2588143927408E-02, 0.3155787127104E-02,-0.7623419217111E-03,-0.2206526751597E-02, 0.1749530145258E-02,-0.2142930492022E-02
-0.1559632889525E-02, 0.4602542443857E-02,-0.3124932071711E-03,-0.2642021587421E-02, 0.2956180995327E-02,-0.8969249218560E-03,-0.2255185619073E-02, 0.1669440630447E-02,-0.2209874928918E-02
-0.1634215618187E-02, 0.4522772426881E-02,-0.4175825275944E-03,-0.2718058504483E-02, 0.2772399820419E-02,-0.1060566415268E-02,-0.2362924037692E-02, 0.1581817070652E-02,-0.2328221043498E-02
-0.1827995255545E-02, 0.4544848554708E-02,-0.6268203615204E-03,-0.2898388193301E-02, 0.2636009814900E-02,-0.1256301420646E-02,-0.2598376147897E-02, 0.1428553133382E-02,-0.2566644936108E-02
-0.5275014352826E-03, 0.5809058848162E-02, 0.5310286570481E-03,-0.1813532649719E-02, 0.4234874361755E-02, 0.9078860976599E-04,-0.1390458997538E-02, 0.2963810723044E-02,-0.1438463886417E-02
-0.7626989846258E-03, 0.5789026691017E-02, 0.5792226219895E-03,-0.1931793873245E-02, 0.3916759959368E-02,-0.1450780140941E-03,-0.1592636284819E-02, 0.2680873074515E-02,-0.1397957535627E-02
-0.1010116931009E-02, 0.5510992504837E-02, 0.4127967556844E-03,-0.2060789254706E-02, 0.3666231247919E-02,-0.3758946016696E-03,-0.1810630391208E-02, 0.2391228718348E-02,-0.1592203841451E-02
-0.1238898922309E-02, 0.5136154484485E-02, 0.1458275825188E-03,-0.2206996776963E-02, 0.3465881447291E-02,-0.5747279141847E-03,-0.2008839106906E-02, 0.2121900793502E-02,-0.1875896516004E-02
-0.1241767636859E-02, 0.5175263522851E-02, 0.1285640933048E-03,-0.2222590114095E-02, 0.3528004917144E-02,-0.5642487033594E-03,-0.2025188139449E-02, 0.2139492249540E-02,-0.1874258333798E-02
-0.1517129631159E-02, 0.4740859720717E-02,-0.2334345868491E-03,-0.2576960175296E-02, 0.3146091458039E-02,-0.7687117589292E-03,-0.2203491527056E-02, 0.1752286793604E-02,-0.2130395819751E-02
-0.1553078674615E-02, 0.4589953709923E-02,-0.3109681799913E-03,-0.2630888060239E-02, 0.2946761768768E-02,-0.9031947024185E-03,-0.2252196258952E-02, 0.1672326968031E-02,-0.2197403571650E-02
-0.1627663268135E-02, 0.4510296051302E-02,-0.4159566561013E-03,-0.2706985706111E-02, 0.2763303347172E-02,-0.1066722732166E-02,-0.2359945310525E-02, 0.1584868312670E-02,-0.2315706069629E-02
-0.1821443229756E-02, 0.4531952323439E-02,-0.6250399231758E-03,-0.2887407340720E-02, 0.2627336991328E-02,-0.1262334152307E-02,-0.2595332660626E-02, 0.1431863117990E-02,-0.2553895323236E-02
-0.3239344377247E-03, 0.6013671767984E-02, 0.7235051809338E-03,-0.1655992772575E-02, 0.4375421061608E-02, 0.2477128436980E-03,-0.1201567486691E-02, 0.3160078554552E-02,-0.1240990549149E-02
-0.5589345283809E-03, 0.5993925301446E-02, 0.7711236558837E-03,-0.1775149171492E-02, 0.4059486276131E-02, 0.1255133757056E-04,-0.1403668956857E-02, 0.2878661872922E-02,-0.1201395995304E-02
-0.8069667249141E-03, 0.5717228610933E-02, 0.6040038290581E-03,-0.1905581150276E-02, 0.3810154456608E-02,-0.2182066222147E-03,-0.1622224467440E-02, 0.2590414926298E-02,-0.1396704590585E-02
-0.1036855722270E-02, 0.5343845009872E-02, 0.3362393561614E-03,-0.2053427829178E-02, 0.3610304925318E-02,-0.4174358014404E-03,-0.1821387367791E-02, 0.2322158709872E-02,-0.1681555463943E-02
-0.1039606401069E-02, 0.5384259570042E-02, 0.3193070771791E-03,-0.2068935915183E-02, 0.3672890591149E-02,-0.4068210825487E-03,-0.1837620869483E-02, 0.2340099858592E-02,-0.1679833543589E-02
-0.1317502899235E-02, 0.4948070329819E-02,-0.4484890502692E-04,-0.2425921768340E-02, 0.3290570016551E-02,-0.6128068813448E-03,-0.2018148735192E-02, 0.1952902448374E-02,-0.1938440560689E-02
-0.1354551375909E-02, 0.4796559260540E-02,-0.1233487775887E-03,-0.2480939444739E-02, 0.3091279433845E-02,-0.7478363632617E-03,-0.2067776834875E-02, 0.1872573207892E-02,-0.2006951470780E-02
-0.1430387013913E-02, 0.4716853669750E-02,-0.2294810255370E-03,-0.2558308678225E-02, 0.2907615997852E-02,-0.9120050970828E-03,-0.2176600060033E-02, 0.1784666235146E-02,-0.2124998576755E-02
-0.1625737740153E-02, 0.4739619530941E-02,-0.4399920594278E-03,-0.2740407783202E-02, 0.2771011632766E-02,-0.1108495550754E-02,-0.2413391046779E-02, 0.1631348785807E-02,-0.2359699844669E-02
-0.2639593503784E-03, 0.6065660396583E-02, 0.7692252606571E-03,-0.1615829353696E-02, 0.4425241821347E-02, 0.3247032218468E-03,-0.1135161153779E-02, 0.3201357984582E-02,-0.1194726655362E-02
-0.4987598276443E-03, 0.6046294351927E-02, 0.8167211337775E-03,-0.1735141929070E-02, 0.4110143081148E-02, 0.8973326055978E-04,-0.1337144319582E-02, 0.2920719179478E-02,-0.1155357366582E-02
-0.7468166837116E-03, 0.5770356033984E-02, 0.6495745539977E-03,-0.1865889503626E-02, 0.3861422868663E-02,-0.1410048834139E-03,-0.1555773071678E-02, 0.2633197529776E-02,-0.1350789849915E-02
-0.9768816350453E-03, 0.5397799589979E-02, 0.3818144321540E-03,-0.2014105716798E-02, 0.3661996084406E-02,-0.3403480126955E-03,-0.1755144028596E-02, 0.2365547241905E-02,-0.1635740400460E-02
-0.9796209157721E-03, 0.5438318005966E-02, 0.3649183222728E-03,-0.2029591236382E-02, 0.3724543862841E-02,-0.3297242032626E-03,-0.1771331747832E-02, 0.2383499665147E-02,-0.1634012877958E-02
-0.1258042689371E-02, 0.5002648912692E-02, 0.5692056197824E-06,-0.2387078616719E-02, 0.3342682402615E-02,-0.5361964376670E-03,-0.1952499031006E-02, 0.1996877577377E-02,-0.1893060883571E-02
-0.1295375528266E-02, 0.4851192377648E-02,-0.7810129170771E-04,-0.2442365894125E-02, 0.3143574122421E-02,-0.6714359961864E-03,-0.2002427130743E-02, 0.1916587897001E-02,-0.1961864068322E-02
-0.1371517535059E-02, 0.4771608081644E-02,-0.1844240152098E-03,-0.2520041622194E-02, 0.2960048961167E-02,-0.8358267143032E-03,-0.2111572602849E-02, 0.1828725087774E-02,-0.2079887694971E-02
-0.1567199429809E-02, 0.4794740802163E-02,-0.3951141924874E-03,-0.2702496725199E-02, 0.2823519977706E-02,-0.1032574288699E-02,-0.2348723177333E-02, 0.1675586727115E-02,-0.2313975623343E-02
-0.1995665115452E-03, 0.6124779341222E-02, 0.8221274433237E-03,-0.1558446347675E-02, 0.4497942602313E-02, 0.4087523737999E-03,-0.1070249223931E-02, 0.3252180156903E-02,-0.1139649468120E-02
-0.4340816000373E-03, 0.6105744952072E-02, 0.8695368599916E-03,-0.1677973308316E-02, 0.4183815862403E-02, 0.1740654226379E-03,-0.1272004357776E-02, 0.2972454330292E-02,-0.1100505898617E-02
-0.6821153588257E-03, 0.5830650361092E-02, 0.7023775837265E-03,-0.1809116766469E-02, 0.3935773951853E-02,-0.5659713017022E-04,-0.1490618535347E-02, 0.2685777575515E-02,-0.1296070931681E-02
-0.9123376012403E-03, 0.5459036360725E-02, 0.4346168171651E-03,-0.1957798283939E-02, 0.3736783150564E-02,-0.2560287146456E-03,-0.1690131684764E-02, 0.2418824810606E-02,-0.1581139849344E-02
-0.9150585205960E-03, 0.5499874580277E-02, 0.4177799476310E-03,-0.1973255994326E-02, 0.3799333910349E-02,-0.2453853718598E-03,-0.1706271180882E-02, 0.2436818766808E-02,-0.1579401671945E-02
-0.1194026790268E-02, 0.5064413301609E-02, 0.5315962370049E-04,-0.2331461744068E-02, 0.3417819995371E-02,-0.4523726986828E-03,-0.1888014611624E-02, 0.2050790922540E-02,-0.1838970466587E-02
-0.1231668933376E-02, 0.4912972449719E-02,-0.2571979647281E-04,-0.2387101874821E-02, 0.3218869533257E-02,-0.5878416358387E-03,-0.1938221801280E-02, 0.1970524709253E-02,-0.1908127400230E-02
-0.1308145414954E-02, 0.4833438810201E-02,-0.1322794067501E-03,-0.2465179973712E-02, 0.3035438482771E-02,-0.7524773065233E-03,-0.2047666459734E-02, 0.1882685157878E-02,-0.2026106685926E-02
-0.1504183214559E-02, 0.4856807453497E-02,-0.3432039379889E-03,-0.2648120316500E-02, 0.2898900844895E-02,-0.9495062883143E-03,-0.2285143825474E-02, 0.1729716899475E-02,-0.2259404275204E-02
-0.1048571943687E-03, 0.6217631583449E-02, 0.9131772329871E-03,-0.1448695268377E-02, 0.4618142688066E-02, 0.5042241573520E-03,-0.9931796284109E-03, 0.3348598582776E-02,-0.1039669347586E-02
-0.3389953718977E-03, 0.6198928666525E-02, 0.9604513262515E-03,-0.1568713371467E-02, 0.4305393528346E-02, 0.2700713106934E-03,-0.1194544644782E-02, 0.3070042019098E-02,-0.1000900712039E-02
-0.5870761871530E-03, 0.5924870812395E-02, 0.7931431487782E-03,-0.1700628867042E-02, 0.4058205223731E-02, 0.3959886506359E-04,-0.1413089727117E-02, 0.2784449471132E-02,-0.1196844249047E-02
-0.8176243817982E-03, 0.5554401738977E-02, 0.5251902600445E-03,-0.1850201473801E-02, 0.3859666353087E-02,-0.1599042884381E-03,-0.1612764317290E-02, 0.2518370512454E-02,-0.1482325530126E-02
-0.8203036338771E-03, 0.5595986842677E-02, 0.5084863812848E-03,-0.1865617745261E-02, 0.3922348676175E-02,-0.1492128177231E-03,-0.1628846978343E-02, 0.2536496800155E-02,-0.1480557866731E-02
-0.1100221875912E-02, 0.5160004805947E-02, 0.1431005867044E-03,-0.2225356895658E-02, 0.3540891229169E-02,-0.3568471546593E-03,-0.1811299788641E-02, 0.2150951657262E-02,-0.1741203610564E-02
-0.1138351076220E-02, 0.5008447338596E-02, 0.6380857958639E-04,-0.2281645774944E-02, 0.3342043473391E-02,-0.4925858311532E-03,-0.1861841783504E-02, 0.2070601036814E-02,-0.1811067353973E-02
-0.1215371261019E-02, 0.4928796197687E-02,-0.4323463120773E-04,-0.2360473859890E-02, 0.3158589544085E-02,-0.6575274668361E-03,-0.1971655350420E-02, 0.1982655223375E-02,-0.1928902778382E-02
-0.1412035442050E-02, 0.4952160628473E-02,-0.2547188632109E-03,-0.2544389970558E-02, 0.3021804908016E-02,-0.8549406594081E-03,-0.2209557038834E-02, 0.1829738418629E-02,-0.2160476292945E-02
-0.4223374015757E-03,-0.1865316179928E-02, 0.9897051331030E-03,-0.1897315143656E-02, 0.5096364059471E-02, 0.3868170105666E-03,-0.1557122258960E-02, 0.3705512973394E-02,-0.1281289548776E-02
-0.6641237175680E-03,-0.2073155266031E-02, 0.1033235433840E-02,-0.2017129793263E-02, 0.4760432994329E-02, 0.1424164639616E-03,-0.1763184485848E-02, 0.3402703271720E-02,-0.1242099033042E-02
-0.9159681100623E-03,-0.2304560832060E-02, 0.8600970208441E-03,-0.2146210383564E-02, 0.4496215868855E-02,-0.9476318058428E-04,-0.1983635327049E-02, 0.3099452706077E-02,-0.1440292766573E-02
-0.1147865313052E-02,-0.2525404258395E-02, 0.5854112224363E-03,-0.2292249431492E-02, 0.4284727225744E-02,-0.2984617679199E-03,-0.2183254975551E-02, 0.2820307871806E-02,-0.1728887896739E-02
-0.1147546357702E-02,-0.2533186039641E-02, 0.5714579425546E-03,-0.2305412232188E-02, 0.4352140386857E-02,-0.2844123042777E-03,-0.2197767773976E-02, 0.2841930017520E-02,-0.1724445178260E-02
-0.1431797086494E-02,-0.2798890213516E-02, 0.1918827826754E-03,-0.2665972967974E-02, 0.3943993557393E-02,-0.5003751503559E-03,-0.2379121466416E-02, 0.2432521778737E-02,-0.1989350936465E-02
-0.1469195310473E-02,-0.2844335970180E-02, 0.1098998341671E-03,-0.2720410874107E-02, 0.3734527237077E-02,-0.6393308800807E-03,-0.2428027543157E-02, 0.2346447012358E-02,-0.2060032146949E-02
-0.1545704741877E-02,-0.2893844406523E-02,-0.1247414339171E-07,-0.2797082074303E-02, 0.3541180593828E-02,-0.8078182628723E-03,-0.2536767190609E-02, 0.2252597353693E-02,-0.2175928154986E-02
-0.1742942617647E-02,-0.2996111142753E-02,-0.2161917977939E-03,-0.2978873470164E-02, 0.3395593128516E-02,-0.1008986519278E-02,-0.2774729171150E-02, 0.2091232493449E-02,-0.2400725213431E-02
-0.2904509153307E-03,-0.1737163616174E-02, 0.1110323143896E-02,-0.1773277798819E-02, 0.5209501636741E-02, 0.5240969146874E-03,-0.1446974998880E-02, 0.3739022769894E-02,-0.1239516660672E-02
-0.5326122263650E-03,-0.1945934812889E-02, 0.1153127256989E-02,-0.1894239304412E-02, 0.4874779450757E-02, 0.2795652009758E-03,-0.1653408207988E-02, 0.3437710876754E-02,-0.1200920236191E-02
-0.7854079169915E-03,-0.2178693534970E-02, 0.9791415482081E-03,-0.2024882170552E-02, 0.4611126567336E-02, 0.4178488114388E-04,-0.1874696024621E-02, 0.3135329583279E-02,-0.1399655983366E-02
-0.1018534911769E-02,-0.2401065886495E-02, 0.7035781251222E-03,-0.2172596816401E-02, 0.4399795319627E-02,-0.1627693322180E-03,-0.2075382266799E-02, 0.2856643079661E-02,-0.1688774629271E-02
-0.1018144340124E-02,-0.2408814504354E-02, 0.6898295426165E-03,-0.2185707814467E-02, 0.4467384783376E-02,-0.1486221847650E-03,-0.2089849483174E-02, 0.2878458378031E-02,-0.1684282179160E-02
-0.1304570512011E-02,-0.2677155894189E-02, 0.3085665663119E-03,-0.2548803123876E-02, 0.4059107063933E-02,-0.3663005891708E-03,-0.2273125299866E-02, 0.2469411202746E-02,-0.1950363525571E-02
-0.1342806078474E-02,-0.2723573688939E-02, 0.2259419411501E-03,-0.2604159339117E-02, 0.3849816330950E-02,-0.5058046963424E-03,-0.2322741063552E-02, 0.2383414822562E-02,-0.2021314629149E-02
-0.1420277073872E-02,-0.2774224713050E-02, 0.1152354455616E-03,-0.2681924635428E-02, 0.3656460182015E-02,-0.6749421677366E-03,-0.2432294137654E-02, 0.2289565677373E-02,-0.2138092982592E-02
-0.1618801186735E-02,-0.2878097493088E-02,-0.1020549003951E-03,-0.2865279292856E-02, 0.3510462857734E-02,-0.8770687871726E-03,-0.2671365381404E-02, 0.2128164414291E-02,-0.2364990695583E-02
-0.1387132164303E-03,-0.1591231763840E-02, 0.1251957090075E-02,-0.1631196026159E-02, 0.5330048338333E-02, 0.6429412594377E-03,-0.1346908091879E-02, 0.3825215643069E-02,-0.1143759702765E-02
-0.3809667428876E-03,-0.1800729942454E-02, 0.1294245009216E-02,-0.1753172838110E-02, 0.4997012942607E-02, 0.3987446518877E-03,-0.1553326622617E-02, 0.3525498010414E-02,-0.1105783553507E-02
-0.6345029351980E-03,-0.2034650877139E-02, 0.1119610581267E-02,-0.1885281569776E-02, 0.4734288584715E-02, 0.1607771985444E-03,-0.1775085373830E-02, 0.3224260857109E-02,-0.1305179962175E-02
-0.8687206147494E-03,-0.2258401187921E-02, 0.8433300596540E-03,-0.2034614244228E-02, 0.4523373892794E-02,-0.4428764554873E-04,-0.1976519690184E-02, 0.2946338147521E-02,-0.1594992992802E-02
-0.8682532291423E-03,-0.2266101728237E-02, 0.8298131303591E-03,-0.2047674885733E-02, 0.4591194588252E-02,-0.3004530825605E-04,-0.1990936554072E-02, 0.2968377495973E-02,-0.1590448592105E-02
-0.1156795721125E-02,-0.2537016417888E-02, 0.4469357491403E-03,-0.2413319513775E-02, 0.4182968019431E-02,-0.2490156858110E-03,-0.2175756396984E-02, 0.2559771916963E-02,-0.1858045176051E-02
-0.1195882333564E-02,-0.2584418428824E-02, 0.3636372156247E-03,-0.2469637683018E-02, 0.3973905865848E-02,-0.3889344163810E-03,-0.2225980422373E-02, 0.2473768887025E-02,-0.1929661727454E-02
-0.1274341009930E-02,-0.2636219292443E-02, 0.2521043719782E-03,-0.2548544344532E-02, 0.3780579987952E-02,-0.5585793393135E-03,-0.2336214516213E-02, 0.2379840914771E-02,-0.2046877945409E-02
-0.1474176268545E-02,-0.2741670950284E-02, 0.3371217473191E-04,-0.2733498100287E-02, 0.3634222200956E-02,-0.7614677436608E-03,-0.2576163393847E-02, 0.2218404250791E-02,-0.2273848349941E-02
 0.1138136179291E-04,-0.1448335769575E-02, 0.1392732881144E-02,-0.1493783720543E-02, 0.5441051179051E-02, 0.7437349177443E-03,-0.1252016095051E-02, 0.3937214475877E-02,-0.1021874998446E-02
-0.2307704954754E-03,-0.1658354085234E-02, 0.1434668865489E-02,-0.1616585110017E-02, 0.5109853691612E-02, 0.5001177514794E-03,-0.1458228916631E-02, 0.3639002024932E-02,-0.9844953367982E-03
-0.4848311284789E-03,-0.1893196413383E-02, 0.1259583221783E-02,-0.1749946988477E-02, 0.4848224319376E-02, 0.2622292511961E-03,-0.1680241085817E-02, 0.3338991912974E-02,-0.1184564523144E-02
-0.7199336341428E-03,-0.2118088740874E-02, 0.9827798201821E-03,-0.1900691580597E-02, 0.4637882103630E-02, 0.5690926624949E-04,-0.1882211817859E-02, 0.3061978353761E-02,-0.1475105370705E-02
-0.7193955522565E-03,-0.2125735842841E-02, 0.9694843558544E-03,-0.1913706497731E-02, 0.4705930666778E-02, 0.7123315424827E-04,-0.1896576570624E-02, 0.3084229655185E-02,-0.1470513492768E-02
-0.1009796651153E-02,-0.2398927341288E-02, 0.5852352239200E-03,-0.2281617804512E-02, 0.4297935306745E-02,-0.1486657602140E-03,-0.2082665831521E-02, 0.2676117748592E-02,-0.1739693302358E-02
-0.1049663230315E-02,-0.2447228922836E-02, 0.5013153640904E-03,-0.2338823487965E-02, 0.4089132270610E-02,-0.2888844885259E-03,-0.2133421231253E-02, 0.2590060936711E-02,-0.1812167370323E-02
-0.1129027635738E-02,-0.2500075993794E-02, 0.3890279280339E-03,-0.2418778972983E-02, 0.3895883213149E-02,-0.4589050776469E-03,-0.2244241472364E-02, 0.2496021445935E-02,-0.1929485441629E-02
-0.1330045701789E-02,-0.2606936530549E-02, 0.1696710144296E-03,-0.2605175324992E-02, 0.3749268437209E-02,-0.6623633156434E-03,-0.2484910989438E-02, 0.2334575521739E-02,-0.2155190467712E-02
 0.1614322024280E-04,-0.1435047273890E-02, 0.1391456441717E-02,-0.1483533769681E-02, 0.5426857492689E-02, 0.7349836860069E-03,-0.1250129097843E-02, 0.3936204495749E-02,-0.1010568059870E-02
-0.2260290338447E-03,-0.1645110349024E-02, 0.1433296039118E-02,-0.1606449226283E-02, 0.5095879858608E-02, 0.4914192916130E-03,-0.1456303102948E-02, 0.3638159113479E-02,-0.9733233339994E-03
-0.4801111703134E-03,-0.1880020570259E-02, 0.1258265294453E-02,-0.1739935623143E-02, 0.4834595987120E-02, 0.2536072172333E-03,-0.1678302283688E-02, 0.3338391220584E-02,-0.1173479595631E-02
-0.7152265185313E-03,-0.2104993349520E-02, 0.9816096330133E-03,-0.1890792867404E-02, 0.4624669684187E-02, 0.4838158408951E-04,-0.1880275779039E-02, 0.3061657629451E-02,-0.1464073071413E-02
-0.7147610531962E-03,-0.2112656402121E-02, 0.9681496548233E-03,-0.1903841222141E-02, 0.4692362442275E-02, 0.6260172042848E-04,-0.1894655284126E-02, 0.3083684245292E-02,-0.1459528850066E-02
-0.1005050167687E-02,-0.2385988229820E-02, 0.5844052609749E-03,-0.2271819526715E-02, 0.4285545007838E-02,-0.1569738736032E-03,-0.2080742269475E-02, 0.2676320602034E-02,-0.1728716572020E-02
-0.1044896913377E-02,-0.2434377585514E-02, 0.5006031618806E-03,-0.2329057383381E-02, 0.4077066474929E-02,-0.2970654180162E-03,-0.2131504378057E-02, 0.2590435179969E-02,-0.1801224324514E-02
-0.1124230676650E-02,-0.2487332605876E-02, 0.3884677765264E-03,-0.2409051567967E-02, 0.3884203869379E-02,-0.4669385345538E-03,-0.2242316265682E-02, 0.2496613982362E-02,-0.1918494308241E-02
-0.1325199260136E-02,-0.2594331581637E-02, 0.1693490967545E-03,-0.2595507062910E-02, 0.3738127234075E-02,-0.6702224945260E-03,-0.2482950834950E-02, 0.2335513631733E-02,-0.2144005195533E-02
 0.2206638228779E-03,-0.1254911941840E-02, 0.1584213635983E-02,-0.1323823089911E-02, 0.5566613337093E-02, 0.8927096667340E-03,-0.1058135060290E-02, 0.4131121552225E-02,-0.8111476441339E-03
-0.2105862220499E-04,-0.1465343132456E-02, 0.1625755590058E-02,-0.1447464731094E-02, 0.5238237848009E-02, 0.6500966358308E-03,-0.1264141890394E-02, 0.3834910105468E-02,-0.7746897085519E-03
-0.2754988954516E-03,-0.1701106287362E-02, 0.1450355732242E-02,-0.1582229513275E-02, 0.4978506534097E-02, 0.4125744805687E-03,-0.1486602442688E-02, 0.3536834912447E-02,-0.9757146721347E-03
-0.5114864707661E-03,-0.1927234914165E-02, 0.1173223995827E-02,-0.1734585441459E-02, 0.4769364071844E-02, 0.2071526618792E-03,-0.1689438474686E-02, 0.3261435294874E-02,-0.1267261703123E-02
-0.5108706107642E-03,-0.1934797270409E-02, 0.1160192320390E-02,-0.1747535550891E-02, 0.4837625105951E-02, 0.2215541532400E-03,-0.1703705776521E-02, 0.3283902232774E-02,-0.1262615059932E-02
-0.8034214232152E-03,-0.2210722613893E-02, 0.7746046203712E-03,-0.2117942755863E-02, 0.4430624408256E-02, 0.6478779425137E-06,-0.1891924007847E-02, 0.2876820072916E-02,-0.1534078640274E-02
-0.8442955670967E-03,-0.2260182105263E-02, 0.6899391089922E-03,-0.2176227809626E-02, 0.4222341405077E-02,-0.1399034824531E-03,-0.1943609645725E-02, 0.2790665915606E-02,-0.1608030003592E-02
-0.9247932993491E-03,-0.2314367158732E-02, 0.5767734207724E-03,-0.2257444073387E-02, 0.4029412727368E-02,-0.3103234547596E-03,-0.2055467701753E-02, 0.2696491909762E-02,-0.1724977627036E-02
-0.1127178977422E-02,-0.2422964125122E-02, 0.3564103349067E-03,-0.2445486756366E-02, 0.3882810704925E-02,-0.5143640136966E-03,-0.2297406053891E-02, 0.2535206442148E-02,-0.1946897258325E-02
 0.2801604884554E-03,-0.1208960434194E-02, 0.1629061569192E-02,-0.1283604748811E-02, 0.5614635080682E-02, 0.9689306143189E-03,-0.9911085211682E-03, 0.4171117135884E-02,-0.7649667143234E-03
 0.3871676404310E-04,-0.1419257385014E-02, 0.1670581325784E-02,-0.1407352585606E-02, 0.5287265530865E-02, 0.7266051417307E-03,-0.1196969928190E-02, 0.3875785807436E-02,-0.7286904088107E-03
-0.2156588866365E-03,-0.1655058045474E-02, 0.1495276618462E-02,-0.1542380562268E-02, 0.5028307181590E-02, 0.4892063999163E-03,-0.1419474257241E-02, 0.3578541283515E-02,-0.9297776507742E-03
-0.4517346770721E-03,-0.1881344921367E-02, 0.1218272230455E-02,-0.1695055828833E-02, 0.4819732319932E-02, 0.2837681281111E-03,-0.1622489730402E-02, 0.3303847078743E-02,-0.1221359419530E-02
-0.4511105909949E-03,-0.1888879542192E-02, 0.1205282682821E-02,-0.1707987152627E-02, 0.4887968439393E-02, 0.2981747294744E-03,-0.1636720313356E-02, 0.3326328968336E-02,-0.1216710597473E-02
-0.7440595311666E-03,-0.2165307342622E-02, 0.8196635452907E-03,-0.2078816831825E-02, 0.4481622207774E-02, 0.7690795146971E-04,-0.1825526997389E-02, 0.2919963685130E-02,-0.1488530454686E-02
-0.7851849398527E-03,-0.2215029121708E-02, 0.7348730370779E-03,-0.2137350750772E-02, 0.4273601057239E-02,-0.6380013828964E-04,-0.1877494799479E-02, 0.2833890859994E-02,-0.1562746651758E-02
-0.8659478300987E-03,-0.2269522106039E-02, 0.6215707383684E-03,-0.2218849218881E-02, 0.4080891698598E-02,-0.2343792875607E-03,-0.1989656274282E-02, 0.2739807822205E-02,-0.1679651033128E-02
-0.1068594822255E-02,-0.2378494415317E-02, 0.4011158891047E-03,-0.2407208939300E-02, 0.3934461022999E-02,-0.4385937902579E-03,-0.2231932092034E-02, 0.2578772476435E-02,-0.1900944397274E-02
 0.3443128481079E-03,-0.1157696747886E-02, 0.1681351086260E-02,-0.1225894351507E-02, 0.5685476322433E-02, 0.1052446939721E-02,-0.9254077962727E-03, 0.4220854284015E-02,-0.7097255222733E-03
 0.1032445130899E-03,-0.1367794161249E-02, 0.1722900624125E-02,-0.1349795556196E-02, 0.5359283037922E-02, 0.8105119974257E-03,-0.1131010373977E-02, 0.3926550335401E-02,-0.6736233190565E-03
-0.1510101574090E-03,-0.1603599755347E-02, 0.1547716447541E-02,-0.1485157067698E-02, 0.5101190734959E-02, 0.5733011660085E-03,-0.1353465447594E-02, 0.3630264567502E-02,-0.8747724083622E-03
-0.3871492042930E-03,-0.1830036931300E-02, 0.1270841982065E-02,-0.1638238477820E-02, 0.4893216388991E-02, 0.3678780037505E-03,-0.1556589970055E-02, 0.3356372911675E-02,-0.1166399294868E-02
-0.3865067619773E-03,-0.1837536103059E-02, 0.1257925351723E-02,-0.1651144681460E-02, 0.4961472177409E-02, 0.3823045559074E-03,-0.1570778585248E-02, 0.3378909204016E-02,-0.1161741562943E-02
-0.6798725908344E-03,-0.2114499633245E-02, 0.8721958866754E-03,-0.2022599361136E-02, 0.4555689469830E-02, 0.1606489198369E-03,-0.1760115173246E-02, 0.2973275661663E-02,-0.1433992478195E-02
-0.7212731789544E-03,-0.2164504828246E-02, 0.7872433697437E-03,-0.2081463820830E-02, 0.4347921779739E-02, 0.1976581097549E-04,-0.1812353698904E-02, 0.2887269227712E-02,-0.1508534693976E-02
-0.8023287757156E-03,-0.2219331371648E-02, 0.6737583390041E-03,-0.2163337957859E-02, 0.4155400252270E-02,-0.1509948712467E-03,-0.1924798309357E-02, 0.2793255738259E-02,-0.1625371826970E-02
-0.1005261190174E-02,-0.2328708352737E-02, 0.4531561437188E-03,-0.2352137021205E-02, 0.4009061624647E-02,-0.3554070233977E-03,-0.2167365606169E-02, 0.2632458806153E-02,-0.1845852253025E-02
 0.4391849548741E-03,-0.1071756545808E-02, 0.1772109597186E-02,-0.1115191868738E-02, 0.5803631353686E-02, 0.1147863389759E-02,-0.8470702571432E-03, 0.4316118147232E-02,-0.6090374976309E-03
 0.1986291722279E-03,-0.1281710489444E-02, 0.1813692470322E-02,-0.1239485957932E-02, 0.5479114934999E-02, 0.9066064334001E-03,-0.1052236758290E-02, 0.4023159478010E-02,-0.5732358395885E-03
-0.5553311361045E-04,-0.1517675470241E-02, 0.1638547111126E-02,-0.1375523228598E-02, 0.5222139603544E-02, 0.6697262615730E-03,-0.1274569977539E-02, 0.3728125013430E-02,-0.7746538270379E-03
-0.2918688991177E-03,-0.1744478985735E-02, 0.1361661314995E-02,-0.1529405856160E-02, 0.5014839512758E-02, 0.4643562116445E-03,-0.1477806967948E-02, 0.3455256673811E-02,-0.1066578173235E-02
-0.2911750412870E-03,-0.1751921890826E-02, 0.1348916366869E-02,-0.1542269045135E-02, 0.5083258566501E-02, 0.4788455318186E-03,-0.1491938426548E-02, 0.3477962841518E-02,-0.1061887150309E-02
-0.5853289550456E-03,-0.2029911610966E-02, 0.9626195935274E-03,-0.1915115883662E-02, 0.4677801666949E-02, 0.2566798269497E-03,-0.1681940474465E-02, 0.3072986050731E-02,-0.1335092794896E-02
-0.6271728319784E-03,-0.2080395529829E-02, 0.8773163826071E-03,-0.1974599226328E-02, 0.4470271832863E-02, 0.1155848986051E-03,-0.1734521179997E-02, 0.2986954858786E-02,-0.1410305010022E-02
-0.7087200978782E-03,-0.2135781011870E-02, 0.7634166493460E-03,-0.2057186687789E-02, 0.4277853468153E-02,-0.5541669685877E-04,-0.1847321174970E-02, 0.2892894320371E-02,-0.1526961892676E-02
-0.9121913699861E-03,-0.2245860426347E-02, 0.5423641770815E-03,-0.2246892192687E-02, 0.4131385630443E-02,-0.2601265917828E-03,-0.2090247950329E-02, 0.2732230365833E-02,-0.1745669491359E-02
 0.2353476416449E-03,-0.1724857591248E-02, 0.1969872498098E-02,-0.1463199649536E-02, 0.6413643299956E-02, 0.1145872453594E-02,-0.1321793201174E-02, 0.4798555978091E-02,-0.7466529746677E-03
-0.1483468848519E-04,-0.1937949420109E-02, 0.2005475229411E-02,-0.1588869969645E-02, 0.6062666003712E-02, 0.8923320280564E-03,-0.1532688695149E-02, 0.4478444824723E-02,-0.7118224088041E-03
-0.2747241036923E-03,-0.2174048048159E-02, 0.1821980536526E-02,-0.1723557290499E-02, 0.5785736827308E-02, 0.6468047232904E-03,-0.1757905958534E-02, 0.4163511447502E-02,-0.9170739621009E-03
-0.5142653139933E-03,-0.2399106880227E-02, 0.1535845495280E-02,-0.1875304950805E-02, 0.5562904036454E-02, 0.4354671019944E-03,-0.1962001468370E-02, 0.3875779667302E-02,-0.1213685237878E-02
-0.5103302853289E-03,-0.2404777365833E-02, 0.1525857224425E-02,-0.1885634318116E-02, 0.5635944042016E-02, 0.4535188607635E-03,-0.1974238359337E-02, 0.3902015415435E-02,-0.1206086666943E-02
-0.8120819599454E-03,-0.2679918775736E-02, 0.1121482671056E-02,-0.2262154644595E-02, 0.5199720674232E-02, 0.2200671606047E-03,-0.2165053135555E-02, 0.3470016181460E-02,-0.1486097370154E-02
-0.8541861552643E-03,-0.2727603961718E-02, 0.1032258587319E-02,-0.2320619532421E-02, 0.4979922900847E-02, 0.7460450470506E-04,-0.2216626473842E-02, 0.3377157225564E-02,-0.1563409746298E-02
-0.9363518026444E-03,-0.2779598951717E-02, 0.9141229192853E-03,-0.2401976107771E-02, 0.4775966536271E-02,-0.1012064937803E-03,-0.2329064598534E-02, 0.3276047344972E-02,-0.1677567520036E-02
-0.1142027054960E-02,-0.2885496479634E-02, 0.6864133145439E-03,-0.2590873115823E-02, 0.4618835683245E-02,-0.3112457491884E-03,-0.2572992347085E-02, 0.3105486952650E-02,-0.1885651584561E-02
 0.3651802332723E-03,-0.1595860774153E-02, 0.2088103806469E-02,-0.1339514047743E-02, 0.6522413202758E-02, 0.1280961314392E-02,-0.1211339343932E-02, 0.4829621745396E-02,-0.7055622142172E-03
 0.1148210105148E-03,-0.1809812409510E-02, 0.2123192780180E-02,-0.1466199442011E-02, 0.6173015199832E-02, 0.1027506588966E-02,-0.1422535306943E-02, 0.4511222090560E-02,-0.6712036672444E-03
-0.1458133049302E-03,-0.2047198773540E-02, 0.1939107810359E-02,-0.1602322010763E-02, 0.5896988652662E-02, 0.7815997864289E-03,-0.1648516314009E-02, 0.4197352748828E-02,-0.8768920027596E-03
-0.3863887047363E-03,-0.2273728893820E-02, 0.1652355689930E-02,-0.1755626352933E-02, 0.5674618060072E-02, 0.5696099110379E-03,-0.1853609577448E-02, 0.3910250875003E-02,-0.1173937711538E-02
-0.3823643473710E-03,-0.2279363468412E-02, 0.1642615080380E-02,-0.1765888204772E-02, 0.5747913993197E-02, 0.5877803531231E-03,-0.1865795102250E-02, 0.3936713557020E-02,-0.1166269453169E-02
-0.6860267241263E-03,-0.2557056513438E-02, 0.1236877168930E-02,-0.2144758753255E-02, 0.5311982733932E-02, 0.3528569587237E-03,-0.2058441722719E-02, 0.3505298150283E-02,-0.1447343211983E-02
-0.7288869481114E-03,-0.2605683852495E-02, 0.1147115185513E-02,-0.2204089757760E-02, 0.5092528812375E-02, 0.2069595851994E-03,-0.2110691698322E-02, 0.3412608096723E-02,-0.1524872236433E-02
-0.8119199648719E-03,-0.2658786656227E-02, 0.1028302010687E-02,-0.2286481890882E-02, 0.4888728437007E-02, 0.3062556287146E-04,-0.2223903993495E-02, 0.3311594787204E-02,-0.1639904510650E-02
-0.1018734761844E-02,-0.2766239758515E-02, 0.7996606123564E-03,-0.2476848596914E-02, 0.4731389896715E-02,-0.1802121461792E-03,-0.2468883396432E-02, 0.3141122625358E-02,-0.1850154334849E-02
 0.5153786890722E-03,-0.1448725039414E-02, 0.2227544542828E-02,-0.1197480109464E-02, 0.6638946679699E-02, 0.1398173201779E-02,-0.1110750653903E-02, 0.4912921596819E-02,-0.6102040162918E-03
 0.2651524017052E-03,-0.1663321631383E-02, 0.2262356911963E-02,-0.1325026263976E-02, 0.6291642633913E-02, 0.1145274522192E-02,-0.1321853483764E-02, 0.4596379776337E-02,-0.5763395992179E-03
 0.4010992596821E-05,-0.1901790465493E-02, 0.2077914066580E-02,-0.1462466192780E-02, 0.6016912506507E-02, 0.8993977413545E-03,-0.1548224640655E-02, 0.4283894920122E-02,-0.7825421068590E-03
-0.2374357198596E-03,-0.2129625979718E-02, 0.1790739083322E-02,-0.1617250509711E-02, 0.5795278368679E-02, 0.6870930491139E-03,-0.1753991386711E-02, 0.3997769244631E-02,-0.1080139515093E-02
-0.2333116370770E-03,-0.2135214137236E-02, 0.1781288735664E-02,-0.1627446728400E-02, 0.5868861141443E-02, 0.7053877292485E-03,-0.1766121783274E-02, 0.4024507897505E-02,-0.1072399967165E-02
-0.5388057812423E-03,-0.2415374800407E-02, 0.1374285009739E-02,-0.2008654763293E-02, 0.5433386346557E-02, 0.4694006898146E-03,-0.1960220694854E-02, 0.3593804301647E-02,-0.1354830936849E-02
-0.5824333624098E-03,-0.2464958350634E-02, 0.1283961476664E-02,-0.2068892622839E-02, 0.5214347110533E-02, 0.3231894826187E-03,-0.2013052533994E-02, 0.3501210725972E-02,-0.1432961009065E-02
-0.6663557698543E-03,-0.2519177947272E-02, 0.1164447670976E-02,-0.2152362941090E-02, 0.5010754151423E-02, 0.1464583900728E-03,-0.2126910543154E-02, 0.3400223443087E-02,-0.1548402349952E-02
-0.8743228480452E-03,-0.2628156055185E-02, 0.9348991363563E-03,-0.2344222195697E-02, 0.4853238789394E-02,-0.6499998806259E-04,-0.2372705757314E-02, 0.3229852724676E-02,-0.1758746230340E-02
 0.6643060976002E-03,-0.1304527094706E-02, 0.2366379566058E-02,-0.1059958218927E-02, 0.6746488106875E-02, 0.1497735808395E-02,-0.1015213832231E-02, 0.5021910234895E-02,-0.4885486672999E-03
 0.4144027623875E-03,-0.1519563337326E-02, 0.2401075172890E-02,-0.1188175404612E-02, 0.6401414328086E-02, 0.1245622743211E-02,-0.1226033205313E-02, 0.4707145675708E-02,-0.4551642869169E-03
 0.1529670453720E-03,-0.1758872680875E-02, 0.2216469088988E-02,-0.1326720436527E-02, 0.6128131547740E-02, 0.1000024706637E-02,-0.1452577341224E-02, 0.4396139582406E-02,-0.6618791599797E-03
-0.8914838489860E-04,-0.1987775579699E-02, 0.1929063080638E-02,-0.1482779263799E-02, 0.5907370387332E-02, 0.7876436473631E-03,-0.1658806491479E-02, 0.4111147710647E-02,-0.9600386416639E-03
-0.8493135637572E-04,-0.1993314477892E-02, 0.1919894682748E-02,-0.1492917107099E-02, 0.5981219462078E-02, 0.8060490953919E-03,-0.1670882216396E-02, 0.4138153305603E-02,-0.9522356981961E-03
-0.3920077110141E-03,-0.2275643860545E-02, 0.1511858355734E-02,-0.1876182100918E-02, 0.5546335412306E-02, 0.5693402554655E-03,-0.1866160841084E-02, 0.3708229654394E-02,-0.1236072851600E-02
-0.4363364536452E-03,-0.2326101700154E-02, 0.1421022076982E-02,-0.1937254974951E-02, 0.5327733789468E-02, 0.4229161775743E-03,-0.1919501450113E-02, 0.3615685523423E-02,-0.1314993464082E-02
-0.5210709351569E-03,-0.2381337745265E-02, 0.1300875519098E-02,-0.2021713184035E-02, 0.5124385911914E-02, 0.2459039955051E-03,-0.2033912936934E-02, 0.3514690226371E-02,-0.1430495965997E-02
-0.7300659199226E-03,-0.2491673800410E-02, 0.1070552930881E-02,-0.2214910001724E-02, 0.4966774156270E-02, 0.3399882209556E-04,-0.2280366742778E-02, 0.3344447940097E-02,-0.1639565020663E-02
 0.6668785236356E-03,-0.1292306128610E-02, 0.2362330137996E-02,-0.1051404438400E-02, 0.6729017298001E-02, 0.1486709564328E-02,-0.1014643602083E-02, 0.5017790929072E-02,-0.4791350378611E-03
 0.4169729506323E-03,-0.1507382869549E-02, 0.2396968382434E-02,-0.1179728245224E-02, 0.6384220312831E-02, 0.1234665535492E-02,-0.1225427094022E-02, 0.4703256696920E-02,-0.4458842472982E-03
 0.1555531623161E-03,-0.1746763130305E-02, 0.2212487644140E-02,-0.1318378309399E-02, 0.6111367796421E-02, 0.9891801685305E-03,-0.1451956378212E-02, 0.4392576094779E-02,-0.6526567023429E-03
-0.8652781181770E-04,-0.1975750434772E-02, 0.1925313997274E-02,-0.1474522240679E-02, 0.5891130145234E-02, 0.7769402121287E-03,-0.1658181544193E-02, 0.4107954131919E-02,-0.9508256531545E-03
-0.8241166281417E-04,-0.1981306237844E-02, 0.1915925784382E-02,-0.1484708428295E-02, 0.5964626147187E-02, 0.7952073002211E-03,-0.1670279938928E-02, 0.4134666220349E-02,-0.9430914839210E-03
-0.3892611995571E-03,-0.2263760270404E-02, 0.1508592274470E-02,-0.1867962143573E-02, 0.5531181024375E-02, 0.5589435257435E-03,-0.1865519879687E-02, 0.3705706161108E-02,-0.1226846042716E-02
-0.4335402828539E-03,-0.2314276363590E-02, 0.1417918710424E-02,-0.1929044903572E-02, 0.5312938119704E-02, 0.4126776274024E-03,-0.1918845223011E-02, 0.3613382572434E-02,-0.1305766027585E-02
-0.5182057231783E-03,-0.2369582695305E-02, 0.1297982742898E-02,-0.2013514293569E-02, 0.5110030609375E-02, 0.2358523638406E-03,-0.2033230489441E-02, 0.3512668248954E-02,-0.1421213156526E-02
-0.7270910935873E-03,-0.2480016356763E-02, 0.1067993920603E-02,-0.2206728881784E-02, 0.4953094211262E-02, 0.2418198871666E-04,-0.2279642533516E-02, 0.3342869941196E-02,-0.1630127892546E-02
 0.8718001270625E-03,-0.1109251406083E-02, 0.2554971908672E-02,-0.8898921179928E-03, 0.6867572316320E-02, 0.1644823949864E-02,-0.8200425985460E-03, 0.5210772681143E-02,-0.2782276617490E-03
 0.6226335014334E-03,-0.1324589207807E-02, 0.2589604274700E-02,-0.1018740518194E-02, 0.6525854585234E-02, 0.1394007710527E-02,-0.1030537201410E-02, 0.4898413289850E-02,-0.2456162582609E-03
 0.3611474426000E-03,-0.1564706909351E-02, 0.2405104567566E-02,-0.1158481509126E-02, 0.6254947827961E-02, 0.1149070142555E-02,-0.1257401475138E-02, 0.4589742864027E-02,-0.4530336556067E-03
 0.1184612331342E-03,-0.1794742089018E-02, 0.2117802507779E-02,-0.1315957934535E-02, 0.6035791254996E-02, 0.9368557489449E-03,-0.1464374968811E-02, 0.4306736669678E-02,-0.7519208363385E-03
 0.1227751085342E-03,-0.1800204597034E-02, 0.2108969422202E-02,-0.1326022302117E-02, 0.6109905521810E-02, 0.9553662227419E-03,-0.1476359594887E-02, 0.4334016799490E-02,-0.7440527684188E-03
-0.1860345074071E-03,-0.2085115195928E-02, 0.1700110212280E-02,-0.1711488463773E-02, 0.5676485503968E-02, 0.7179744967998E-03,-0.1673607812323E-02, 0.3905618039406E-02,-0.1029868478169E-02
-0.2312568888699E-03,-0.2136691929415E-02, 0.1608684669948E-02,-0.1773565529451E-02, 0.5458636266257E-02, 0.5713478825388E-03,-0.1727833400703E-02, 0.3813133263369E-02,-0.1110159020810E-02
-0.3169862169845E-03,-0.2193222543761E-02, 0.1487840254624E-02,-0.1859196950710E-02, 0.5255836500714E-02, 0.3940815717878E-03,-0.1843220014544E-02, 0.3712165830125E-02,-0.1225210240539E-02
-0.5271154461438E-03,-0.2305227359594E-02, 0.1256802508853E-02,-0.2053892593705E-02, 0.5098471492564E-02, 0.1817887862734E-03,-0.2090833839630E-02, 0.3542316477221E-02,-0.1430434284308E-02
 0.9305587985829E-03,-0.1062889346987E-02, 0.2598763755218E-02,-0.8498009054930E-03, 0.6913564514368E-02, 0.1719972938446E-02,-0.7526562282240E-03, 0.5249264936756E-02,-0.2323246155623E-03
 0.6817632615358E-03,-0.1278060635557E-02, 0.2633482225705E-02,-0.9786943651809E-03, 0.6573045961262E-02, 0.1469554400971E-02,-0.9629687644021E-03, 0.4937897964061E-02,-0.1998425107544E-03
 0.4204459858414E-03,-0.1518183024381E-02, 0.2449211934224E-02,-0.1118634476643E-02, 0.6303081728175E-02, 0.1224859151169E-02,-0.1189835290724E-02, 0.4630175721767E-02,-0.4072490094568E-03
 0.1777737917186E-03,-0.1748345903029E-02, 0.2162173808234E-02,-0.1276368919648E-02, 0.6084639442900E-02, 0.1012740203852E-02,-0.1396947771220E-02, 0.4347986219416E-02,-0.7060940766439E-03
 0.1820942056389E-03,-0.1753786349416E-02, 0.2153395017611E-02,-0.1286417332066E-02, 0.6158765545681E-02, 0.1031253416631E-02,-0.1408901927416E-02, 0.4375285592868E-02,-0.6982261019493E-03
-0.1269680709363E-03,-0.2039150688082E-02, 0.1744677762579E-02,-0.1672211519368E-02, 0.5726191226968E-02, 0.7936432759209E-03,-0.1606678450859E-02, 0.3947757472715E-02,-0.9842997763699E-03
-0.1724033210529E-03,-0.2090978192232E-02, 0.1653176487369E-02,-0.1734512125567E-02, 0.5508691110515E-02, 0.6469205290442E-03,-0.1661168630974E-02, 0.3855400162684E-02,-0.1064822553985E-02
-0.2583501698245E-03,-0.2147804310286E-02, 0.1532253821553E-02,-0.1820396173449E-02, 0.5306197105109E-02, 0.4695662055079E-03,-0.1776834739184E-02, 0.3754575163240E-02,-0.1179807855223E-02
-0.4686601568477E-03,-0.2260165446862E-02, 0.1301220348370E-02,-0.2015361591107E-02, 0.5149101798278E-02, 0.2571937642726E-03,-0.2024746301416E-02, 0.3585053175664E-02,-0.1384392608927E-02
 0.9942182684952E-03,-0.1010992584076E-02, 0.2650264166297E-02,-0.7919706327956E-03, 0.6982276017437E-02, 0.1802654168008E-02,-0.6864035619264E-03, 0.5297687857117E-02,-0.1771169178885E-03
 0.7459023994556E-03,-0.1225926806753E-02, 0.2685134917987E-02,-0.9209433711639E-03, 0.6643154798198E-02, 0.1552748887543E-02,-0.8964155292561E-03, 0.4987473249810E-02,-0.1447476289492E-03
 0.4848193358024E-03,-0.1466015156232E-02, 0.2501130522673E-02,-0.1061141543979E-02, 0.6374254466850E-02, 0.1308369493182E-02,-0.1123186854022E-02, 0.4680835395279E-02,-0.3521328654887E-03
 0.2421925474330E-03,-0.1696291936607E-02, 0.2214366929982E-02,-0.1219210623873E-02, 0.6156584526005E-02, 0.1096383509900E-02,-0.1330364709057E-02, 0.4399564644383E-02,-0.6509372497886E-03
 0.2465341845378E-03,-0.1701704839714E-02, 0.2205685177076E-02,-0.1229234768748E-02, 0.6230758453501E-02, 0.1114920277280E-02,-0.1342282113030E-02, 0.4426934770999E-02,-0.6430596906409E-03
-0.6279832386460E-04,-0.1987548006403E-02, 0.1797025950970E-02,-0.1615543395421E-02, 0.5798973826268E-02, 0.8770618764692E-03,-0.1540528701276E-02, 0.4000285856929E-02,-0.9294619507947E-03
-0.1084692010526E-03,-0.2039649940024E-02, 0.1705413026728E-02,-0.1678147197677E-02, 0.5581829097961E-02, 0.7302259291089E-03,-0.1595275201409E-02, 0.3908041749729E-02,-0.1010277547944E-02
-0.1946606528458E-03,-0.2096800618621E-02, 0.1584365775147E-02,-0.1764374501928E-02, 0.5379622195442E-02, 0.5527618339362E-03,-0.1711202318610E-02, 0.3807336686899E-02,-0.1125169696042E-02
-0.4051753894286E-03,-0.2209549651562E-02, 0.1353279668091E-02,-0.1959724226429E-02, 0.5222726177273E-02, 0.3402860454144E-03,-0.1959363263668E-02, 0.3638127308454E-02,-0.1328919184977E-02
 0.1088948307198E-02,-0.9237721968782E-03, 0.2740506727690E-02,-0.6806260857684E-03, 0.7098021257631E-02, 0.1897714360358E-02,-0.6070352544112E-03, 0.5391458924540E-02,-0.7599735181807E-04
 0.8413007532662E-03,-0.1138504532721E-02, 0.2775586707449E-02,-0.8098732602934E-03, 0.6760883567996E-02, 0.1648649913946E-02,-0.8165491148964E-03, 0.5082781672178E-02,-0.4384062871018E-04
 0.5804694252092E-03,-0.1378690817125E-02, 0.2591823935574E-02,-0.9506320703921E-03, 0.6493382292781E-02, 0.1404759023317E-02,-0.1043133601501E-02, 0.4777576387929E-02,-0.2513675473205E-03
 0.3377932733409E-03,-0.1609276574749E-02, 0.2305247445550E-02,-0.1109395261670E-02, 0.6276630298672E-02, 0.1192965603387E-02,-0.1250364602024E-02, 0.4497491065890E-02,-0.5503367339181E-03
 0.3422027742518E-03,-0.1614644274961E-02, 0.2296794210798E-02,-0.1119370200990E-02, 0.6350975411226E-02, 0.1211587239653E-02,-0.1262226719904E-02, 0.4525081099231E-02,-0.5424163266550E-03
 0.3226229942525E-04,-0.1901428608281E-02, 0.1887769445007E-02,-0.1506905770189E-02, 0.5919825620512E-02, 0.9733668352884E-03,-0.1461069696029E-02, 0.4099272284826E-02,-0.8296364161518E-03
-0.1380100744585E-04,-0.1954000712430E-02, 0.1795872569013E-02,-0.1570091443343E-02, 0.5703060783055E-02, 0.8263852508908E-03,-0.1516146989645E-02, 0.4007067525630E-02,-0.9110772208707E-03
-0.1004244077213E-03,-0.2011702691484E-02, 0.1674484305822E-02,-0.1656987595749E-02, 0.5501092481170E-02, 0.6487537803147E-03,-0.1632406800990E-02, 0.3906378778391E-02,-0.1025748693891E-02
-0.3113790614976E-03,-0.2125133907929E-02, 0.1443065052902E-02,-0.1853161877402E-02, 0.5344199365727E-02, 0.4360761091007E-03,-0.1880873645056E-02, 0.3737390736409E-02,-0.1227678354636E-02
 0.1003685639594E-02,-0.1485802394223E-02, 0.3062126184107E-02,-0.9229080507549E-03,-0.2274537325791E-02, 0.2015208000016E-02,-0.9870581543148E-03, 0.6001987657449E-02,-0.1051767773926E-03
 0.7442228013873E-03,-0.1705441815859E-02, 0.3088960979794E-02,-0.1055306381372E-02,-0.2505508787984E-02, 0.1751634635421E-02,-0.1203488226517E-02, 0.5663121197036E-02,-0.7552268833677E-04
 0.4754867107141E-03,-0.1947029139639E-02, 0.2894180517780E-02,-0.1196386413863E-02,-0.2651575584771E-02, 0.1496974340259E-02,-0.1434089922369E-02, 0.5335646898246E-02,-0.2886374643689E-03
 0.2275495852125E-03,-0.2176835337395E-02, 0.2595640469456E-02,-0.1354585492600E-02,-0.2760684027368E-02, 0.1277279769637E-02,-0.1643237170638E-02, 0.5038773015225E-02,-0.5940378252358E-03
 0.2353946149018E-03,-0.2180101098489E-02, 0.2589722433096E-02,-0.1361783126038E-02,-0.2738248901118E-02, 0.1299615961171E-02,-0.1652891968705E-02, 0.5069781465421E-02,-0.5830148377166E-03
-0.8563889972349E-04,-0.2466188242160E-02, 0.2158704299448E-02,-0.1756090166301E-02,-0.3059811094843E-02, 0.1046998422443E-02,-0.1854664039495E-02, 0.4613659513069E-02,-0.8797621804600E-03
-0.1330317462912E-03,-0.2516611345930E-02, 0.2061610337343E-02,-0.1819167081664E-02,-0.3149480965417E-02, 0.8944097058179E-03,-0.1909429428185E-02, 0.4513489250523E-02,-0.9646750897739E-03
-0.2214918052640E-03,-0.2571633027656E-02, 0.1934565625955E-02,-0.1905843971555E-02,-0.3232739425521E-02, 0.7106107311336E-03,-0.2026124649444E-02, 0.4404574288910E-02,-0.1076310974327E-02
-0.4364201838959E-03,-0.2681828895113E-02, 0.1694420041869E-02,-0.2102658527615E-02,-0.3334724748881E-02, 0.4909178263599E-03,-0.2276671100569E-02, 0.4224162859662E-02,-0.1263686699699E-02
 0.1130873255984E-02,-0.1356462640156E-02, 0.3177589042784E-02,-0.8000262514794E-03,-0.2145323845876E-02, 0.2147564835551E-02,-0.8767507997380E-03, 0.6030339385131E-02,-0.6501340593703E-04
 0.8714605169760E-03,-0.1576861627012E-02, 0.3204123989003E-02,-0.9332826453958E-03,-0.2377527955231E-02, 0.1884322589989E-02,-0.1093390497997E-02, 0.5693416507929E-02,-0.3569169440628E-04
 0.6022161764283E-03,-0.1819644376806E-02, 0.3009032401214E-02,-0.1075646247008E-02,-0.2525228200259E-02, 0.1629533138713E-02,-0.1324660415844E-02, 0.5367213711217E-02,-0.2491208769943E-03
 0.3534691058765E-03,-0.2050839781171E-02, 0.2710165691837E-02,-0.1235260011046E-02,-0.2636088761069E-02, 0.1409416466226E-02,-0.1534715329325E-02, 0.5071153477090E-02,-0.5548510515814E-03
 0.3614253258656E-03,-0.2054064003036E-02, 0.2704551436810E-02,-0.1242370513026E-02,-0.2613623249005E-02, 0.1431896094192E-02,-0.1544308154906E-02, 0.5102453463139E-02,-0.5437345096900E-03
 0.3878226090422E-04,-0.2342584120139E-02, 0.2272512558015E-02,-0.1638809845314E-02,-0.2937947550483E-02, 0.1178081395632E-02,-0.1747799247371E-02, 0.4647150624984E-02,-0.8414147682740E-03
-0.9273870134580E-05,-0.2393911331306E-02, 0.2174991928842E-02,-0.1702690380799E-02,-0.3028583267900E-02, 0.1025185855102E-02,-0.1803202386484E-02, 0.4547242328711E-02,-0.9264830612142E-03
-0.9849379473875E-04,-0.2449999575033E-02, 0.2047395926769E-02,-0.1790332736064E-02,-0.3112979088847E-02, 0.8410066816124E-03,-0.1920621725679E-02, 0.4438520346929E-02,-0.1038981145832E-02
-0.3143940038060E-03,-0.2561692104900E-02, 0.1806515053255E-02,-0.1988505466771E-02,-0.3216601929617E-02, 0.6206951530614E-03,-0.2172138824977E-02, 0.4258327850619E-02,-0.1228588148587E-02
 0.1278958116087E-02,-0.1208648949169E-02, 0.3314428150726E-02,-0.6585137885489E-03,-0.2012123527843E-02, 0.2262683011596E-02,-0.7760363959250E-03, 0.6110330668039E-02, 0.2959375584132E-04
 0.1019935640679E-02,-0.1429580849425E-02, 0.3340933407425E-02,-0.7924478706482E-03,-0.2245331310888E-02, 0.2000245492626E-02,-0.9924832134693E-03, 0.5775551730316E-02, 0.5856686379126E-04
 0.7504498106846E-03,-0.1673337983869E-02, 0.3145797139242E-02,-0.9359537282678E-03,-0.2394502453643E-02, 0.1745729392986E-02,-0.1224042003774E-02, 0.5450995083346E-02,-0.1552081386123E-03
 0.5010805460142E-03,-0.1905740832508E-02, 0.2846829851345E-02,-0.1096885105576E-02,-0.2507002827438E-02, 0.1525516792227E-02,-0.1434676966214E-02, 0.5156142942141E-02,-0.4613262252603E-03
 0.5091665045200E-03,-0.1908916986007E-02, 0.2841583565445E-02,-0.1103908650654E-02,-0.2484504372451E-02, 0.1548157184321E-02,-0.1444206925179E-02, 0.5187782241161E-02,-0.4501127570019E-03
 0.1850113922815E-03,-0.2199765592410E-02, 0.2408644237077E-02,-0.1502439395934E-02,-0.2811454753469E-02, 0.1293530405551E-02,-0.1649032205001E-02, 0.4733481037074E-02,-0.7489715468525E-03
 0.1362837685871E-03,-0.2252010586100E-02, 0.2310682771956E-02,-0.1567160584551E-02,-0.2903031357540E-02, 0.1140434790043E-02,-0.1704978896364E-02, 0.4633781572678E-02,-0.8345658909582E-03
 0.4628639788405E-04,-0.2309173159825E-02, 0.2182521259208E-02,-0.1655805868350E-02,-0.2988542540328E-02, 0.9559825222460E-03,-0.1822997822307E-02, 0.4525198274622E-02,-0.9474388938311E-03
-0.1705865066701E-03,-0.2422325191745E-02, 0.1940943992106E-02,-0.1855346296998E-02,-0.3093763915346E-02, 0.7352073240265E-03,-0.2075258622782E-02, 0.4345252523591E-02,-0.1137163707892E-02
 0.1426192190727E-02,-0.1063647654569E-02, 0.3450927209472E-02,-0.5213265669931E-03,-0.1891372691746E-02, 0.2360624548448E-02,-0.6802154121964E-03, 0.6215829336121E-02, 0.1506216061600E-03
 0.1167745309598E-02,-0.1284910368907E-02, 0.3477562237108E-02,-0.6557502562787E-03,-0.2125313823222E-02, 0.2099204052615E-02,-0.8962805488656E-03, 0.5883123419758E-02, 0.1792499402059E-03
 0.8982262742280E-03,-0.1529400331087E-02, 0.3282572155709E-02,-0.8001875617459E-03,-0.2275697037433E-02, 0.1845189422924E-02,-0.1127912943579E-02, 0.5560322002214E-02,-0.3485363492232E-04
 0.6484327821747E-03,-0.1762771913447E-02, 0.2983690819155E-02,-0.9622328539686E-03,-0.2389598994396E-02, 0.1625099017138E-02,-0.1338919113299E-02, 0.5266850532190E-02,-0.3413446496526E-03
 0.6566418563874E-03,-0.1765900117315E-02, 0.2978806398903E-02,-0.9691788672922E-03,-0.2367074450798E-02, 0.1647888091843E-02,-0.1348389747207E-02, 0.5298811193786E-02,-0.3300449817360E-03
 0.3312132182534E-03,-0.2058777428068E-02, 0.2545189796113E-02,-0.1369524880976E-02,-0.2696265776648E-02, 0.1392764308333E-02,-0.1554278845618E-02, 0.4845599229495E-02,-0.6301111196310E-03
 0.2818748482284E-03,-0.2111860777077E-02, 0.2446832544020E-02,-0.1435017995193E-02,-0.2788664876155E-02, 0.1239554285867E-02,-0.1610698627307E-02, 0.4746064628445E-02,-0.7164176027870E-03
 0.1911719203790E-03,-0.2169999678968E-02, 0.2318168914542E-02,-0.1524578847704E-02,-0.2875158983245E-02, 0.1054927037776E-02,-0.1729228079673E-02, 0.4637588546891E-02,-0.8293054837761E-03
-0.2655468963058E-04,-0.2284445502554E-02, 0.2076022494925E-02,-0.1725334691874E-02,-0.2981786499419E-02, 0.8338409788726E-03,-0.1982079497957E-02, 0.4457919349308E-02,-0.1017749186890E-02
 0.1426351071093E-02,-0.1052720953248E-02, 0.3443951461522E-02,-0.5146920341935E-03,-0.1882193993729E-02, 0.2347138720853E-02,-0.6811545689684E-03, 0.6208399052777E-02, 0.1579136687155E-03
 0.1167926934072E-02,-0.1274015839458E-02, 0.3470539785786E-02,-0.6492098410616E-03,-0.2116183681797E-02, 0.2085810067952E-02,-0.8971856304037E-03, 0.5875996873215E-02, 0.1864143414537E-03
 0.8984712422053E-03,-0.1518569048535E-02, 0.3275753784459E-02,-0.7937249641897E-03,-0.2266661454184E-02, 0.1831953968293E-02,-0.1128794813263E-02, 0.5553610409951E-02,-0.2770833080175E-04
 0.6487705094082E-03,-0.1752015914818E-02, 0.2977214646899E-02,-0.9558189708492E-03,-0.2380670339978E-02, 0.1612061909290E-02,-0.1339782000751E-02, 0.5260607318239E-02,-0.3341550750916E-03
 0.6568433554123E-03,-0.1755167015208E-02, 0.2972076713520E-02,-0.9628342787169E-03,-0.2358179315149E-02, 0.1634669653062E-02,-0.1349285460752E-02, 0.5292236853808E-02,-0.3229514905123E-03
 0.3317799766798E-03,-0.2048131956365E-02, 0.2539361720517E-02,-0.1363069903848E-02,-0.2687453568138E-02, 0.1380135862905E-02,-0.1555089922436E-02, 0.4840221870492E-02,-0.6228236879366E-03
 0.2825252927528E-03,-0.2101253396237E-02, 0.2441212663170E-02,-0.1428546753829E-02,-0.2779899712577E-02, 0.1227119271915E-02,-0.1611480108745E-02, 0.4740953279789E-02,-0.7090901159932E-03
 0.1919358012019E-03,-0.2159438233322E-02, 0.2312821577693E-02,-0.1518085952364E-02,-0.2866454846690E-02, 0.1042724266991E-02,-0.1729963958435E-02, 0.4632818850820E-02,-0.8219119494782E-03
-0.2560989490971E-04,-0.2273952305984E-02, 0.2071118240067E-02,-0.1718808569125E-02,-0.2973173447553E-02, 0.8219438215807E-03,-0.1982743606310E-02, 0.4453707138295E-02,-0.1010239681646E-02
 0.1631115866907E-02,-0.8672275877640E-03, 0.3636039985533E-02,-0.3517514681243E-03,-0.1752964745574E-02, 0.2505225785757E-02,-0.4844555822735E-03, 0.6398820147600E-02, 0.3598469652888E-03
 0.1373756831502E-02,-0.1088643842311E-02, 0.3662970138453E-02,-0.4865593052695E-03,-0.1987396190999E-02, 0.2245430981775E-02,-0.7000457831620E-03, 0.6068962422045E-02, 0.3878774634870E-03
 0.1104562332156E-02,-0.1333792727028E-02, 0.3468542719322E-02,-0.6319491017749E-03,-0.2139041966263E-02, 0.1992406089176E-02,-0.9318359084905E-03, 0.5748936430483E-02, 0.1733631255850E-03
 0.8545551487586E-03,-0.1568157852287E-02, 0.3170234664380E-02,-0.7951846234536E-03,-0.2254528701754E-02, 0.1772782241693E-02,-0.1143433066022E-02, 0.5457856574535E-02,-0.1335364640979E-03
 0.8628899018510E-03,-0.1571217104595E-02, 0.3165774499893E-02,-0.8020408510769E-03,-0.2232010189562E-02, 0.1795714800219E-02,-0.1152813417250E-02, 0.5490143200048E-02,-0.1221529718054E-03
 0.5361938493619E-03,-0.1866471265929E-02, 0.2731884392018E-02,-0.1204247905585E-02,-0.2563531574977E-02, 0.1540262217014E-02,-0.1360476908747E-02, 0.5038992875966E-02,-0.4238530615289E-03
 0.4860920436878E-03,-0.1920620634652E-02, 0.2633107584333E-02,-0.1270655646241E-02,-0.2656846767587E-02, 0.1386996061055E-02,-0.1417726430305E-02, 0.4939692759447E-02,-0.5114037678236E-03
 0.3945515460841E-03,-0.1979995108053E-02, 0.2503940358983E-02,-0.1361286264795E-02,-0.2744467656514E-02, 0.1202277232491E-02,-0.1537151637992E-02, 0.4831428024758E-02,-0.6237502513033E-03
 0.1759539155912E-03,-0.2096017183688E-02, 0.2261390738473E-02,-0.1563368869874E-02,-0.2852716635995E-02, 0.9810192986788E-03,-0.1791020496307E-02, 0.4652409341891E-02,-0.8082931410668E-03
 0.1688875890275E-02,-0.8206641914148E-03, 0.3678579876146E-02,-0.3119710230419E-03,-0.1697886706092E-02, 0.2579000669468E-02,-0.4169742479972E-03, 0.6435588547419E-02, 0.4052767303239E-03
 0.1431993888663E-02,-0.1041871413567E-02, 0.3705724020996E-02,-0.4467512506847E-03,-0.1932463624558E-02, 0.2319728163809E-02,-0.6323355296737E-03, 0.6106847377923E-02, 0.4332390421975E-03
 0.1163087634481E-02,-0.1286981746146E-02, 0.3511675480550E-02,-0.5922641187811E-03,-0.2084465112048E-02, 0.2067080218761E-02,-0.8640741815459E-03, 0.5787894224052E-02, 0.2188206216137E-03
 0.9132115973800E-03,-0.1521434014828E-02, 0.3213779108105E-02,-0.7556849875135E-03,-0.2200402534730E-02, 0.1847678496293E-02,-0.1075757955890E-02, 0.5497748018714E-02,-0.8794779431496E-04
 0.9215530578164E-03,-0.1524476709389E-02, 0.3209376823989E-02,-0.7625267778675E-03,-0.2177873770315E-02, 0.1870613154644E-02,-0.1085112192579E-02, 0.5530068782274E-02,-0.7656522476558E-04
 0.5947680530326E-03,-0.1820119663194E-02, 0.2775822280403E-02,-0.1164952167615E-02,-0.2510130650342E-02, 0.1615100366972E-02,-0.1293231881104E-02, 0.5079952185251E-02,-0.3784116637569E-03
 0.5444969768743E-03,-0.1874502746764E-02, 0.2677024983051E-02,-0.1231553624029E-02,-0.2603751613483E-02, 0.1461805904889E-02,-0.1350726269131E-02, 0.4980827640251E-02,-0.4661568184829E-03
 0.4527929659630E-03,-0.1934153377191E-02, 0.2547844190630E-02,-0.1322402105392E-02,-0.2691737805254E-02, 0.1277078592489E-02,-0.1470401280558E-02, 0.4872759340135E-02,-0.5784118044031E-03
 0.2341059712263E-03,-0.2050502084926E-02, 0.2305401723587E-02,-0.1524698947236E-02,-0.2800484694459E-02, 0.1055846490746E-02,-0.1724513670226E-02, 0.4694152782700E-02,-0.7623023849104E-03
 0.1751788385796E-02,-0.7683411195021E-03, 0.3729084886451E-02,-0.2542306199079E-03,-0.1621620384426E-02, 0.2660544355639E-02,-0.3504119315422E-03, 0.6482467718447E-02, 0.4602529991285E-03
 0.1495504967156E-02,-0.9892622124005E-03, 0.3756533058235E-02,-0.3890025346220E-03,-0.1856461889760E-02, 0.2401923162554E-02,-0.5654196509018E-03, 0.6155016579799E-02, 0.4881734650639E-03
 0.1226961795034E-02,-0.1234288723937E-02, 0.3562912029352E-02,-0.5346846167365E-03,-0.2008927414842E-02, 0.2149734874170E-02,-0.7970053718664E-03, 0.5837281129154E-02, 0.2738719410345E-03
 0.9772546553093E-03,-0.1468808678652E-02, 0.3265442741322E-02,-0.6983561694706E-03,-0.2125425137996E-02, 0.1930598476623E-02,-0.1008699772458E-02, 0.5548175341562E-02,-0.3275731033025E-04
 0.9856237309556E-03,-0.1471829860696E-02, 0.3261146865968E-02,-0.7051719065270E-03,-0.2102862942702E-02, 0.1953563863739E-02,-0.1018021041230E-02, 0.5580593165088E-02,-0.2136165537862E-04
 0.6587316165773E-03,-0.1767881015780E-02, 0.2827843153903E-02,-0.1107984899675E-02,-0.2436149891806E-02, 0.1697957298568E-02,-0.1226537324612E-02, 0.5131508655749E-02,-0.3234219445483E-03
 0.6082698443726E-03,-0.1822521999038E-02, 0.2728991627761E-02,-0.1174857144786E-02,-0.2530183912521E-02, 0.1544618898437E-02,-0.1284268132852E-02, 0.5032548291905E-02,-0.4114212931068E-03
 0.5163756016950E-03,-0.1882478501119E-02, 0.2599751482096E-02,-0.1266010783635E-02,-0.2618649506785E-02, 0.1359861881596E-02,-0.1404175906867E-02, 0.4924653691918E-02,-0.5235543346645E-03
 0.2975746621089E-03,-0.1999184753793E-02, 0.2357357118484E-02,-0.1468627921523E-02,-0.2728034532857E-02, 0.1138631191065E-02,-0.1658487354909E-02, 0.4746437689151E-02,-0.7065878232464E-03
 0.1846068614947E-02,-0.6801152968264E-03, 0.3818537104927E-02,-0.1425567380076E-03,-0.1501211602137E-02, 0.2754946313586E-02,-0.2702586059323E-03, 0.6574404242050E-02, 0.5615271067942E-03
 0.1590629934875E-02,-0.9007582422197E-03, 0.3846413650254E-02,-0.2774639505132E-03,-0.1736575985501E-02, 0.2497347481817E-02,-0.4846903632018E-03, 0.6248700484806E-02, 0.5893364566680E-03
 0.1322517820807E-02,-0.1145805718829E-02, 0.3653256466695E-02,-0.4235725828568E-03,-0.1889832901716E-02, 0.2245822551543E-02,-0.7160107721013E-03, 0.5932593689717E-02, 0.3750378935038E-03
 0.1072926646863E-02,-0.1380564123161E-02, 0.3356178695594E-02,-0.5878140430892E-03,-0.2007253599620E-02, 0.2027032655817E-02,-0.9276872539964E-03, 0.5644846240579E-02, 0.6839406000463E-04
 0.1081387992532E-02,-0.1383546162824E-02, 0.3352151277440E-02,-0.5945681710079E-03,-0.1984624044762E-02, 0.2050113693389E-02,-0.9369540480420E-03, 0.5677535659386E-02, 0.7984873207863E-04
 0.7540846158434E-03,-0.1680439301010E-02, 0.2918713956137E-02,-0.9984210794235E-03,-0.2319671335845E-02, 0.1794302500222E-02,-0.1145978122236E-02, 0.5229478915346E-02,-0.2228788471859E-03
 0.7032884291883E-03,-0.1735530154934E-02, 0.2819654513672E-02,-0.1065830789607E-02,-0.2414382304469E-02, 0.1640892925866E-02,-0.1204015571476E-02, 0.5130633634892E-02,-0.3114507755980E-03
 0.6110295616564E-03,-0.1796015343628E-02, 0.2690155773534E-02,-0.1157600861733E-02,-0.2503626019650E-02, 0.1456050415325E-02,-0.1324225323025E-02, 0.5022827569188E-02,-0.4233189902909E-03
 0.3918985881626E-03,-0.1913363985673E-02, 0.2447551798834E-02,-0.1360948471248E-02,-0.2614050991051E-02, 0.1234722514741E-02,-0.1578790596057E-02, 0.4844920938216E-02,-0.6044879685667E-03
 0.1883856553295E-02,-0.1145216517552E-02, 0.4267344215691E-02,-0.2743372664528E-03,-0.2139651297340E-02, 0.2995453407112E-02,-0.5498951648484E-03, 0.7315675552652E-02, 0.6447438386888E-03
 0.1614201542924E-02,-0.1372746976151E-02, 0.4284023617379E-02,-0.4143679733251E-03,-0.2375603193099E-02, 0.2720931462516E-02,-0.7725907186915E-03, 0.6956603264638E-02, 0.6683858244387E-03
 0.1335793116463E-02,-0.1620650924315E-02, 0.4076902871202E-02,-0.5626547175354E-03,-0.2525346316697E-02, 0.2456332170888E-02,-0.1009222560188E-02, 0.6615736201637E-02, 0.4465748869938E-03
 0.1078688174078E-02,-0.1855760376466E-02, 0.3765096799816E-02,-0.7280735379668E-03,-0.2637630619709E-02, 0.2227545800901E-02,-0.1224023340771E-02, 0.6309164321969E-02, 0.1315837835556E-03
 0.1090722719590E-02,-0.1856323087039E-02, 0.3763939849146E-02,-0.7318477730687E-03,-0.2612688430497E-02, 0.2254422970133E-02,-0.1230785095197E-02, 0.6345036884981E-02, 0.1462881841097E-03
 0.7486163422021E-03,-0.2154923850417E-02, 0.3303887972039E-02,-0.1145811563025E-02,-0.2944822570280E-02, 0.1980972900536E-02,-0.1445062324939E-02, 0.5863265945909E-02,-0.1688478924955E-03
 0.6953447347846E-03,-0.2208604974612E-02, 0.3198203628981E-02,-0.1214100234630E-02,-0.3037414723133E-02, 0.1820632499300E-02,-0.1503542562955E-02, 0.5755271524271E-02,-0.2623474230295E-03
 0.5999446012794E-03,-0.2267211519944E-02, 0.3061488926634E-02,-0.1306747536834E-02,-0.3123725554244E-02, 0.1628174647140E-02,-0.1625072076944E-02, 0.5638023298312E-02,-0.3706683349108E-03
 0.3749373928604E-03,-0.2382387858657E-02, 0.2808011060117E-02,-0.1512312613053E-02,-0.3229545983522E-02, 0.1398038231389E-02,-0.1882957450923E-02, 0.5447103531595E-02,-0.5332848178958E-03
 0.2007810698077E-02,-0.1016042985842E-02, 0.4379552189488E-02,-0.1527110622485E-03,-0.2009457776325E-02, 0.3124545872500E-02,-0.4401956783515E-03, 0.7341064342957E-02, 0.6837373961909E-03
 0.1738462350144E-02,-0.1244204589103E-02, 0.4396228091024E-02,-0.2934173919958E-03,-0.2246569128237E-02, 0.2850629130134E-02,-0.6629887032642E-03, 0.6984185402768E-02, 0.7072037698089E-03
 0.1459813161289E-02,-0.1493184403154E-02, 0.4189104820153E-02,-0.4428111044422E-03,-0.2397886963338E-02, 0.2586180009267E-02,-0.9001707417335E-03, 0.6644804984231E-02, 0.4852178485281E-03
 0.1202151513628E-02,-0.1729576113404E-02, 0.3877266466502E-02,-0.6094792501677E-03,-0.2511874315289E-02, 0.2357228302357E-02,-0.1115767651222E-02, 0.6339238633637E-02, 0.1700171514493E-03
 0.1214323541590E-02,-0.1730088666660E-02, 0.3876448112436E-02,-0.6131423623026E-03,-0.2486900871996E-02, 0.2384280121332E-02,-0.1122454123061E-02, 0.6375520555384E-02, 0.1848437703470E-03
 0.8709443703412E-03,-0.2030969964142E-02, 0.3415780869372E-02,-0.1028987043775E-02,-0.2821709704391E-02, 0.2109936300230E-02,-0.1338309513105E-02, 0.5894810321449E-02,-0.1310784936983E-03
 0.8171138413257E-03,-0.2085507389857E-02, 0.3309797075152E-02,-0.1098006540213E-02,-0.2915239803149E-02, 0.1949430819039E-02,-0.1397377692425E-02, 0.5787168890029E-02,-0.2246642892342E-03
 0.7210747030813E-03,-0.2145129986711E-02, 0.3172671567226E-02,-0.1191537682404E-02,-0.3002659840489E-02, 0.1756750958086E-02,-0.1519569150115E-02, 0.5670203596908E-02,-0.3338307889427E-03
 0.4952839773721E-03,-0.2261731382882E-02, 0.2918668558141E-02,-0.1398331404848E-02,-0.3110081068248E-02, 0.1526195672610E-02,-0.1778327720762E-02, 0.5479635183476E-02,-0.4987445344724E-03
 0.2153209486376E-02,-0.8680874191565E-03, 0.4513290052981E-02,-0.1219401109624E-04,-0.1875014700313E-02, 0.3237114266090E-02,-0.3397631484057E-03, 0.7417340070686E-02, 0.7772439025873E-03
 0.1884541489513E-02,-0.1096639357862E-02, 0.4530253271642E-02,-0.1533659722306E-03,-0.2113046523458E-02, 0.2964278701625E-02,-0.5622417521307E-03, 0.7062912344535E-02, 0.8005262114439E-03
 0.1605948914332E-02,-0.1346456601485E-02, 0.4323432173331E-02,-0.3037001289601E-03,-0.2265764320449E-02, 0.2700372319647E-02,-0.7995894177363E-03, 0.6725460835871E-02, 0.5783844911179E-03
 0.1347944025053E-02,-0.1583931853275E-02, 0.4011829044452E-02,-0.4714992570185E-03,-0.2381330630445E-02, 0.2471566440790E-02,-0.1015652665795E-02, 0.6421354447264E-02, 0.2629806489575E-03
 0.1360283948747E-02,-0.1584390732685E-02, 0.4011433909797E-02,-0.4750471989905E-03,-0.2356328921187E-02, 0.2498823834341E-02,-0.1022263509369E-02, 0.6458052996682E-02, 0.2779370065623E-03
 0.1015746361086E-02,-0.1887427194358E-02, 0.3550285840607E-02,-0.8927035300563E-03,-0.2693658946079E-02, 0.2223941474971E-02,-0.1239311991563E-02, 0.5978652640485E-02,-0.3896577147260E-04
 0.9613524080986E-03,-0.1942832685138E-02, 0.3443999103552E-02,-0.9624864044276E-03,-0.2788103268236E-02, 0.2063362622690E-02,-0.1298876623225E-02, 0.5871341101104E-02,-0.1329920545097E-03
 0.8646613314564E-03,-0.2003476150442E-02, 0.3306459338722E-02,-0.1056933245551E-02,-0.2876610685289E-02, 0.1870547076465E-02,-0.1421610807657E-02, 0.5754633539544E-02,-0.2424941133009E-03
 0.6380978489196E-03,-0.2121457161044E-02, 0.3051984342850E-02,-0.1264951659564E-02,-0.2985588436240E-02, 0.1639700500523E-02,-0.1681024225047E-02, 0.5564463257169E-02,-0.4075522432507E-03
 0.2298225318611E-02,-0.7227922658095E-03, 0.4646990983764E-02, 0.1242136738679E-03,-0.1753004390690E-02, 0.3333047458491E-02,-0.2440308400212E-03, 0.7518868644124E-02, 0.8972483462352E-03
 0.2030417423446E-02,-0.9515370544983E-03, 0.4664383197687E-02,-0.1723803842175E-04,-0.1991688645682E-02, 0.3061485556852E-02,-0.4660086606411E-03, 0.7166832064724E-02, 0.9203397218621E-03
 0.1752083885085E-02,-0.1201951985297E-02, 0.4458050143322E-02,-0.1683043347315E-03,-0.2145547286598E-02, 0.2798326233464E-02,-0.7033098618208E-03, 0.6831439145314E-02, 0.6980764268272E-03
 0.1493927623781E-02,-0.1440272679179E-02, 0.4146868974810E-02,-0.3370337657186E-03,-0.2262453278016E-02, 0.2569860685045E-02,-0.9196342692024E-03, 0.6528984932073E-02, 0.3825120347351E-03
 0.1506430112270E-02,-0.1440681067543E-02, 0.4146898593456E-02,-0.3404775299480E-03,-0.2237432489204E-02, 0.2597313095592E-02,-0.9261755787622E-03, 0.6566049996065E-02, 0.3975850598930E-03
 0.1160958613357E-02,-0.1745573840074E-02, 0.3685470911912E-02,-0.7596762343542E-03,-0.2576899170676E-02, 0.2322175699986E-02,-0.1144152005140E-02, 0.6088072808812E-02, 0.7969425379766E-04
 0.1106055871482E-02,-0.1801770619148E-02, 0.3578920720147E-02,-0.8301573945067E-03,-0.2672141714826E-02, 0.2161592385368E-02,-0.1204146464068E-02, 0.5981055457716E-02,-0.1495431413520E-04
 0.1008778446720E-02,-0.1863339137270E-02, 0.3441024736361E-02,-0.9254362320330E-03,-0.2761606062318E-02, 0.1968719484954E-02,-0.1327338499290E-02, 0.5864583945841E-02,-0.1244195063482E-03
 0.7815544452328E-03,-0.1982535099410E-02, 0.3186199196696E-02,-0.1134531042046E-02,-0.2871948766747E-02, 0.1737710220443E-02,-0.1587258497546E-02, 0.5674848297334E-02,-0.2881939523192E-03
 0.2295750108009E-02,-0.7133867994223E-03, 0.4636686221057E-02, 0.1287048939927E-03,-0.1744927297097E-02, 0.3316925964349E-02,-0.2466735363920E-03, 0.7507942159480E-02, 0.9021928613965E-03
 0.2027997868235E-02,-0.9421506932020E-03, 0.4654197476194E-02,-0.1282250968110E-04,-0.1983656832726E-02, 0.3045486048053E-02,-0.4686155741112E-03, 0.7156292940584E-02, 0.9251682872319E-03
 0.1749786263969E-02,-0.1192612096646E-02, 0.4448178723373E-02,-0.1639306990872E-03,-0.2137607241926E-02, 0.2782541077550E-02,-0.7058801153174E-03, 0.6821405252444E-02, 0.7029343111745E-03
 0.1491793082778E-02,-0.1430988302466E-02, 0.4137420272758E-02,-0.3326626896939E-03,-0.2254616829167E-02, 0.2554341985248E-02,-0.9221646304779E-03, 0.6519522741121E-02, 0.3874792880854E-03
 0.1504115941491E-02,-0.1431430678308E-02, 0.4137038453161E-02,-0.3362029083441E-03,-0.2229622402770E-02, 0.2581564689289E-02,-0.9287544141491E-03, 0.6556284888824E-02, 0.4024216440429E-03
 0.1159173139895E-02,-0.1736354292077E-02, 0.3676845518814E-02,-0.7551701363832E-03,-0.2569166755661E-02, 0.2307185164882E-02,-0.1146583464530E-02, 0.6079747833170E-02, 0.8485952025693E-04
 0.1104392971365E-02,-0.1792572243073E-02, 0.3570570843960E-02,-0.8256046470063E-03,-0.2664440707771E-02, 0.2146834140437E-02,-0.1206527789755E-02, 0.5973030836571E-02,-0.9704434690834E-05
 0.1007279981114E-02,-0.1854167148349E-02, 0.3433029478527E-02,-0.9208232040494E-03,-0.2753949369660E-02, 0.1954244243468E-02,-0.1329649638261E-02, 0.5856952119490E-02,-0.1190891907338E-03
 0.7803196513963E-03,-0.1973404245519E-02, 0.3178765053520E-02,-0.1129823448688E-02,-0.2864369279229E-02, 0.1723622626714E-02,-0.1589464698410E-02, 0.5667905162880E-02,-0.2827833131766E-03
 0.2499797716571E-02,-0.5259529923797E-03, 0.4828014757582E-02, 0.2927000926867E-03,-0.1613011356147E-02, 0.3474563722149E-02,-0.4839994797708E-04, 0.7695147961255E-02, 0.1104690998714E-02
 0.2233473524660E-02,-0.7546643196866E-03, 0.4846093439867E-02, 0.1511500737581E-03,-0.1852080138833E-02, 0.3204992637960E-02,-0.2697192379933E-03, 0.7346441739518E-02, 0.1127386239121E-02
 0.1955885517701E-02,-0.1005550173325E-02, 0.4640818784078E-02,-0.5884646033166E-06,-0.2007105640276E-02, 0.2943187397149E-02,-0.5069811487347E-03, 0.7014304692625E-02, 0.9050426258601E-03
 0.1697915744857E-02,-0.1244689921475E-02, 0.4330718657327E-02,-0.1702471174636E-03,-0.2125512421754E-02, 0.2715519366394E-02,-0.7237107813649E-03, 0.6714682592128E-02, 0.5894295057175E-03
 0.1710584393246E-02,-0.1245033673467E-02, 0.4331270028567E-02,-0.1735756619336E-03,-0.2100505826258E-02, 0.2743164208556E-02,-0.7301570653748E-03, 0.6752100817842E-02, 0.6046142864505E-03
 0.1364359098160E-02,-0.1552048574034E-02, 0.3870153459404E-02,-0.5942511469445E-03,-0.2442168069932E-02, 0.2468080401755E-02,-0.9496736169459E-03, 0.6276766316517E-02, 0.2854721319361E-03
 0.1308839233601E-02,-0.1609243438130E-02, 0.3763366741787E-02,-0.6655430211909E-03,-0.2538289938236E-02, 0.2307603688272E-02,-0.1010427310737E-02, 0.6170179808438E-02, 0.1897233024474E-03
 0.1210899979172E-02,-0.1671972084738E-02, 0.3625178391030E-02,-0.7617724980384E-03,-0.2628842307757E-02, 0.2114819102970E-02,-0.1134417783712E-02, 0.6054129427906E-02, 0.8089870803867E-04
 0.9830975630774E-03,-0.1792627081834E-02, 0.3370289241608E-02,-0.9719978496850E-03,-0.2740751032302E-02, 0.1883874357567E-02,-0.1395186482257E-02, 0.5865331455720E-02,-0.7892340368132E-04
 0.2556298782413E-02,-0.4794030123533E-03, 0.4869182472484E-02, 0.3319858478560E-03,-0.1557402558406E-02, 0.3546664317782E-02, 0.1890709418479E-04, 0.7729972053641E-02, 0.1149452825699E-02
 0.2290571457681E-02,-0.7078516365324E-03, 0.4887574781325E-02, 0.1905477834889E-03,-0.1796581689237E-02, 0.3277754933259E-02,-0.2021253758801E-03, 0.7382519531587E-02, 0.1172149672511E-02
 0.2013406891324E-02,-0.9586443362525E-03, 0.4682831562566E-02, 0.3877443430208E-04,-0.1951931838516E-02, 0.3016476950067E-02,-0.4392699121794E-03, 0.7051583686965E-02, 0.9499989731614E-03
 0.1755700684459E-02,-0.1197819895388E-02, 0.4373310868933E-02,-0.1309853038918E-03,-0.2070761612186E-02, 0.2789172315934E-02,-0.6560220038362E-03, 0.6753013695012E-02, 0.6346185038769E-03
 0.1768378285761E-02,-0.1198152144955E-02, 0.4373972784355E-02,-0.1342993746940E-03,-0.2045751479710E-02, 0.2816821605299E-02,-0.6624461208505E-03, 0.6790498493535E-02, 0.6498034315295E-03
 0.1422245753676E-02,-0.1505474727405E-02, 0.3913369267945E-02,-0.5550683640500E-03,-0.2388094456477E-02, 0.2541850885747E-02,-0.8823308097164E-03, 0.6316367970066E-02, 0.3306393604143E-03
 0.1366605364371E-02,-0.1562880947442E-02, 0.3806612865046E-02,-0.6265196684227E-03,-0.2484506749062E-02, 0.2381420801363E-02,-0.9433039872373E-03, 0.6210005426415E-02, 0.2347389217934E-03
 0.1268562923020E-02,-0.1625860082691E-02, 0.3668473509605E-02,-0.7229270999136E-03,-0.2575407751973E-02, 0.2188715509791E-02,-0.1067507894076E-02, 0.6094206494052E-02, 0.1260341918378E-03
 0.1040773352546E-02,-0.1746802417548E-02, 0.3413806788415E-02,-0.9333028667145E-03,-0.2687791062736E-02, 0.1957913290286E-02,-0.1328456189930E-02, 0.5905913722037E-02,-0.3312261450859E-04
 0.2618209940665E-02,-0.4268662214821E-03, 0.4918633817109E-02, 0.3894260929811E-03,-0.1480248594457E-02, 0.3626769033950E-02, 0.8553102070607E-04, 0.7775078226788E-02, 0.1204000294154E-02
 0.2353214910429E-02,-0.6549672535260E-03, 0.4937418529487E-02, 0.2480976052256E-03,-0.1719647466975E-02, 0.3358664637955E-02,-0.1350833279183E-03, 0.7429067451500E-02, 0.1226735674083E-02
 0.2076558206549E-02,-0.9056144401776E-03, 0.4733262471776E-02, 0.9625740236812E-04,-0.1875423133771E-02, 0.3098005852429E-02,-0.3720048282169E-03, 0.7099487471238E-02, 0.1004810031760E-02
 0.1819159469202E-02,-0.1144800600409E-02, 0.4424351316220E-02,-0.7365651059756E-04,-0.1994779330252E-02, 0.2871113122489E-02,-0.5887010814239E-03, 0.6802081081004E-02, 0.6896799822963E-03
 0.1831874899112E-02,-0.1145115511173E-02, 0.4425212266710E-02,-0.7693970304115E-04,-0.1969746392051E-02, 0.2898804977329E-02,-0.5950942544372E-03, 0.6839703801365E-02, 0.7048850474797E-03
 0.1485814454812E-02,-0.1452761117495E-02, 0.3965006400546E-02,-0.4979534468777E-03,-0.2313048253883E-02, 0.2623907609845E-02,-0.8152882514994E-03, 0.6366760250631E-02, 0.3856331223945E-03
 0.1430033463696E-02,-0.1510402234274E-02, 0.3858244657243E-02,-0.5696381652582E-03,-0.2409857189393E-02, 0.2463510290728E-02,-0.8764732691365E-03, 0.6260617149406E-02, 0.2895224412539E-03
 0.1331861257921E-02,-0.1573660721772E-02, 0.3720104594174E-02,-0.6663070884326E-03,-0.2501219728516E-02, 0.2270863579152E-02,-0.1000875549861E-02, 0.6145048471249E-02, 0.1809711669790E-03
 0.1104058668453E-02,-0.1694919178910E-02, 0.3465597114252E-02,-0.8769302448761E-03,-0.2614213837115E-02, 0.2040177712171E-02,-0.1261962324688E-02, 0.5957226376484E-02, 0.2269248031410E-04
 0.2711731327204E-02,-0.3379176832883E-03, 0.5007253599757E-02, 0.5011154226488E-03,-0.1358196729882E-02, 0.3720209729150E-02, 0.1662136967864E-03, 0.7864835824354E-02, 0.1305152384808E-02
 0.2447778081491E-02,-0.5656455536522E-03, 0.5026583379198E-02, 0.3598117961524E-03,-0.1598047740632E-02, 0.3453327931724E-02,-0.5373153011594E-04, 0.7520801617806E-02, 0.1327891082592E-02
 0.2171751640919E-02,-0.8162199063912E-03, 0.4823110880692E-02, 0.2076980095446E-03,-0.1754554838103E-02, 0.3193524130779E-02,-0.2902939512983E-03, 0.7193061527554E-02, 0.1106130211236E-02
 0.1914652043406E-02,-0.1055559408484E-02, 0.4514842490775E-02, 0.3735525248867E-04,-0.1874782162395E-02, 0.2967145874390E-02,-0.5068874222701E-03, 0.6897195826003E-02, 0.7911531698365E-03
 0.1927492897913E-02,-0.1055836358904E-02, 0.4516132501440E-02, 0.3415321471885E-04,-0.1849698014983E-02, 0.2994992885978E-02,-0.5132216186333E-03, 0.6935136333037E-02, 0.8064412215546E-03
 0.1581233529227E-02,-0.1364208528650E-02, 0.4055943582857E-02,-0.3876924143143E-03,-0.2194654051836E-02, 0.2720056187576E-02,-0.7338229356205E-03, 0.6463408678624E-02, 0.4866841732987E-03
 0.1525182783136E-02,-0.1422269581856E-02, 0.3949039813857E-02,-0.4598629819554E-03,-0.2292120131799E-02, 0.2559670707753E-02,-0.7952864839011E-03, 0.6357472834864E-02, 0.3900613803875E-03
 0.1426720438351E-02,-0.1486022720716E-02, 0.3810714473613E-02,-0.5570882691421E-03,-0.2384239475886E-02, 0.2367028759051E-02,-0.9199536760559E-03, 0.6242076880228E-02, 0.2818225636659E-03
 0.1198708540354E-02,-0.1607868762909E-02, 0.3556128541213E-02,-0.7683359484140E-03,-0.2498236964568E-02, 0.2136358308020E-02,-0.1181229349188E-02, 0.6054646866596E-02, 0.1254498525974E-03
 0.2876488836367E-02,-0.7000209345356E-03, 0.5586220177978E-02, 0.4841344797675E-03,-0.1907310766851E-02, 0.4086846185444E-02,-0.7859357370848E-05,-0.1409383154144E-02, 0.1504260404452E-02
 0.2595705782173E-02,-0.9368352062053E-03, 0.5590970535443E-02, 0.3355373009925E-03,-0.2149027990949E-02, 0.3800443500080E-02,-0.2375790080458E-03,-0.1623991180315E-02, 0.1521036331782E-02
 0.2306775476434E-02,-0.1191915594827E-02, 0.5370362433651E-02, 0.1792040222233E-03,-0.2303118686143E-02, 0.3525090361404E-02,-0.4809117842729E-03,-0.1852353318385E-02, 0.1289671307716E-02
 0.2039709681662E-02,-0.1432907864189E-02, 0.5044489992818E-02, 0.5774095092506E-05,-0.2419193644338E-02, 0.3286475041196E-02,-0.7019897832778E-03,-0.2063604720564E-02, 0.9642627342247E-03
 0.2056191124904E-02,-0.1430459849767E-02, 0.5049184345500E-02, 0.5703106216066E-05,-0.2391431307795E-02, 0.3318162770081E-02,-0.7055550033697E-03,-0.2076552867626E-02, 0.9828904392825E-03
 0.1691218675067E-02,-0.1743211100279E-02, 0.4557328574893E-02,-0.4298178977224E-03,-0.2735739517342E-02, 0.3022210943308E-02,-0.9339098385238E-03,-0.2311315926106E-02, 0.6477045468638E-03
 0.1631480689274E-02,-0.1800695046849E-02, 0.4442267459605E-02,-0.5039291703642E-03,-0.2831781456237E-02, 0.2853483250002E-02,-0.9966459905585E-03,-0.2337945085382E-02, 0.5446187470362E-03
 0.1528494983391E-02,-0.1863464230206E-02, 0.4295067652867E-02,-0.6032083044080E-03,-0.2921709238303E-02, 0.2651687478468E-02,-0.1123603321816E-02,-0.2400680944529E-02, 0.4404116187773E-03
 0.1292572008596E-02,-0.1984316413676E-02, 0.4027365339256E-02,-0.8183735577884E-03,-0.3032052744723E-02, 0.2410320392218E-02,-0.1389559654509E-02,-0.2575216750200E-02, 0.3066455188374E-03
 0.2996631034576E-02,-0.5715308978846E-03, 0.5694617498149E-02, 0.6040566885518E-03,-0.1776605911370E-02, 0.4212141567163E-02, 0.1007643982907E-03,-0.1366825639671E-02, 0.1541845478326E-02
 0.2716440577725E-02,-0.8088200107912E-03, 0.5699798284559E-02, 0.4549922487771E-03,-0.2019383352571E-02, 0.3926647362281E-02,-0.1289185362415E-03,-0.1581281493070E-02, 0.1558619991026E-02
 0.2427567260839E-02,-0.1064829436671E-02, 0.5479530575034E-02, 0.2977535831414E-03,-0.2174967088817E-02, 0.3651754579031E-02,-0.3726599066258E-03,-0.1809883200854E-02, 0.1327236271278E-02
 0.2160226542434E-02,-0.1306971929942E-02, 0.5153906382941E-02, 0.1232629171273E-03,-0.2292675532415E-02, 0.3413258725567E-02,-0.5944000204803E-03,-0.2021591106386E-02, 0.1001753446956E-02
 0.2176877101384E-02,-0.1304462232751E-02, 0.5158929349734E-02, 0.1233318169137E-03,-0.2264880087501E-02, 0.3445149850878E-02,-0.5978729496531E-03,-0.2034531129200E-02, 0.1020535045386E-02
 0.1811004735118E-02,-0.1619307136332E-02, 0.4666956604518E-02,-0.3137855141038E-03,-0.2611740190903E-02, 0.3148639840620E-02,-0.8276377090731E-03,-0.2270166884149E-02, 0.6847269960864E-03
 0.1750822723533E-02,-0.1677587589020E-02, 0.4551744961073E-02,-0.3885445774183E-03,-0.2708680723459E-02, 0.2979903706537E-02,-0.8909021594567E-03,-0.2297198028591E-02, 0.5816318429208E-03
 0.1647331317249E-02,-0.1741309097052E-02, 0.4404292255866E-02,-0.4886145035429E-03,-0.2799678311766E-02, 0.2778060963908E-02,-0.1018447065698E-02,-0.2360388865236E-02, 0.4766001270277E-03
 0.1410834024206E-02,-0.1863496027188E-02, 0.4136286069691E-02,-0.7048610157359E-03,-0.2911571645980E-02, 0.2536495002129E-02,-0.1285159966648E-02,-0.2535487535452E-02, 0.3404703902271E-03
 0.3138779096506E-02,-0.4239803667433E-03, 0.5824694507717E-02, 0.7431074365467E-03,-0.1641376344922E-02, 0.4321707520332E-02, 0.2005019824088E-03,-0.1273340635416E-02, 0.1633906328285E-02
 0.2859591959163E-02,-0.6614865213963E-03, 0.5830592316564E-02, 0.5938186913936E-03,-0.1884962545716E-02, 0.4037598914165E-02,-0.2872242100916E-04,-0.1487526931357E-02, 0.1650680022278E-02
 0.2571105703577E-02,-0.9181672485918E-03, 0.5611014773544E-02, 0.4358679898586E-03,-0.2041850765508E-02, 0.3763543916720E-02,-0.2724838796018E-03,-0.1716328883605E-02, 0.1419351790145E-02
 0.2303730275070E-02,-0.1161242970202E-02, 0.5285964998668E-02, 0.2604569579357E-03,-0.2161056077947E-02, 0.3525457802773E-02,-0.4945561810926E-03,-0.1928527365659E-02, 0.1093871119227E-02
 0.2320594680140E-02,-0.1158669457992E-02, 0.5291415765456E-02, 0.2606768066950E-03,-0.2133234102621E-02, 0.3557607380865E-02,-0.4979352149964E-03,-0.1941415910665E-02, 0.1112822570433E-02
 0.1953951680579E-02,-0.1475461084159E-02, 0.4799461233395E-02,-0.1779395930972E-03,-0.2482478275364E-02, 0.3260853324477E-02,-0.7287284636636E-03,-0.2178237413164E-02, 0.7762504103917E-03
 0.1893325893219E-02,-0.1534547489558E-02, 0.4684107654770E-02,-0.2533737091293E-03,-0.2580294005162E-02, 0.3092183409408E-02,-0.7924323713698E-03,-0.2205806109652E-02, 0.6728107484540E-03
 0.1789321095000E-02,-0.1599223207499E-02, 0.4536412567252E-02,-0.3542602888582E-03,-0.2672338721710E-02, 0.2890355929357E-02,-0.9204520625231E-03,-0.2269610234872E-02, 0.5674878909083E-03
 0.1552271272835E-02,-0.1722691548177E-02, 0.4268170687168E-02,-0.5715707597987E-03,-0.2785731849529E-02, 0.2648686548551E-02,-0.1187715491498E-02,-0.2445469524007E-02, 0.4311840948088E-03
 0.3281057498898E-02,-0.2789126547386E-03, 0.5955091728373E-02, 0.8782932415668E-03,-0.1518513414622E-02, 0.4415250988081E-02, 0.2957676434937E-03,-0.1155409351530E-02, 0.1752496245984E-02
 0.3003047125888E-02,-0.5164439278673E-03, 0.5961798368468E-02, 0.7289631971326E-03,-0.1762644314744E-02, 0.4132697855301E-02, 0.6718472593567E-04,-0.1369277283294E-02, 0.1769250773451E-02
 0.2715143386167E-02,-0.7735591934350E-03, 0.5743090388530E-02, 0.5705051387284E-03,-0.1920578783943E-02, 0.3859656930368E-02,-0.1763894482450E-03,-0.1598233536060E-02, 0.1538030730805E-02
 0.2447917687152E-02,-0.1017331856280E-02, 0.5418813227400E-02, 0.3943701075194E-03,-0.2041041708022E-02, 0.3622147265329E-02,-0.3985941380882E-03,-0.1810895824606E-02, 0.1212624809000E-02
 0.2464992479834E-02,-0.1014700422508E-02, 0.5424709933899E-02, 0.3947290672267E-03,-0.2013204409489E-02, 0.3654551135272E-02,-0.4018875513251E-03,-0.1823707888708E-02, 0.1231732302610E-02
 0.2097786040902E-02,-0.1333142993154E-02, 0.4932933116935E-02,-0.4512670865188E-04,-0.2364452464024E-02, 0.3357797923103E-02,-0.6334521009207E-03,-0.2061809368145E-02, 0.8944100917337E-03
 0.2036764646422E-02,-0.1392961949568E-02, 0.4817468474702E-02,-0.1211749511520E-03,-0.2463030765901E-02, 0.3189244332129E-02,-0.6975332633152E-03,-0.2089958322526E-02, 0.7904492596573E-03
 0.1932305150390E-02,-0.1458499235193E-02, 0.4669582618291E-02,-0.2227988902244E-03,-0.2555994842167E-02, 0.2987487933828E-02,-0.8259479927459E-03,-0.2154423603157E-02, 0.6852201978598E-03
 0.1694806762317E-02,-0.1583086902951E-02, 0.4401221930567E-02,-0.4410303810912E-03,-0.2670697561678E-02, 0.2745816082634E-02,-0.1093620374001E-02,-0.2331096363420E-02, 0.5501984707723E-03
 0.3275737138467E-02,-0.2712547681425E-03, 0.5940884202080E-02, 0.8804192932835E-03,-0.1511729059315E-02, 0.4396315366399E-02, 0.2912258744828E-03,-0.1138903529952E-02, 0.1754872160450E-02
 0.2997823737835E-02,-0.5087867960880E-03, 0.5948156907384E-02, 0.7310389599632E-03,-0.1755902939406E-02, 0.4113923084323E-02, 0.6268417146047E-04,-0.1352771599545E-02, 0.1771528110864E-02
 0.2710112235207E-02,-0.7659254529994E-03, 0.5729921211781E-02, 0.5725847267119E-03,-0.1913922701683E-02, 0.3841165378290E-02,-0.1808332588807E-03,-0.1581757214913E-02, 0.1540397075500E-02
 0.2443132767137E-02,-0.1009727199962E-02, 0.5406080885903E-02, 0.3965040393038E-03,-0.2034479019653E-02, 0.3604003502759E-02,-0.4029693816117E-03,-0.1794472477887E-02, 0.1215178702076E-02
 0.2459977583474E-02,-0.1007145693480E-02, 0.5411184069383E-02, 0.3967322180155E-03,-0.2006671989309E-02, 0.3636109973221E-02,-0.4063325330556E-03,-0.1807258289692E-02, 0.1234114295931E-02
 0.2093490480884E-02,-0.1325545808379E-02, 0.4921201425856E-02,-0.4274691488663E-04,-0.2357964016688E-02, 0.3340312261036E-02,-0.6376695645266E-03,-0.2045540353970E-02, 0.8972785319143E-03
 0.2032633768908E-02,-0.1385363429227E-02, 0.4806116170060E-02,-0.1187137276927E-03,-0.2456557384264E-02, 0.3172036372033E-02,-0.7016772622808E-03,-0.2073807997841E-02, 0.7934523745923E-03
 0.1928395326344E-02,-0.1450900089948E-02, 0.4658698677281E-02,-0.2202326625491E-03,-0.2549547514325E-02, 0.2970621954992E-02,-0.8299925386704E-03,-0.2138387374710E-02, 0.6883223339770E-03
 0.1691256639675E-02,-0.1575490912125E-02, 0.4391022532666E-02,-0.4382971431383E-03,-0.2664306544209E-02, 0.2729430247954E-02,-0.1097517274524E-02,-0.2315145431411E-02, 0.5533485337188E-03
 0.3478503232036E-02,-0.8239894264679E-04, 0.6131408889718E-02, 0.1045096093941E-02,-0.1377452850932E-02, 0.4553098239839E-02, 0.4905401906041E-03,-0.9521327854794E-03, 0.1957476451224E-02
 0.3202417612793E-02,-0.3196681877935E-03, 0.6139229480018E-02, 0.8959926711401E-03,-0.1621830557894E-02, 0.4272936703593E-02, 0.2628336681005E-03,-0.1165491880602E-02, 0.1974061827212E-02
 0.2915726796975E-02,-0.5770261332705E-03, 0.5922117305332E-02, 0.7371792483392E-03,-0.1780804116951E-02, 0.4001648209119E-02, 0.1953164728967E-04,-0.1394592427764E-02, 0.1743130343445E-02
 0.2649130779968E-02,-0.8214066511319E-03, 0.5599468073488E-02, 0.5604092930204E-03,-0.1902653930148E-02, 0.3765297316539E-02,-0.2028589331233E-03,-0.1607858646416E-02, 0.1418076472897E-02
 0.2666423216701E-02,-0.8187091574336E-03, 0.5605986893869E-02, 0.5609193672072E-03,-0.1874838123809E-02, 0.3797960418270E-02,-0.2060454446400E-03,-0.1620516141270E-02, 0.1437335541092E-02
 0.2299023123949E-02,-0.1138970892223E-02, 0.5115141269635E-02, 0.1200136547564E-03,-0.2228103927138E-02, 0.3501666577553E-02,-0.4388780179358E-03,-0.1860584975982E-02, 0.1099179463345E-02
 0.2237546695746E-02,-0.1199703352426E-02, 0.4999636229305E-02, 0.4327269124815E-04,-0.2327512582714E-02, 0.3333397731192E-02,-0.5036336353721E-03,-0.1889651119562E-02, 0.9942802831605E-03
 0.2132619429075E-02,-0.1266307736918E-02, 0.4851688064389E-02,-0.5916746059143E-04,-0.2421511710740E-02, 0.3131925295888E-02,-0.6327313752060E-03,-0.1955140534532E-02, 0.8897995907384E-03
 0.1894864495183E-02,-0.1392212819090E-02, 0.4583635250653E-02,-0.2783096198226E-03,-0.2537702337010E-02, 0.2890573318370E-02,-0.9010547917210E-03,-0.2133019185037E-02, 0.7587765896049E-03
 0.3533486476909E-02,-0.3608330821160E-04, 0.6171137963967E-02, 0.1083704061574E-02,-0.1321533679441E-02, 0.4623228101587E-02, 0.5573988821022E-03,-0.9082206194555E-03, 0.2001377701229E-02
 0.3258131876988E-02,-0.2730239205268E-03, 0.6179310605806E-02, 0.9348088127002E-03,-0.1565975189679E-02, 0.4343882338312E-02, 0.3300483467771E-03,-0.1121208399965E-02, 0.2018043105135E-02
 0.2972015344383E-02,-0.5302216184290E-03, 0.5962877153932E-02, 0.7760610851772E-03,-0.1725231030429E-02, 0.4073288406192E-02, 0.8694242711759E-04,-0.1350102663035E-02, 0.1787413638344E-02
 0.2705830336740E-02,-0.7745749401393E-03, 0.5641001130523E-02, 0.5992858763496E-03,-0.1847465468165E-02, 0.3837458195741E-02,-0.1353939761571E-03,-0.1563300877388E-02, 0.1462706451100E-02
 0.2723137187668E-02,-0.7718702990103E-03, 0.5647771784846E-02, 0.5998126549444E-03,-0.1819653376348E-02, 0.3870128756059E-02,-0.1385610864836E-03,-0.1575921105067E-02, 0.1481968622089E-02
 0.2356028726928E-02,-0.1092342607868E-02, 0.5157575457824E-02, 0.1589530041604E-03,-0.2173527200502E-02, 0.3574136501902E-02,-0.3716586306751E-03,-0.1816199034841E-02, 0.1143927516227E-02
 0.2294485416106E-02,-0.1153259135533E-02, 0.5042139870017E-02, 0.8209114614287E-04,-0.2273206266806E-02, 0.3405996757429E-02,-0.4366035410433E-03,-0.1845441282143E-02, 0.1038924544691E-02
 0.2189521352649E-02,-0.1220082914788E-02, 0.4894295265553E-02,-0.2048210129367E-04,-0.2367532245332E-02, 0.3204699919837E-02,-0.5658717247197E-03,-0.1911110963696E-02, 0.9345947837439E-03
 0.1951892225036E-02,-0.1346228037428E-02, 0.4626596257670E-02,-0.2397025692521E-03,-0.2484166220177E-02, 0.2963617618064E-02,-0.8342993451308E-03,-0.2089132070900E-02, 0.8042498933776E-03
 0.3594142406775E-02, 0.1644817250827E-04, 0.6219580936817E-02, 0.1140634442675E-02,-0.1243751640072E-02, 0.4701595803583E-02, 0.6238318747389E-03,-0.8565497972084E-03, 0.2055300576917E-02
 0.3319668927794E-02,-0.2200699069044E-03, 0.6228107274370E-02, 0.9919638228244E-03,-0.1488352846199E-02, 0.4423223885005E-02, 0.3969758975474E-03,-0.1069082045515E-02, 0.2072094236020E-02
 0.3034220738199E-02,-0.4770470727433E-03, 0.6012406033152E-02, 0.8332650560245E-03,-0.1647982383649E-02, 0.4153425259420E-02, 0.1541757892484E-03,-0.1297716968341E-02, 0.1841810431804E-02
 0.2768496426751E-02,-0.7213416762668E-03, 0.5691366849879E-02, 0.6564446160992E-03,-0.1770697748533E-02, 0.3918168807983E-02,-0.6802635520756E-04,-0.1510820826419E-02, 0.1517477570507E-02
 0.2785856716270E-02,-0.7186222908914E-03, 0.5698579626108E-02, 0.6570109498318E-03,-0.1742872415738E-02, 0.3950897394831E-02,-0.7116220689031E-04,-0.1523397770042E-02, 0.1536770398335E-02
 0.2419013793332E-02,-0.1039316601401E-02, 0.5208833204036E-02, 0.2160646121690E-03,-0.2097615945047E-02, 0.3655157952176E-02,-0.3044683727870E-03,-0.1763900391263E-02, 0.1198778301625E-02
 0.2357385290886E-02,-0.1100440133578E-02, 0.5093421841796E-02, 0.1390115119778E-03,-0.2197668939628E-02, 0.3487134924812E-02,-0.3695955787772E-03,-0.1793333764624E-02, 0.1093614221816E-02
 0.2252357916048E-02,-0.1167511636140E-02, 0.4945619107228E-02, 0.3622579738586E-04,-0.2292432119244E-02, 0.3285993137407E-02,-0.4990214978917E-03,-0.1859202194207E-02, 0.9894719797168E-03
 0.2014826107391E-02,-0.1293924052070E-02, 0.4678203740746E-02,-0.1831604432945E-03,-0.2409641174506E-02, 0.3045152319658E-02,-0.7675170663733E-03,-0.2037385176706E-02, 0.8600251762965E-03
 0.3686595346230E-02, 0.1058279950317E-03, 0.6307487985428E-02, 0.1252025776624E-02,-0.1120404026738E-02, 0.4793776608078E-02, 0.7047836853966E-03,-0.7624382680699E-03, 0.2156055723855E-02
 0.3413381344798E-02,-0.1302020357741E-03, 0.6316473357782E-02, 0.1103561150658E-02,-0.1365362540897E-02, 0.4516845172366E-02, 0.4787058706846E-03,-0.9744260515362E-03, 0.2172979734070E-02
 0.3128782192228E-02,-0.3869939654598E-03, 0.6101657520857E-02, 0.9447603703718E-03,-0.1525644382932E-02, 0.4248108982070E-02, 0.2363735543788E-03,-0.1202848001501E-02, 0.1943039103458E-02
 0.2863557444752E-02,-0.6313402490641E-03, 0.5781586911300E-02, 0.7676686342952E-03,-0.1649163614539E-02, 0.4013548526248E-02, 0.1437225047083E-04,-0.1415996372020E-02, 0.1619043613892E-02
 0.2881086669467E-02,-0.6285798837485E-03, 0.5789604424874E-02, 0.7683439383584E-03,-0.1621298884427E-02, 0.4046484712178E-02, 0.1130543281084E-04,-0.1428499493319E-02, 0.1638451660391E-02
 0.2514269390002E-02,-0.9498656981823E-03, 0.5299867120871E-02, 0.3267930888860E-03,-0.1977570493256E-02, 0.3750876774256E-02,-0.2222952641853E-03,-0.1669641390948E-02, 0.1300127185392E-02
 0.2452443338052E-02,-0.1011372716928E-02, 0.5184356011239E-02, 0.2493129051109E-03,-0.2078250954887E-02, 0.3582955425849E-02,-0.2876664877993E-03,-0.1699433424900E-02, 0.1194519001342E-02
 0.2347207707027E-02,-0.1078898595082E-02, 0.5036419830740E-02, 0.1460383177429E-03,-0.2173739786814E-02, 0.3381915922355E-02,-0.4173134333237E-03,-0.1765698845339E-02, 0.1090739932599E-02
 0.2109596324912E-02,-0.1205835330108E-02, 0.4769065383436E-02,-0.7385527037767E-04,-0.2291904755620E-02, 0.3141212383663E-02,-0.6859241590482E-03,-0.1944307929885E-02, 0.9632368005431E-03
 0.3981844273202E-02,-0.1477164400782E-03,-0.2972756820918E-02, 0.1353667507548E-02,-0.1574614915234E-02, 0.5289319201431E-02, 0.6411318993801E-03,-0.1268584805437E-02, 0.2473966629498E-02
 0.3688978490202E-02,-0.3952536818297E-03,-0.2919243879293E-02, 0.1195543410082E-02,-0.1822919330243E-02, 0.4990093561963E-02, 0.4036038007328E-03,-0.1487405184797E-02, 0.2483019008487E-02
 0.3388668180235E-02,-0.6584038445013E-03,-0.3088915657283E-02, 0.1030301456114E-02,-0.1982058742489E-02, 0.4703164261521E-02, 0.1528764726029E-03,-0.1719956850217E-02, 0.2241220709692E-02
 0.3110847991365E-02,-0.9058831865844E-03,-0.3343730704537E-02, 0.8480493926770E-03,-0.2102565672162E-02, 0.4453966213033E-02,-0.7512238402623E-04,-0.1935187328152E-02, 0.1904540952165E-02
 0.3132029181931E-02,-0.9001252295303E-03,-0.3349143349715E-02, 0.8519440447133E-03,-0.2071664901530E-02, 0.4490640365300E-02,-0.7519298037776E-04,-0.1946155994691E-02, 0.1927315719616E-02
 0.2742416569163E-02,-0.1228694442950E-02,-0.3556624805417E-02, 0.3929459255272E-03,-0.2429812164533E-02, 0.4170503523636E-02,-0.3192238788487E-03,-0.2189474827386E-02, 0.1570413937129E-02
 0.2675605795336E-02,-0.1290538372572E-02,-0.3604599043025E-02, 0.3123937472810E-03,-0.2529853787624E-02, 0.3992774992877E-02,-0.3867684328271E-03,-0.2217854425281E-02, 0.1456738753870E-02
 0.2564376522833E-02,-0.1358061295983E-02,-0.3717195508814E-02, 0.2058137295767E-03,-0.2623984360843E-02, 0.3780986195917E-02,-0.5197617160245E-03,-0.2283011628930E-02, 0.1357449542621E-02
 0.2316712409012E-02,-0.1485303307803E-02,-0.3972117280334E-02,-0.1981478484357E-04,-0.2739561408333E-02, 0.3527590526136E-02,-0.7945433720713E-03,-0.2461911718510E-02, 0.1256641620263E-02
 0.4097594387554E-02,-0.2043420288413E-04,-0.2849319113888E-02, 0.1471444284678E-02,-0.1443875315775E-02, 0.5410309324563E-02, 0.7482077062179E-03,-0.1225849239443E-02, 0.2509915310338E-02
 0.3805637550127E-02,-0.2682602418706E-03,-0.2797495822026E-02, 0.1313086716256E-02,-0.1693113752994E-02, 0.5112323120586E-02, 0.5108733507658E-03,-0.1444476796417E-02, 0.2519151823237E-02
 0.3505714493153E-02,-0.5321639586237E-03,-0.2969199530340E-02, 0.1147165761434E-02,-0.1853640666481E-02, 0.4826187483761E-02, 0.2599033282468E-03,-0.1677224185638E-02, 0.2277507354712E-02
 0.3227931170432E-02,-0.7806353719405E-03,-0.3226104220531E-02, 0.9640647521538E-03,-0.1975690264598E-02, 0.4577415559955E-02, 0.3139946096762E-04,-0.1892871176583E-02, 0.1940905846509E-02
 0.3249315726258E-02,-0.7748006146477E-03,-0.3231509868500E-02, 0.9681330969186E-03,-0.1944752958157E-02, 0.4614351139722E-02, 0.3144214227257E-04,-0.1903807852698E-02, 0.1963876872730E-02
 0.2859207542940E-02,-0.1105241363453E-02,-0.3442212473363E-02, 0.5078558979992E-03,-0.2305294348165E-02, 0.4294015434864E-02,-0.2138025186449E-03,-0.2147983041555E-02, 0.1606527478059E-02
 0.2792080426554E-02,-0.1167810304122E-02,-0.3491453724902E-02, 0.4267488291645E-03,-0.2406183590526E-02, 0.4116444869929E-02,-0.2818054047239E-03,-0.2176772076533E-02, 0.1492926807173E-02
 0.2680493285061E-02,-0.1236209357646E-02,-0.3604929515393E-02, 0.3194822001963E-03,-0.2501332867682E-02, 0.3904793813941E-02,-0.4152993407084E-03,-0.2242384574079E-02, 0.1392837523051E-02
 0.2432483750952E-02,-0.1364678136209E-02,-0.3860222186488E-02, 0.9293766187315E-04,-0.2618393605438E-02, 0.3651437149804E-02,-0.6907016658908E-03,-0.2421821579871E-02, 0.1289598909095E-02
 0.4235928297418E-02, 0.1261562559725E-03,-0.2707191914565E-02, 0.1608564096945E-02,-0.1308322778458E-02, 0.5516430950450E-02, 0.8468328948517E-03,-0.1131514098827E-02, 0.2600193389855E-02
 0.3945330940754E-02,-0.1216812910355E-03,-0.2657010561159E-02, 0.1450252592152E-02,-0.1558228987918E-02, 0.5220161178381E-02, 0.6101242910011E-03,-0.1349819118879E-02, 0.2609628925840E-02
 0.3646157729605E-02,-0.3860598113104E-03,-0.2830772692148E-02, 0.1283874073684E-02,-0.1719939710467E-02, 0.4935183733983E-02, 0.3593024723092E-03,-0.1582709214494E-02, 0.2368271904556E-02
 0.3368677401488E-02,-0.6352868266727E-03,-0.3089835843833E-02, 0.1100086732452E-02,-0.1843382298351E-02, 0.4687107992580E-02, 0.1306213473567E-03,-0.1798792860724E-02, 0.2031898506709E-02
 0.3390333799040E-02,-0.6293727523206E-03,-0.3095225184345E-02, 0.1104350505843E-02,-0.1812416810105E-02, 0.4724366049658E-02, 0.1307825359869E-03,-0.1809670740922E-02, 0.2055089434577E-02
 0.2999870344412E-02,-0.9615164299420E-03,-0.3309295354490E-02, 0.6429183453419E-03,-0.2175172479100E-02, 0.4404099120059E-02,-0.1153031870086E-03,-0.2054974705233E-02, 0.1697207304152E-02
 0.2932431814535E-02,-0.1024816673609E-02,-0.3359927271371E-02, 0.5612352500967E-03,-0.2276885664357E-02, 0.4226747136817E-02,-0.1836787021486E-03,-0.2084295930789E-02, 0.1583368280583E-02
 0.2820483389454E-02,-0.1094090347210E-02,-0.3474207273981E-02, 0.4532624380352E-03,-0.2373029610829E-02, 0.4015274770210E-02,-0.3175682526089E-03,-0.2150509239018E-02, 0.1483036936143E-02
 0.2572160148438E-02,-0.1223724802177E-02,-0.3729420345841E-02, 0.2258320723904E-03,-0.2491518341986E-02, 0.3762015506203E-02,-0.5934007409009E-03,-0.2330668540274E-02, 0.1379590741325E-02
 0.4374953436494E-02, 0.2704670910004E-03,-0.2567098231140E-02, 0.1742090929072E-02,-0.1185020505402E-02, 0.5607204327707E-02, 0.9412495744000E-03,-0.1012390416075E-02, 0.2716983254602E-02
 0.4085881597994E-02, 0.2280311421089E-04,-0.2518390913742E-02, 0.1584005110658E-02,-0.1435336072008E-02, 0.5312795855925E-02, 0.7053451686660E-03,-0.1230320969136E-02, 0.2726589781632E-02
 0.3787644522053E-02,-0.2418177908372E-03,-0.2694024863500E-02, 0.1417368872471E-02,-0.1597974612888E-02, 0.5029124201859E-02, 0.4548725333414E-03,-0.1463304802261E-02, 0.2485592977448E-02
 0.3510642052127E-02,-0.4915672548301E-03,-0.2955066252071E-02, 0.1233085777336E-02,-0.1722572233998E-02, 0.4781882204511E-02, 0.2262067223040E-03,-0.1679794891897E-02, 0.2149551542907E-02
 0.3532572391351E-02,-0.4855821261449E-03,-0.2960435140367E-02, 0.1237533292199E-02,-0.1691591413285E-02, 0.4819454055313E-02, 0.2264765441332E-03,-0.1690600934354E-02, 0.2172946131774E-02
 0.3141940304134E-02,-0.8191383823953E-03,-0.3177636032285E-02, 0.7751932675275E-03,-0.2056189140744E-02, 0.4499458535970E-02,-0.2020421139801E-04,-0.1937105746477E-02, 0.1814569586173E-02
 0.3074230901134E-02,-0.8831004609075E-03,-0.3229602092587E-02, 0.6929904296115E-03,-0.2158617993458E-02, 0.4322356948190E-02,-0.8889533368959E-04,-0.1966992192788E-02, 0.1700321829355E-02
 0.2961971393029E-02,-0.9531599971256E-03,-0.3344565957032E-02, 0.5843855528892E-03,-0.2255632391338E-02, 0.4111097354397E-02,-0.2231069198018E-03,-0.2033845467145E-02, 0.1600146312387E-02
 0.2713428465494E-02,-0.1083801826964E-02,-0.3599435393633E-02, 0.3562053997616E-03,-0.2375361293586E-02, 0.3858006126836E-02,-0.4992364898798E-03,-0.2214775181072E-02, 0.1497975604384E-02
 0.4366572318034E-02, 0.2761482371396E-03,-0.2554011998116E-02, 0.1741635155873E-02,-0.1179728912264E-02, 0.5585301500967E-02, 0.9346123495569E-03,-0.9968514614526E-03, 0.2716575897678E-02
 0.4077650177602E-02, 0.2850821001003E-04,-0.2505455807774E-02, 0.1583532033050E-02,-0.1430083638842E-02, 0.5291100595809E-02, 0.6987593181383E-03,-0.1214783169840E-02, 0.2726111638271E-02
 0.3779690017761E-02,-0.2361046693060E-03,-0.2681253373713E-02, 0.1416955954138E-02,-0.1592795994941E-02, 0.5007786056941E-02, 0.4483709807475E-03,-0.1447805447757E-02, 0.2485274493758E-02
 0.3503030714255E-02,-0.4858478517961E-03,-0.2942452529420E-02, 0.1232795749255E-02,-0.1717469698247E-02, 0.4760980888531E-02, 0.2198109000126E-03,-0.1664355892548E-02, 0.2149509783162E-02
 0.3524667135824E-02,-0.4799344381049E-03,-0.2947853076473E-02, 0.1237071107936E-02,-0.1686531407964E-02, 0.4798216954291E-02, 0.2199832682008E-03,-0.1675167354274E-02, 0.2172679719549E-02
 0.3134970179215E-02,-0.8133549302480E-03,-0.3165246944086E-02, 0.7752782820567E-03,-0.2051116017228E-02, 0.4479390679765E-02,-0.2637024097581E-04,-0.1921791672121E-02, 0.1814978939809E-02
 0.3067476720058E-02,-0.8772896177888E-03,-0.3217322215864E-02, 0.6931960015545E-03,-0.2153541472213E-02, 0.4302607765617E-02,-0.9496059275564E-04,-0.1951737630056E-02, 0.1700920545007E-02
 0.2955504658565E-02,-0.9473168231167E-03,-0.3332330923717E-02, 0.5847470528457E-03,-0.2250560554719E-02, 0.4091746701969E-02,-0.2290381368578E-03,-0.2018654342148E-02, 0.1600866727529E-02
 0.2707426638801E-02,-0.1077915360415E-02,-0.3587134112475E-02, 0.3568182082269E-03,-0.2370317337640E-02, 0.3839242781578E-02,-0.5049683768812E-03,-0.2199655839938E-02, 0.1498717406931E-02
 0.4567507137067E-02, 0.4658985076046E-03,-0.2375903444743E-02, 0.1906621591798E-02,-0.1043419560551E-02, 0.5740787330786E-02, 0.1134425842713E-02,-0.8070215540963E-03, 0.2918827886010E-02
 0.4280846455948E-02, 0.2187680620790E-03,-0.2329159727472E-02, 0.1749126367048E-02,-0.1293809935665E-02, 0.5449207552566E-02, 0.8996509251950E-03,-0.1024358520851E-02, 0.2928520614125E-02
 0.3984335304787E-02,-0.4582568351485E-04,-0.2507125118001E-02, 0.1582487848068E-02,-0.1457326946796E-02, 0.5167722549274E-02, 0.6497199205206E-03,-0.1257399116437E-02, 0.2688219165274E-02
 0.3708448082532E-02,-0.2959338476167E-03,-0.2770586133873E-02, 0.1397896835914E-02,-0.1583167653294E-02, 0.4922030740708E-02, 0.4211217265254E-03,-0.1474410040624E-02, 0.2352969183870E-02
 0.3730667098867E-02,-0.2898745166316E-03,-0.2775922345406E-02, 0.1402543080048E-02,-0.1552212696981E-02, 0.4959925194592E-02, 0.4215187771934E-03,-0.1485088336793E-02, 0.2376562838689E-02
 0.3340443020538E-02,-0.6248979051031E-03,-0.2997141111813E-02, 0.9396205363147E-03,-0.1918608389784E-02, 0.4640820386945E-02, 0.1738793619129E-03,-0.1733409673893E-02, 0.2017806201049E-02
 0.3272455937598E-02,-0.6896722084293E-03,-0.3050885199881E-02, 0.8568567425253E-03,-0.2021805354845E-02, 0.4464199822987E-02, 0.1046133665255E-03,-0.1764166758982E-02, 0.1902799774006E-02
 0.3159939325781E-02,-0.7606882078156E-03,-0.3166674786355E-02, 0.7475848528260E-03,-0.2119787268658E-02, 0.4253440565219E-02,-0.3014739236830E-04,-0.1831991986560E-02, 0.1803489076294E-02
 0.2911488314399E-02,-0.8924810380154E-03,-0.3420810695491E-02, 0.5187366172795E-03,-0.2240904544381E-02, 0.4000946286818E-02,-0.3067015808575E-03,-0.2014057829264E-02, 0.1705358372729E-02
 0.4620717889414E-02, 0.5117552367298E-03,-0.2329686150746E-02, 0.1944370115969E-02,-0.9874144661799E-03, 0.5808649532686E-02, 0.1200559064293E-02,-0.7626733097244E-03, 0.2961678739247E-02
 0.4334936206568E-02, 0.2650319127040E-03,-0.2283471636746E-02, 0.1787191339766E-02,-0.1237809923108E-02, 0.5518054727208E-02, 0.9662209606504E-03,-0.9796160819405E-03, 0.2971537941194E-02
 0.4039167150800E-02, 0.6783765841499E-06,-0.2461942799282E-02, 0.1620731547737E-02,-0.1401555030501E-02, 0.5237443687263E-02, 0.7165780241891E-03,-0.1212424495400E-02, 0.2731659351607E-02
 0.3763855050239E-02,-0.2493275172875E-03,-0.2725891285783E-02, 0.1436242856673E-02,-0.1527730998636E-02, 0.4992440682521E-02, 0.4881235031027E-03,-0.1429342484666E-02, 0.2396882472599E-02
 0.3786094650910E-02,-0.2432643342399E-03,-0.2731216807004E-02, 0.1440909737179E-02,-0.1496787110379E-02, 0.5030354688073E-02, 0.4885386116205E-03,-0.1439984523882E-02, 0.2420485825395E-02
 0.3396379027249E-02,-0.5783849609176E-03,-0.2953386820386E-02, 0.9781872446148E-03,-0.1863700358238E-02, 0.4711755857332E-02, 0.2407526998281E-03,-0.1688482928865E-02, 0.2061991854774E-02
 0.3328383754253E-02,-0.6433109357919E-03,-0.3007538354925E-02, 0.8953454345969E-03,-0.1967142667807E-02, 0.4535351764564E-02, 0.1713326943288E-03,-0.1719411902544E-02, 0.1946934099220E-02
 0.3215902964417E-02,-0.7145095132257E-03,-0.3123599477891E-02, 0.7859902499839E-03,-0.2065424156694E-02, 0.4324870792854E-02, 0.3645126837746E-04,-0.1787409039653E-02, 0.1847807778313E-02
 0.2967701150862E-02,-0.8464865186088E-03,-0.3377800496987E-02, 0.5571436618240E-03,-0.2186945394504E-02, 0.4072786123081E-02,-0.2401203414337E-03,-0.1969596086978E-02, 0.1750367691360E-02
 0.4679868763091E-02, 0.5640584056246E-03,-0.2277997074600E-02, 0.2000582123117E-02,-0.9092680116699E-03, 0.5884981568033E-02, 0.1266545506998E-02,-0.7103240800112E-03, 0.3014783958080E-02
 0.4395131414364E-02, 0.3178462564577E-03,-0.2232352289144E-02, 0.1843756882971E-02,-0.1159747525314E-02, 0.5595545726620E-02, 0.1032790475975E-02,-0.9267837104981E-03, 0.3024869223003E-02
 0.4100207796232E-02, 0.5380175486774E-04,-0.2411378424679E-02, 0.1677475407406E-02,-0.1323800789237E-02, 0.5315918917360E-02, 0.7835490835138E-03,-0.1159300466488E-02, 0.2785468976916E-02
 0.3825525676051E-02,-0.1960637549434E-03,-0.2675869267146E-02, 0.1493062853368E-02,-0.1450400149007E-02, 0.5071662162253E-02, 0.5553194727702E-03,-0.1376093043506E-02, 0.2451203037443E-02
 0.3847836347850E-02,-0.1899860812890E-03,-0.2681178201421E-02, 0.1497781582317E-02,-0.1419451464137E-02, 0.5109658042655E-02, 0.5557689926233E-03,-0.1386691108052E-02, 0.2474853837294E-02
 0.3458596998953E-02,-0.5252124224219E-03,-0.2904420216637E-02, 0.1035145137649E-02,-0.1787126538353E-02, 0.4791502902500E-02, 0.3078881690525E-03,-0.1635380442739E-02, 0.2116553348826E-02
 0.3390576033004E-02,-0.5903121493683E-03,-0.2959022341158E-02, 0.9521590447773E-03,-0.1890913697165E-02, 0.4615306676576E-02, 0.2383203169466E-03,-0.1666502851704E-02, 0.2001388635087E-02
 0.3278103907321E-02,-0.6617209880628E-03,-0.3075397634648E-02, 0.8426456902864E-03,-0.1989601488015E-02, 0.4405084620769E-02, 0.1033280772695E-03,-0.1734695227087E-02, 0.1902486098815E-02
 0.3030120565804E-02,-0.7939080757130E-03,-0.3329712648946E-02, 0.6137232454691E-03,-0.2111653402863E-02, 0.4153375660693E-02,-0.1732307405335E-03,-0.1917020689028E-02, 0.1805962307826E-02
 0.4770947898065E-02, 0.6535723337046E-03,-0.2192042330094E-02, 0.2111363629069E-02,-0.7849764878903E-03, 0.5975600461732E-02, 0.1347502542961E-02,-0.6148050326420E-03, 0.3114870047939E-02
 0.4487707511394E-02, 0.4079832748413E-03,-0.2147264490804E-02, 0.1954946252265E-02,-0.1035694425549E-02, 0.5687842756217E-02, 0.1114650502474E-02,-0.8306745645098E-03, 0.3125223970197E-02
 0.4193870613323E-02, 0.1442549367555E-03,-0.2327261675262E-02, 0.1788752441142E-02,-0.1200301520905E-02, 0.5409502826506E-02, 0.8660006101974E-03,-0.1062925862854E-02, 0.2886361574226E-02
 0.3919905727294E-02,-0.1055442999345E-03,-0.2592752094548E-02, 0.1604242062215E-02,-0.1327621640333E-02, 0.5166135996487E-02, 0.6380831431123E-03,-0.1279712868405E-02, 0.2552634101362E-02
 0.3942437699218E-02,-0.9941689367675E-04,-0.2598031298728E-02, 0.1609106624861E-02,-0.1296641327751E-02, 0.5204393692246E-02, 0.6386184711851E-03,-0.1290239644179E-02, 0.2576443326659E-02
 0.3553466085141E-02,-0.4350819466531E-03,-0.2823085481919E-02, 0.1146111067016E-02,-0.1665696416909E-02, 0.4886542931083E-02, 0.3905665924380E-03,-0.1539509764059E-02, 0.2217988890306E-02
 0.3485323471215E-02,-0.5005212870180E-03,-0.2878454481272E-02, 0.1062763493841E-02,-0.1770071914084E-02, 0.4710551534759E-02, 0.3207949666420E-03,-0.1570995030428E-02, 0.2102455863152E-02
 0.3372730296567E-02,-0.5723366593649E-03,-0.2995289217101E-02, 0.9528358324972E-03,-0.1869444870401E-02, 0.4500540438064E-02, 0.1856321969032E-03,-0.1639580502921E-02, 0.2003970091630E-02
 0.3124810037078E-02,-0.7049748291772E-03,-0.3249587838932E-02, 0.7235340546476E-03,-0.1992394325774E-02, 0.4249092297533E-02,-0.9095839950613E-04,-0.1822297926858E-02, 0.1909422228277E-02
 0.5199874899107E-02, 0.5138250594192E-03,-0.2844451919817E-02, 0.2334863706952E-02,-0.1138516772668E-02, 0.6602881482527E-02, 0.1398697354938E-02,-0.1031851888111E-02, 0.3554158266834E-02
 0.4893969364901E-02, 0.2540849871436E-03,-0.2792402276119E-02, 0.2166229186862E-02,-0.1394266292064E-02, 0.6289879006237E-02, 0.1152552512823E-02,-0.1255527869420E-02, 0.3554588019903E-02
 0.4581415447896E-02,-0.1805726205935E-04,-0.2966475309603E-02, 0.1991195337467E-02,-0.1559185414481E-02, 0.5990543420082E-02, 0.8937152447817E-03,-0.1492807793383E-02, 0.3301459951833E-02
 0.4292028587871E-02,-0.2726495387361E-03,-0.3226829663422E-02, 0.1799291974226E-02,-0.1684792901410E-02, 0.5729995819647E-02, 0.6581332082281E-03,-0.1712515379769E-02, 0.2952653596460E-02
 0.4318147202360E-02,-0.2632873103759E-03,-0.3230176778246E-02, 0.1807400828368E-02,-0.1650426615924E-02, 0.5771765229611E-02, 0.6618433763978E-03,-0.1721162498115E-02, 0.2979782230165E-02
 0.3902017797874E-02,-0.6093755766968E-03,-0.3447016904685E-02, 0.1322995968049E-02,-0.2024148014760E-02, 0.5425748958283E-02, 0.4005254592387E-03,-0.1974508418903E-02, 0.2599524159142E-02
 0.3827564809318E-02,-0.6761504509835E-03,-0.3498146266234E-02, 0.1235378508733E-02,-0.2128763417590E-02, 0.5238420095352E-02, 0.3276104436406E-03,-0.2005186912264E-02, 0.2474239072829E-02
 0.3707460561498E-02,-0.7490310954560E-03,-0.3612022579090E-02, 0.1120824150629E-02,-0.2227705454992E-02, 0.5015999083641E-02, 0.1879617765427E-03,-0.2073338982040E-02, 0.2380663631096E-02
 0.3447190406744E-02,-0.8833909101004E-03,-0.3865188186275E-02, 0.8838649477573E-03,-0.2349250179815E-02, 0.4749769527689E-02,-0.9641521012804E-04,-0.2257228823646E-02, 0.2316940251204E-02
 0.5310677125521E-02, 0.6393712430400E-03,-0.2719931142568E-02, 0.2450062003887E-02,-0.1008228574306E-02, 0.6719076483948E-02, 0.1503751893571E-02,-0.9891833850884E-03, 0.3588227992565E-02
 0.5006024117451E-02, 0.3795586732609E-03,-0.2669524718252E-02, 0.2281453876487E-02,-0.1264758064336E-02, 0.6407671068885E-02, 0.1257981236928E-02,-0.1212612443737E-02, 0.3589060320489E-02
 0.4694211051777E-02, 0.1068678996577E-03,-0.2845565755925E-02, 0.2105991984390E-02,-0.1430934250475E-02, 0.6109480245513E-02, 0.9990921159025E-03,-0.1450035061714E-02, 0.3336274746542E-02
 0.4405196006693E-02,-0.1485312369652E-03,-0.3107944174143E-02, 0.1913474005053E-02,-0.1557971493538E-02, 0.5849683000130E-02, 0.7631858516590E-03,-0.1670110770280E-02, 0.2987705891644E-02
 0.4431565015837E-02,-0.1390733596906E-03,-0.3111278034985E-02, 0.1921795358555E-02,-0.1523562925760E-02, 0.5891822734612E-02, 0.7670347317250E-03,-0.1678712721240E-02, 0.3015054925446E-02
 0.4015392291065E-02,-0.4867752360519E-03,-0.3331272826431E-02, 0.1436460494498E-02,-0.1899486593697E-02, 0.5545985188536E-02, 0.5047271781770E-03,-0.1932859584208E-02, 0.2634556822667E-02
 0.3940754956153E-02,-0.5541915787290E-03,-0.3383640034910E-02, 0.1348391060876E-02,-0.2004886877482E-02, 0.5358986880848E-02, 0.4314341287620E-03,-0.1963929033074E-02, 0.2509438878880E-02
 0.3820446714155E-02,-0.6278592742869E-03,-0.3498393498474E-02, 0.1233265242968E-02,-0.2104784231481E-02, 0.5136892987233E-02, 0.2913843483485E-03,-0.2032515725134E-02, 0.2415093911153E-02
 0.3560082123305E-02,-0.7633196658198E-03,-0.3751971467268E-02, 0.9955720917300E-03,-0.2227730091498E-02, 0.4870956519192E-02, 0.6542145024576E-05,-0.2216910071829E-02, 0.2348873356184E-02
 0.5444640040100E-02, 0.7844407879064E-03,-0.2576338746350E-02, 0.2584794050842E-02,-0.8728250525280E-03, 0.6821320827309E-02, 0.1600845383767E-02,-0.8943673843140E-03, 0.3676389519342E-02
 0.5141734864769E-02, 0.5248554586593E-03,-0.2527518508373E-02, 0.2416531679442E-02,-0.1129851402928E-02, 0.6511987971616E-02, 0.1355891252858E-02,-0.1117402350328E-02, 0.3677642074311E-02
 0.4831065584617E-02, 0.2519175140076E-03,-0.2705536456348E-02, 0.2240892612111E-02,-0.1297064810173E-02, 0.6215300782612E-02, 0.1097341639877E-02,-0.1354893924651E-02, 0.3425395423472E-02
 0.4542720138869E-02,-0.4031692122581E-05,-0.2969988172837E-02, 0.2047945215314E-02,-0.1425368677729E-02, 0.5956508798005E-02, 0.8614339633859E-03,-0.1575337673322E-02, 0.3077297552600E-02
 0.4569416510221E-02, 0.5527144831223E-05,-0.2973305577272E-02, 0.2056514284307E-02,-0.1390926556106E-02, 0.5999048435432E-02, 0.8654330491140E-03,-0.1583875495882E-02, 0.3104919042899E-02
 0.4153352507488E-02,-0.3435984731141E-03,-0.3196575241595E-02, 0.1570398899179E-02,-0.1768861407633E-02, 0.5653608592808E-02, 0.6024940941106E-03,-0.1839063957863E-02, 0.2724140093867E-02
 0.4078544202713E-02,-0.4116586366255E-03,-0.3250304338686E-02, 0.1481863424216E-02,-0.1875022476373E-02, 0.5466993902097E-02, 0.5289052244898E-03,-0.1870643979855E-02, 0.2598899883537E-02
 0.3958037658108E-02,-0.4861081710275E-03,-0.3365853770006E-02, 0.1366153252078E-02,-0.1975849986617E-02, 0.5245253835145E-02, 0.3885503172504E-03,-0.1939804303037E-02, 0.2504366824524E-02
 0.3697621438340E-02,-0.6226007179800E-03,-0.3619371004872E-02, 0.1127768518330E-02,-0.2100136417601E-02, 0.4979626653829E-02, 0.1034143116703E-03,-0.2124871713439E-02, 0.2437902020797E-02
 0.5579891336300E-02, 0.9274589193510E-03,-0.2434693871331E-02, 0.2716231693577E-02,-0.7495040590278E-03, 0.6908945982622E-02, 0.1694028430777E-02,-0.7744759286887E-03, 0.3791007699375E-02
 0.5278892647392E-02, 0.6682779239853E-03,-0.2387291091969E-02, 0.2548490505130E-02,-0.1006776106371E-02, 0.6601803389542E-02, 0.1450063584694E-02,-0.9970605885230E-03, 0.3792634160396E-02
 0.4969546158805E-02, 0.3953194236230E-03,-0.2567096296313E-02, 0.2372867989190E-02,-0.1174774548310E-02, 0.6306740512130E-02, 0.1192046239486E-02,-0.1234565867138E-02, 0.3541020519151E-02
 0.4682036579616E-02, 0.1390486646548E-03,-0.2833437332671E-02, 0.2179674514386E-02,-0.1304109898434E-02, 0.6049062741044E-02, 0.9563204754609E-03,-0.1455340779521E-02, 0.3193534514156E-02
 0.4709060735927E-02, 0.1486984391781E-03,-0.2836737338464E-02, 0.2188480748084E-02,-0.1269648320208E-02, 0.6091967496197E-02, 0.9604589697021E-03,-0.1463807491684E-02, 0.3221421801489E-02
 0.4293266985735E-02,-0.2015686435375E-03,-0.3063038294665E-02, 0.1701816162688E-02,-0.1649233377586E-02, 0.5747084080471E-02, 0.6971200121916E-03,-0.1720095565542E-02, 0.2840416366991E-02
 0.4218322204320E-02,-0.2702077036351E-03,-0.3118074293276E-02, 0.1612865703222E-02,-0.1756052251582E-02, 0.5560868814091E-02, 0.6232864374262E-03,-0.1752218067951E-02, 0.2714889908069E-02
 0.4097661116479E-02,-0.3453550238637E-03,-0.3234295424361E-02, 0.1496639325200E-02,-0.1857690356779E-02, 0.5339498123358E-02, 0.4826927839994E-03,-0.1821988396758E-02, 0.2620578647749E-02
 0.3837276484628E-02,-0.4827265963209E-03,-0.3487472778469E-02, 0.1257690731517E-02,-0.1983133549367E-02, 0.5074218408052E-02, 0.1973856644806E-03,-0.2007769867063E-02, 0.2555377677652E-02
 0.5568263831936E-02, 0.9309332537615E-03,-0.2422668590584E-02, 0.2712982990620E-02,-0.7459174643325E-03, 0.6883941316424E-02, 0.1685101524034E-02,-0.7601637895614E-03, 0.3787611963157E-02
 0.5267471993076E-02, 0.6718079788941E-03,-0.2375417731086E-02, 0.2545267096799E-02,-0.1003220071292E-02, 0.6577060548929E-02, 0.1441203692180E-02,-0.9827508571949E-03, 0.3789190562490E-02
 0.4958494511810E-02, 0.3988980834966E-03,-0.2555380719594E-02, 0.2369773370719E-02,-0.1171274384673E-02, 0.6282428473819E-02, 0.1183306669210E-02,-0.1220291706162E-02, 0.3537823917359E-02
 0.4671437758244E-02, 0.1426787081073E-03,-0.2821870949320E-02, 0.2176784038123E-02,-0.1300661500606E-02, 0.6025280728284E-02, 0.9477333077020E-03,-0.1441119207450E-02, 0.3190727535664E-02
 0.4698110721410E-02, 0.1522284561777E-03,-0.2825192845530E-02, 0.2185366801134E-02,-0.1266258757540E-02, 0.6067873610650E-02, 0.9517397836967E-03,-0.1449606544368E-02, 0.3218341522744E-02
 0.4283511914627E-02,-0.1977879204931E-03,-0.3051686705269E-02, 0.1699447456366E-02,-0.1645758524648E-02, 0.5724380774707E-02, 0.6888489793776E-03,-0.1705965650945E-02, 0.2838207594185E-02
 0.4208824761949E-02,-0.2663691156833E-03,-0.3106809663707E-02, 0.1610661954072E-02,-0.1752551441068E-02, 0.5538513205141E-02, 0.6151473313690E-03,-0.1738120072548E-02, 0.2712933072823E-02
 0.4088514300088E-02,-0.3414464759320E-03,-0.3223075116027E-02, 0.1494649293434E-02,-0.1854167643958E-02, 0.5317587875136E-02, 0.4747277925632E-03,-0.1807926164792E-02, 0.2618772213244E-02
 0.3828725162590E-02,-0.4787181845880E-03,-0.3476232392407E-02, 0.1256047711403E-02,-0.1979602395971E-02, 0.5053020260753E-02, 0.1896816867855E-03,-0.1993757080728E-02, 0.2553567537095E-02
 0.5766769847382E-02, 0.1121041843305E-02,-0.2241323245564E-02, 0.2877911149422E-02,-0.6079010636340E-03, 0.7037664609158E-02, 0.1884865616243E-02,-0.5677548244894E-03, 0.3989073428040E-02
 0.5468713480698E-02, 0.8627102170067E-03,-0.2195802421541E-02, 0.2711162862325E-02,-0.8650388019320E-03, 0.6733824471424E-02, 0.1642319292416E-02,-0.7896340570335E-03, 0.3991052845464E-02
 0.5161653880789E-02, 0.5900914991813E-03,-0.2377818936635E-02, 0.2535926065671E-02,-0.1033721378836E-02, 0.6441419471417E-02, 0.1385150356724E-02,-0.1027074930537E-02, 0.3740578112875E-02
 0.4875788767691E-02, 0.3337500894660E-03,-0.2646453828432E-02, 0.2342783016482E-02,-0.1164126227188E-02, 0.6185713173707E-02, 0.1149780428863E-02,-0.1248254363887E-02, 0.3394368078371E-02
 0.4903163582956E-02, 0.3434903413015E-03,-0.2649725250984E-02, 0.2351848859553E-02,-0.1129689502658E-02, 0.6228986354074E-02, 0.1154076185025E-02,-0.1256605825339E-02, 0.3422532117941E-02
 0.4488432882076E-02,-0.7843207083892E-05,-0.2879902892469E-02, 0.1865107188577E-02,-0.1510812469607E-02, 0.5885450943461E-02, 0.8901240754048E-03,-0.1514536585673E-02, 0.3041617496012E-02
 0.4413403093962E-02,-0.7717618084069E-04,-0.2936671617761E-02, 0.1775740426105E-02,-0.1618322480237E-02, 0.5699932930286E-02, 0.8158300413349E-03,-0.1547488929469E-02, 0.2915528301833E-02
 0.4292716468966E-02,-0.1531515505682E-03,-0.3053691004241E-02, 0.1659010252452E-02,-0.1720845487686E-02, 0.5479303004606E-02, 0.6748396140425E-03,-0.1618177855685E-02, 0.2822204129932E-02
 0.4032806302079E-02,-0.2914829505034E-03,-0.3306126951163E-02, 0.1419658533489E-02,-0.1847557794860E-02, 0.5214920681067E-02, 0.3893634272814E-03,-0.1805000184684E-02, 0.2761075698517E-02
 0.5817950090332E-02, 0.1166212452016E-02,-0.2194615747253E-02, 0.2914623758363E-02,-0.5520390369393E-03, 0.7102962799483E-02, 0.1949994490375E-02,-0.5231642506355E-03, 0.4030689293052E-02
 0.5520936680090E-02, 0.9083793618209E-03,-0.2149598104718E-02, 0.2748311467916E-02,-0.8091101372777E-03, 0.6800292268376E-02, 0.1707977756736E-02,-0.7446187672878E-03, 0.4032930781509E-02
 0.5214799445979E-02, 0.6360941586229E-03,-0.2332085077084E-02, 0.2573377666590E-02,-0.9779542525068E-03, 0.6508949383651E-02, 0.1451202483737E-02,-0.9817936879605E-03, 0.3783012465429E-02
 0.4929684372521E-02, 0.3799426192745E-03,-0.2601171093765E-02, 0.2380455274257E-02,-0.1108633678055E-02, 0.6254107319619E-02, 0.1216078955105E-02,-0.1202847392831E-02, 0.3437414754209E-02
 0.4957097304000E-02, 0.3896848156486E-03,-0.2604435692758E-02, 0.2389551048839E-02,-0.1074214987286E-02, 0.6297426959069E-02, 0.1220393305847E-02,-0.1211166599493E-02, 0.3465593798932E-02
 0.4543104645650E-02, 0.3838363953721E-04,-0.2835517977736E-02, 0.1903176396061E-02,-0.1455747641820E-02, 0.5954618350872E-02, 0.9564282658578E-03,-0.1469224675874E-02, 0.3085102783934E-02
 0.4468128817163E-02,-0.3106352630029E-04,-0.2892678256565E-02, 0.1813777645785E-02,-0.1563472334025E-02, 0.5769407201119E-02, 0.8820205252591E-03,-0.1502337877942E-02, 0.2959019665748E-02
 0.4347555332546E-02,-0.1071789744663E-03,-0.3009960167912E-02, 0.1697017981413E-02,-0.1666261616629E-02, 0.5549163097119E-02, 0.7409660029526E-03,-0.1573183717522E-02, 0.2865916000267E-02
 0.4088028932226E-02,-0.2456300787227E-03,-0.3262461517742E-02, 0.1457756372962E-02,-0.1793330077271E-02, 0.5285344655877E-02, 0.4555708106451E-03,-0.1760099392473E-02, 0.2805489943545E-02
 0.5875342115912E-02, 0.1218061271514E-02,-0.2142203678486E-02, 0.2969913553440E-02,-0.4737961064155E-03, 0.7176960905084E-02, 0.2015276598755E-02,-0.4703314064018E-03, 0.4082787225337E-02
 0.5579553498741E-02, 0.9608420857614E-03,-0.2097724698550E-02, 0.2804096954109E-02,-0.7308597010582E-03, 0.6875651422804E-02, 0.1773943738714E-02,-0.6912657655710E-03, 0.4085363935393E-02
 0.5274452011185E-02, 0.6889683076831E-03,-0.2280725489410E-02, 0.2629483154358E-02,-0.8999322832430E-03, 0.6585491900776E-02, 0.1517678891443E-02,-0.9281086999146E-03, 0.3836068830135E-02
 0.4990146706212E-02, 0.4330515184386E-03,-0.2550311853276E-02, 0.2436769651876E-02,-0.1030965042101E-02, 0.6331575997280E-02, 0.1282883300397E-02,-0.1148998608452E-02, 0.3491129924726E-02
 0.5017665679500E-02, 0.4428107330714E-03,-0.2553566736318E-02, 0.2445936762045E-02,-0.9965490067366E-03, 0.6375013059805E-02, 0.1287238662588E-02,-0.1157277229193E-02, 0.3519371548952E-02
 0.4604360855891E-02, 0.9153523109027E-04,-0.2785664508862E-02, 0.1959833529478E-02,-0.1378715846359E-02, 0.6032849678992E-02, 0.1023304860797E-02,-0.1415472944183E-02, 0.3139232774093E-02
 0.4529425698386E-02, 0.2195283124889E-04,-0.2843261121460E-02, 0.1870341292732E-02,-0.1486749896668E-02, 0.5847944657642E-02, 0.9487886232459E-03,-0.1448770652808E-02, 0.3013101468861E-02
 0.4408938509870E-02,-0.5432979889567E-04,-0.2960847893318E-02, 0.1753482141482E-02,-0.1589907900055E-02, 0.5628070130249E-02, 0.8076764938864E-03,-0.1519798064901E-02, 0.2920260118638E-02
 0.4149756383256E-02,-0.1929257039872E-03,-0.3213457301480E-02, 0.1514242977622E-02,-0.1717453497236E-02, 0.5364769898382E-02, 0.5223850627373E-03,-0.1706822187685E-02, 0.2860767554639E-02
 0.5964734267389E-02, 0.1307407386521E-02,-0.2054819704134E-02, 0.3079776983746E-02,-0.3489168586895E-03, 0.7265714423889E-02, 0.2095971726368E-02,-0.3736895998805E-03, 0.4181937275011E-02
 0.5670702759727E-02, 0.1050967074021E-02,-0.2011160376830E-02, 0.2914590767857E-02,-0.6060761708171E-03, 0.6966341824809E-02, 0.1855682571362E-02,-0.5939727799052E-03, 0.4184934423743E-02
 0.5366945974320E-02, 0.7795592527446E-03,-0.2195068467379E-02, 0.2740271662772E-02,-0.7755846096389E-03, 0.6677711260164E-02, 0.1600147756168E-02,-0.8304850444360E-03, 0.3936385938266E-02
 0.5083591060013E-02, 0.5238431552735E-03,-0.2465589218872E-02, 0.2547648735858E-02,-0.9072386109645E-03, 0.6424890640711E-02, 0.1365788554255E-02,-0.1051308532378E-02, 0.3592200014068E-02
 0.5111403551532E-02, 0.5336674142338E-03,-0.2468825590244E-02, 0.2557009575334E-02,-0.8727955154264E-03, 0.6468638190061E-02, 0.1370254175608E-02,-0.1059519302432E-02, 0.3620649158389E-02
 0.4698595440096E-02, 0.1821230620771E-03,-0.2702649677059E-02, 0.2070807686011E-02,-0.1256169044366E-02, 0.6126950880398E-02, 0.1106282084163E-02,-0.1318217734111E-02, 0.3240548631461E-02
 0.4623629466954E-02, 0.1122522224918E-03,-0.2760998393730E-02, 0.1981026258281E-02,-0.1364743580078E-02, 0.5942371582758E-02, 0.1031608204857E-02,-0.1351868365002E-02, 0.3114130457053E-02
 0.4503118642574E-02, 0.3561800601817E-04,-0.2879032414894E-02, 0.1863833923322E-02,-0.1468537672082E-02, 0.5722830483514E-02, 0.8903826764173E-03,-0.1423271695793E-02, 0.3021761106448E-02
 0.4244138410117E-02,-0.1033467235166E-03,-0.3131606475132E-02, 0.1624352952116E-02,-0.1596911328091E-02, 0.5459910940206E-02, 0.6051520841226E-03,-0.1610644236397E-02, 0.2964273439053E-02
 0.6530610186657E-02, 0.1286257383659E-02,-0.2618073006334E-02, 0.3427988011912E-02,-0.5965539722601E-03,-0.2050959380259E-02, 0.2265993041276E-02,-0.6962941196784E-03, 0.4744836486949E-02
 0.6210701422458E-02, 0.1012797375366E-02,-0.2568240513672E-02, 0.3247846996155E-02,-0.8606462279955E-03,-0.2285998698367E-02, 0.2010402118423E-02,-0.9254976525472E-03, 0.4735751232384E-02
 0.5885034041844E-02, 0.7307130838940E-03,-0.2747479637141E-02, 0.3062133960233E-02,-0.1032106113390E-02,-0.2466171802718E-02, 0.1742720842510E-02,-0.1168076218798E-02, 0.4470382315098E-02
 0.5583254055545E-02, 0.4683612062016E-03,-0.3014115719522E-02, 0.2859746919771E-02,-0.1163507021024E-02,-0.2603634147276E-02, 0.1498877991226E-02,-0.1392789027183E-02, 0.4108559134939E-02
 0.5614535257729E-02, 0.4816099123175E-03,-0.3015123295070E-02, 0.2872281884814E-02,-0.1125353712388E-02,-0.2580897177767E-02, 0.1506642113639E-02,-0.1398785538143E-02, 0.4140279675479E-02
 0.5169940308807E-02, 0.1162814799943E-03,-0.3242880132157E-02, 0.2360542887708E-02,-0.1516425473326E-02,-0.2799048372872E-02, 0.1226422673314E-02,-0.1663654205365E-02, 0.3734867585387E-02
 0.5087298718021E-02, 0.4399523275579E-04,-0.3298062606320E-02, 0.2265240738295E-02,-0.1626205736826E-02,-0.2937711609669E-02, 0.1147568188344E-02,-0.1697159929729E-02, 0.3596976864062E-02
 0.4957704901244E-02,-0.3485575039601E-04,-0.3412515485196E-02, 0.2142039400354E-02,-0.1730584453935E-02,-0.3058931037078E-02, 0.1000635898095E-02,-0.1768866651930E-02, 0.3509929057988E-02
 0.4683937047695E-02,-0.1770718293287E-03,-0.3660291438396E-02, 0.1892864549177E-02,-0.1858849946187E-02,-0.3129145736058E-02, 0.7058808616140E-03,-0.1958388552708E-02, 0.3487378826879E-02
 0.6635926555380E-02, 0.1409538563325E-02,-0.2492889854535E-02, 0.3540188478416E-02,-0.4672061917190E-03,-0.1912041195897E-02, 0.2368554290242E-02,-0.6539549640772E-03, 0.4776895457365E-02
 0.6317639004876E-02, 0.1136253751028E-02,-0.2444633575239E-02, 0.3360355435065E-02,-0.7318955811464E-03,-0.2148148395049E-02, 0.2113541755337E-02,-0.8828428630209E-03, 0.4768371957636E-02
 0.5993083086390E-02, 0.8538562246091E-03,-0.2625752558659E-02, 0.3174488218054E-02,-0.9044565375123E-03,-0.2329797352238E-02, 0.1846024999827E-02,-0.1125498628027E-02, 0.4503548246335E-02
 0.5692028252554E-02, 0.5909102213038E-03,-0.2894322950617E-02, 0.2971743378665E-02,-0.1037151682745E-02,-0.2468878139766E-02, 0.1602062941592E-02,-0.1350519550318E-02, 0.4142168906518E-02
 0.5723626600090E-02, 0.6042778285084E-03,-0.2895308857563E-02, 0.2984535856240E-02,-0.9989479154723E-03,-0.2446088400980E-02, 0.1609995345373E-02,-0.1356461985496E-02, 0.4174227646975E-02
 0.5279499649364E-02, 0.2376297329819E-03,-0.3126122543423E-02, 0.2472247037879E-02,-0.1391995027526E-02,-0.2666895495050E-02, 0.1329038588470E-02,-0.1622046031648E-02, 0.3768721673570E-02
 0.5196804229172E-02, 0.1647975173444E-03,-0.3182501851709E-02, 0.2376603728364E-02,-0.1502485411701E-02,-0.2806522802052E-02, 0.1249896793924E-02,-0.1655906658790E-02, 0.3631091297515E-02
 0.5067160494583E-02, 0.8526135762247E-04,-0.3297823744567E-02, 0.2252956112256E-02,-0.1607743693443E-02,-0.2928850628694E-02, 0.1102675784691E-02,-0.1728012221519E-02, 0.3543298808959E-02
 0.4793572769101E-02,-0.5791071850885E-04,-0.3546055404483E-02, 0.2003248529169E-02,-0.1737311440035E-02,-0.3000595050029E-02, 0.8076309587499E-03,-0.1917997728286E-02, 0.3518176003318E-02
 0.6764966875526E-02, 0.1552524043248E-02,-0.2348275547902E-02, 0.3672090384800E-02,-0.3324272794651E-03,-0.1793078924465E-02, 0.2463696929771E-02,-0.5590416183001E-03, 0.4862643447775E-02
 0.6448847026853E-02, 0.1279739395515E-02,-0.2301526162373E-02, 0.3492928801781E-02,-0.5974115731726E-03,-0.2029785787104E-02, 0.2209715501581E-02,-0.7874445866496E-03, 0.4854757140917E-02
 0.6125859100560E-02, 0.9973541188157E-03,-0.2484513003381E-02, 0.3307187516390E-02,-0.7708367866792E-03,-0.2212540142934E-02, 0.1942752704416E-02,-0.1030077609155E-02, 0.4590744029964E-02
 0.5825869064491E-02, 0.7340919206409E-03,-0.2755044529934E-02, 0.3104290996793E-02,-0.9046495714875E-03,-0.2352947560118E-02, 0.1698986019957E-02,-0.1255381488950E-02, 0.4230107710365E-02
 0.5857837992349E-02, 0.7475890956976E-03,-0.2756009743923E-02, 0.3117397605704E-02,-0.8664023766285E-03,-0.2330132205689E-02, 0.1707108133526E-02,-0.1261253365839E-02, 0.4262525586012E-02
 0.5414346534394E-02, 0.3798315898308E-03,-0.2989975475706E-02, 0.2604730127639E-02,-0.1261224461020E-02,-0.2553143851199E-02, 0.1425750915875E-02,-0.1527765032944E-02, 0.3856979827033E-02
 0.5331625478400E-02, 0.3064559818994E-03,-0.3047673874349E-02, 0.2508739360896E-02,-0.1372400133714E-02,-0.2693542268831E-02, 0.1346400066895E-02,-0.1562101851700E-02, 0.3719352561651E-02
 0.5201955408660E-02, 0.2262439396596E-03,-0.3163775617578E-02, 0.2384638882165E-02,-0.1478511792105E-02,-0.2816799375999E-02, 0.1198975779058E-02,-0.1634741586369E-02, 0.3631427327158E-02
 0.4928604460338E-02, 0.8219085864312E-04,-0.3411966750954E-02, 0.2134451573534E-02,-0.1609317311498E-02,-0.2889909053812E-02, 0.9037896216923E-03,-0.1825338900508E-02, 0.3606012308577E-02
 0.6895921028216E-02, 0.1693710547237E-02,-0.2205502000406E-02, 0.3801021554734E-02,-0.2095118549358E-03,-0.1692969997926E-02, 0.2555261217808E-02,-0.4388178864530E-03, 0.4974708228737E-02
 0.6582120925073E-02, 0.1421593869513E-02,-0.2160090505450E-02, 0.3622703112033E-02,-0.4745488175500E-03,-0.1929959189484E-02, 0.2302476744836E-02,-0.6666743872296E-03, 0.4967428052167E-02
 0.6260877382115E-02, 0.1139440128671E-02,-0.2344752815021E-02, 0.3437274158895E-02,-0.6485915992476E-03,-0.2113510359633E-02, 0.2036250423853E-02,-0.9092209566161E-03, 0.4704343259745E-02
 0.5962112935260E-02, 0.8760840823766E-03,-0.2617058054224E-02, 0.3234400156240E-02,-0.7832913721943E-03,-0.2254961494015E-02, 0.1792850955573E-02,-0.1134762134544E-02, 0.4344615109438E-02
 0.5994436538457E-02, 0.8896996751702E-03,-0.2618004803576E-02, 0.3247813307735E-02,-0.7450154779279E-03,-0.2232136594632E-02, 0.1801152215870E-02,-0.1140559252528E-02, 0.4377355312447E-02
 0.5551711473527E-02, 0.5211041040821E-03,-0.2854873821939E-02, 0.2734978846066E-02,-0.1141266580497E-02,-0.2456915598049E-02, 0.1519607379973E-02,-0.1408046475747E-02, 0.3971873767028E-02
 0.5468996664531E-02, 0.4472449513550E-03,-0.2913838182069E-02, 0.2638686397265E-02,-0.1253030834343E-02,-0.2597915411836E-02, 0.1440091907230E-02,-0.1442894923891E-02, 0.3834096007731E-02
 0.5339342117532E-02, 0.3664355879038E-03,-0.3030591406828E-02, 0.2514194438186E-02,-0.1359882071828E-02,-0.2721925602031E-02, 0.1292522384207E-02,-0.1516105553047E-02, 0.3746464120087E-02
 0.5066300068090E-02, 0.2216479374752E-03,-0.3278446906550E-02, 0.2263644232977E-02,-0.1491747205833E-02,-0.2796192570057E-02, 0.9973051156642E-03,-0.1707346860203E-02, 0.3722291051884E-02
 0.6880882857983E-02, 0.1694749859242E-02,-0.2194735972076E-02, 0.3794781162096E-02,-0.2078414178752E-03,-0.1692013975531E-02, 0.2543853970347E-02,-0.4259796295136E-03, 0.4968082065519E-02
 0.6567346697098E-02, 0.1422728757104E-02,-0.2149479028973E-02, 0.3616536227299E-02,-0.4728953640081E-03,-0.1928957838553E-02, 0.2291158638921E-02,-0.6538381254389E-03, 0.4960843137458E-02
 0.6246567107951E-02, 0.1140674455165E-02,-0.2334289126862E-02, 0.3431314483522E-02,-0.6469687278907E-03,-0.2112520806854E-02, 0.2025098284811E-02,-0.8964079421989E-03, 0.4698092153340E-02
 0.5948377312630E-02, 0.8774256788962E-03,-0.2606726915983E-02, 0.3228738182182E-02,-0.7816876670064E-03,-0.2254009178931E-02, 0.1781908412664E-02,-0.1121982271518E-02, 0.4338842320413E-02
 0.5980312646000E-02, 0.8909059990218E-03,-0.2607697836565E-02, 0.3241874714836E-02,-0.7434930744231E-03,-0.2231225225294E-02, 0.1790034681005E-02,-0.1127808776400E-02, 0.4371202214916E-02
 0.5539099991818E-02, 0.5226996052537E-03,-0.2844728168891E-02, 0.2730010912487E-02,-0.1139566900870E-02,-0.2455987328403E-02, 0.1509082132851E-02,-0.1395317234732E-02, 0.3966898937120E-02
 0.5456662356102E-02, 0.4489331402145E-03,-0.2903756790763E-02, 0.2633929602019E-02,-0.1251278803116E-02,-0.2596966076067E-02, 0.1429734070178E-02,-0.1430185297693E-02, 0.3829433369893E-02
 0.5327409698066E-02, 0.3682373006884E-03,-0.3020555107674E-02, 0.2509714250702E-02,-0.1358076418828E-02,-0.2720974631341E-02, 0.1282384737981E-02,-0.1503414054116E-02, 0.3741981265806E-02
 0.5055130238625E-02, 0.2236167699189E-03,-0.3268436393194E-02, 0.2259623165707E-02,-0.1489887890450E-02,-0.2795290513468E-02, 0.9875006454959E-03,-0.1694673733421E-02, 0.3717799660007E-02
 0.7076330355713E-02, 0.1884673522638E-02,-0.2010564838706E-02, 0.3959282979925E-02,-0.6844994679902E-04,-0.1544901907380E-02, 0.2743015771194E-02,-0.2314944809726E-03, 0.5168299244539E-02
 0.6766048096988E-02, 0.1613767548784E-02,-0.1966923380935E-02, 0.3782398626067E-02,-0.3331055172630E-03,-0.1782107285028E-02, 0.2491975273091E-02,-0.4585044744291E-03, 0.5161712138337E-02
 0.6447701938424E-02, 0.1332309943961E-02,-0.2153637913918E-02, 0.3597778691020E-02,-0.5076038680162E-03,-0.1966573810341E-02, 0.2226941777566E-02,-0.7008319282668E-03, 0.4900246432802E-02
 0.6151155628913E-02, 0.1069210905698E-02,-0.2428071324716E-02, 0.3395344627434E-02,-0.6431694492733E-03,-0.2109299245169E-02, 0.1984221315575E-02,-0.9266287124651E-03, 0.4542293945077E-02
 0.6183863508035E-02, 0.1082942616106E-02,-0.2428992840485E-02, 0.3409091267607E-02,-0.6049111292417E-03,-0.2086459136169E-02, 0.1992721214214E-02,-0.9323128383541E-03, 0.4575337406935E-02
 0.5742917552624E-02, 0.7137293189559E-03,-0.2669546327997E-02, 0.2896719925235E-02,-0.1002400104160E-02,-0.2313517890771E-02, 0.1710943616012E-02,-0.1201237751862E-02, 0.4170495891633E-02
 0.5660325642807E-02, 0.6393117047043E-03,-0.2730181684065E-02, 0.2800169727010E-02,-0.1114763897351E-02,-0.2455304333839E-02, 0.1631096889882E-02,-0.1236872367854E-02, 0.4032370850763E-02
 0.5530900815884E-02, 0.5578204517675E-03,-0.2847695944428E-02, 0.2675350820994E-02,-0.1222402462087E-02,-0.2580303782425E-02, 0.1483301438896E-02,-0.1310940518149E-02, 0.3945860560149E-02
 0.5258754819860E-02, 0.4122887415719E-03,-0.3094799360091E-02, 0.2424680599907E-02,-0.1355397644152E-02,-0.2656087430536E-02, 0.1188199657589E-02,-0.1503102305326E-02, 0.3925789089559E-02
 0.7125220611378E-02, 0.1928929158524E-02,-0.1963554613123E-02, 0.3994778398311E-02,-0.1296262469434E-04,-0.1468334706267E-02, 0.2806861336330E-02,-0.1868627432655E-03, 0.5208504674014E-02
 0.6816162737800E-02, 0.1658626461932E-02,-0.1920379636308E-02, 0.3818463297818E-02,-0.2774662778147E-03,-0.1705746021437E-02, 0.2556455395343E-02,-0.4134092636945E-03, 0.5202277710479E-02
 0.6498928620756E-02, 0.1377609406316E-02,-0.2107517619721E-02, 0.3634286104222E-02,-0.4520468259794E-03,-0.1890581416948E-02, 0.2291935170623E-02,-0.6554281873729E-03, 0.4941510170241E-02
 0.6203314088263E-02, 0.1114800688444E-02,-0.2382354365429E-02, 0.3432204757904E-02,-0.5878146669285E-03,-0.2033765846685E-02, 0.2049577431483E-02,-0.8810577618105E-03, 0.4584320168526E-02
 0.6236096340168E-02, 0.1128534190782E-02,-0.2383273193503E-02, 0.3445983595201E-02,-0.5495806912103E-03,-0.2010884526012E-02, 0.2058098473341E-02,-0.8867149088267E-03, 0.4617402984907E-02
 0.5796127089002E-02, 0.7594990529967E-03,-0.2624667351993E-02, 0.2934161368630E-02,-0.9473538181386E-03,-0.2238881624372E-02, 0.1776456487203E-02,-0.1155701853002E-02, 0.4213145241562E-02
 0.5713653589145E-02, 0.6850097925499E-03,-0.2685673517798E-02, 0.2837631640864E-02,-0.1059896123943E-02,-0.2381052672180E-02, 0.1696541408673E-02,-0.1191480822984E-02, 0.4075086295859E-02
 0.5584422815095E-02, 0.6034266212505E-03,-0.2803438733490E-02, 0.2712843418578E-02,-0.1167761718881E-02,-0.2506482874764E-02, 0.1548745269625E-02,-0.1265685150124E-02, 0.3988832629522E-02
 0.5312806811321E-02, 0.4578483273204E-03,-0.3050607450225E-02, 0.2462356847448E-02,-0.1301056704704E-02,-0.2582810018722E-02, 0.1253834577863E-02,-0.1457905390095E-02, 0.3969473943189E-02
 0.7180598039702E-02, 0.1980095428811E-02,-0.1910604695389E-02, 0.4048938533735E-02, 0.6510530559232E-04,-0.1385840624454E-02, 0.2871180583472E-02,-0.1337503506618E-03, 0.5259425146482E-02
 0.6872964626155E-02, 0.1710523713811E-02,-0.1867923958458E-02, 0.3873276161802E-02,-0.1992827747526E-03,-0.1623415877644E-02, 0.2621571618248E-02,-0.3597299773834E-03, 0.5253636901738E-02
 0.6556967457520E-02, 0.1430034578141E-02,-0.2055521620073E-02, 0.3689576267727E-02,-0.3739975666029E-03,-0.1808611299533E-02, 0.2357684023062E-02,-0.6013673813675E-03, 0.4993647469682E-02
 0.6262349171090E-02, 0.1167567838468E-02,-0.2330804980657E-02, 0.3487850277815E-02,-0.5100359212013E-03,-0.1952268135117E-02, 0.2115769811037E-02,-0.8267861953371E-03, 0.4637280332358E-02
 0.6295300416814E-02, 0.1181324261126E-02,-0.2331718921090E-02, 0.3501716181152E-02,-0.4718104365630E-03,-0.1929339749028E-02, 0.2124342326403E-02,-0.8324075165971E-03, 0.4670471609829E-02
 0.5856219794008E-02, 0.8124608137709E-03,-0.2574058000420E-02, 0.2990365715702E-02,-0.8700707236135E-03,-0.2158331027356E-02, 0.1842869588972E-02,-0.1101462584126E-02, 0.4266706870083E-02
 0.5773861970046E-02, 0.7378800970617E-03,-0.2635480284684E-02, 0.2893799599044E-02,-0.9828803698987E-03,-0.2300908807019E-02, 0.1762890199690E-02,-0.1137409224055E-02, 0.4128663118808E-02
 0.5644800765099E-02, 0.6561784186331E-03,-0.2753537556199E-02, 0.2768976886272E-02,-0.1091070395883E-02,-0.2426798469760E-02, 0.1615095897373E-02,-0.1211773820905E-02, 0.4042710327199E-02
 0.5373655211138E-02, 0.5105286593759E-03,-0.3000808168211E-02, 0.2518617048100E-02,-0.1224779963801E-02,-0.2503710761117E-02, 0.1320390136369E-02,-0.1404065619601E-02, 0.4024295225076E-02
 0.7267985224223E-02, 0.2068968235208E-02,-0.1822031138757E-02, 0.4157579571080E-02, 0.1902111161793E-03,-0.1294241079335E-02, 0.2951344629906E-02,-0.3628182947224E-04, 0.5357391983402E-02
 0.6962393670283E-02, 0.1800352021712E-02,-0.1780102488654E-02, 0.3982789904829E-02,-0.7410560501922E-04,-0.1531857849177E-02, 0.2702935588235E-02,-0.2615336859807E-03, 0.5352173161921E-02
 0.6648020362454E-02, 0.1520497464183E-02,-0.1968524557709E-02, 0.3799608670695E-02,-0.2491185150923E-03,-0.1717442224451E-02, 0.2439931071321E-02,-0.5027613247763E-03, 0.5093157427167E-02
 0.6354599788742E-02, 0.1258382195684E-02,-0.2244660648552E-02, 0.3598176281808E-02,-0.3856621499973E-03,-0.1861684012684E-02, 0.2198590184018E-02,-0.7280406709885E-03, 0.4737781489046E-02
 0.6387944497690E-02, 0.1272226646784E-02,-0.2245560886891E-02, 0.3612292545398E-02,-0.3474096346820E-03,-0.1838715120562E-02, 0.2207306338871E-02,-0.7335959258592E-03, 0.4771258301550E-02
 0.5949554795699E-02, 0.9032800580268E-03,-0.2489528106118E-02, 0.3101119692303E-02,-0.7466797381329E-03,-0.2068899058143E-02, 0.1925935717668E-02,-0.1003058186182E-02, 0.4367695842330E-02
 0.5867279382835E-02, 0.8284694251539E-03,-0.2551678143224E-02, 0.3004343010307E-02,-0.8599728021980E-03,-0.2211926647060E-02, 0.1845850453367E-02,-0.1039337663947E-02, 0.4229458341210E-02
 0.5738305303974E-02, 0.7464781960646E-03,-0.2670164177658E-02, 0.2879274673569E-02,-0.9687410274172E-03,-0.2338357943337E-02, 0.1698006268211E-02,-0.1114050984886E-02, 0.4144035949733E-02
 0.5467485017789E-02, 0.6005507056186E-03,-0.2917380053257E-02, 0.2628820134657E-02,-0.1103198649657E-02,-0.2416035694402E-02, 0.1403462987125E-02,-0.1306638171295E-02, 0.4127637339016E-02
-0.2271163777742E-02, 0.2170763034140E-02,-0.2290715841871E-02, 0.4633278771123E-02, 0.5337809993936E-04,-0.1914521197291E-02, 0.3243656691140E-02,-0.2588646142328E-03, 0.6046076105961E-02
-0.2469983458656E-02, 0.1882035192302E-02,-0.2243886576838E-02, 0.4440551790315E-02,-0.2199906323612E-03,-0.2154429372507E-02, 0.2977771037426E-02,-0.4942978530784E-03, 0.6026578087031E-02
-0.2680601893034E-02, 0.1589035461813E-02,-0.2429091856977E-02, 0.4243192929635E-02,-0.3987797030097E-03,-0.2338570802292E-02, 0.2700492713776E-02,-0.7427813479956E-03, 0.5748041974933E-02
-0.2869565458499E-02, 0.1318259750660E-02,-0.2702787420603E-02, 0.4029435012981E-02,-0.5366892699794E-03,-0.2479439282610E-02, 0.2447694888720E-02,-0.9730622560762E-03, 0.5372285208247E-02
-0.2886054106660E-02, 0.1335664714847E-02,-0.2701178706590E-02, 0.4046722122424E-02,-0.4944313196384E-03,-0.2454197321999E-02, 0.2459760105607E-02,-0.9760960375121E-03, 0.5408854885235E-02
-0.3048713493172E-02, 0.9493640183030E-03,-0.2941472351577E-02, 0.3505653307331E-02,-0.9046705247764E-03,-0.2681332578690E-02, 0.2159033408497E-02,-0.1254004940095E-02, 0.4976379465440E-02
-0.3091543862510E-02, 0.8709781294053E-03,-0.3001639674556E-02, 0.3401983083666E-02,-0.1020223182004E-02,-0.2823494739468E-02, 0.2073668925135E-02,-0.1290831323629E-02, 0.4824901616519E-02
-0.3192287886669E-02, 0.7855379438182E-03,-0.3115951733237E-02, 0.3269422715592E-02,-0.1130679277530E-02,-0.2948196993963E-02, 0.1918821196894E-02,-0.1366626339828E-02, 0.4745206752258E-02
-0.3417752630768E-02, 0.6347217503846E-03,-0.3354604650650E-02, 0.3007194280223E-02,-0.1266435375162E-02,-0.3021736656094E-02, 0.1612894661741E-02,-0.1562438942430E-02, 0.4767894599907E-02
-0.2138198907730E-02, 0.2291252339050E-02,-0.2165294810456E-02, 0.4742040692874E-02, 0.1812948384437E-03,-0.1774582147801E-02, 0.3343258195466E-02,-0.2171399094865E-03, 0.6076071929090E-02
-0.2338120046644E-02, 0.2002979151391E-02,-0.2119953926038E-02, 0.4549940531302E-02,-0.9245865989636E-04,-0.2015487090378E-02, 0.3078179452544E-02,-0.4521727087030E-03, 0.6057171854333E-02
-0.2550425744424E-02, 0.1709932489208E-02,-0.2306925994219E-02, 0.4352728939065E-02,-0.2721667656503E-03,-0.2201042801940E-02, 0.2801307469512E-02,-0.7006508904144E-03, 0.5779396115692E-02
-0.2741302954151E-02, 0.1438803642527E-02,-0.2582441218368E-02, 0.4138890840551E-02,-0.4112121202946E-03,-0.2343477506745E-02, 0.2548619503506E-02,-0.9311638214194E-03, 0.5404364269632E-02
-0.2757765165307E-02, 0.1456354769309E-02,-0.2580799665520E-02, 0.4156482290166E-02,-0.3688926861859E-03,-0.2318184271907E-02, 0.2560889408731E-02,-0.9341296826471E-03, 0.5441560288162E-02
-0.2923519721770E-02, 0.1069064555772E-02,-0.2824021948033E-02, 0.3615274822245E-02,-0.7808451421610E-03,-0.2547896793111E-02, 0.2259704651116E-02,-0.1212651398505E-02, 0.5009010481123E-02
-0.2967419309610E-02, 0.9902403470416E-03,-0.2885333096293E-02, 0.3511389270632E-02,-0.8970210129210E-03,-0.2690988856118E-02, 0.2174153498575E-02,-0.1249791289472E-02, 0.4857881061521E-02
-0.3069381978730E-02, 0.9042297767131E-03,-0.3000499768553E-02, 0.3378520302880E-02,-0.1008268436846E-02,-0.2816765598123E-02, 0.2019141750186E-02,-0.1325942911301E-02, 0.4777452482690E-02
-0.3296559438078E-02, 0.7526204062645E-03,-0.3239653216099E-02, 0.3115969128114E-02,-0.1145211398895E-02,-0.2891799318459E-02, 0.1713120822238E-02,-0.1522167010925E-02, 0.4797476637878E-02
-0.1987540084947E-02, 0.2431590800052E-02,-0.2020105443208E-02, 0.4870647222976E-02, 0.3149715912857E-03,-0.1654519728368E-02, 0.3436033804213E-02,-0.1225300509058E-03, 0.6159137831435E-02
-0.2188413260187E-02, 0.2144125563287E-02,-0.1976168578995E-02, 0.4679580605235E-02, 0.4115704501677E-04,-0.1895950654306E-02, 0.3172224641169E-02,-0.3569670520542E-03, 0.6141069668624E-02
-0.2402338675339E-02, 0.1851382808655E-02,-0.2164871425729E-02, 0.4482829549423E-02,-0.1392156956290E-03,-0.2082543724803E-02, 0.2896144190110E-02,-0.6053105371690E-03, 0.5864396633617E-02
-0.2595117166145E-02, 0.1580200250882E-02,-0.2442207987205E-02, 0.4269142631738E-02,-0.2792070815123E-03,-0.2226245710411E-02, 0.2643869248151E-02,-0.8360024746304E-03, 0.5490417255401E-02
-0.2611547130772E-02, 0.1597917162436E-02,-0.2440536949362E-02, 0.4287107066877E-02,-0.2368291255903E-03,-0.2200931018530E-02, 0.2656376853706E-02,-0.8388861049856E-03, 0.5528115067850E-02
-0.2780436717689E-02, 0.1209866584819E-02,-0.2686758269559E-02, 0.3745955515526E-02,-0.6502875924339E-03,-0.2432763509171E-02, 0.2355043079987E-02,-0.1118199580114E-02, 0.5095733585287E-02
-0.2825445353124E-02, 0.1130612432965E-02,-0.2749332061928E-02, 0.3641857304573E-02,-0.7670607960015E-03,-0.2576596789828E-02, 0.2269379538755E-02,-0.1155773711075E-02, 0.4944741403590E-02
-0.2928709313179E-02, 0.1044045095464E-02,-0.2865254917994E-02, 0.3508681400524E-02,-0.8790725555698E-03,-0.2703272753835E-02, 0.2114277549704E-02,-0.1232411387111E-02, 0.4864234222902E-02
-0.3157745661490E-02, 0.8917233424954E-03,-0.3104389309934E-02, 0.3245871859982E-02,-0.1017135314086E-02,-0.2779636223070E-02, 0.1808283505542E-02,-0.1429172477918E-02, 0.4883900967302E-02
-0.1839524799813E-02, 0.2570405908767E-02,-0.1876629216761E-02, 0.4996637908749E-02, 0.4370552126008E-03,-0.1553337079969E-02, 0.3525595510224E-02,-0.2421413361265E-05, 0.6268263410836E-02
-0.2041159526526E-02, 0.2283905921523E-02,-0.1833927602284E-02, 0.4806767820759E-02, 0.1634112233411E-03,-0.1794980691794E-02, 0.3263213454805E-02,-0.2361949095245E-03, 0.6251073917259E-02
-0.2256498306082E-02, 0.1991677345898E-02,-0.2024166513982E-02, 0.4610654208613E-02,-0.1738677306735E-04,-0.1982304308272E-02, 0.2988094866002E-02,-0.4843309325189E-03, 0.5975647965205E-02
-0.2450980221381E-02, 0.1720655511694E-02,-0.2303133970360E-02, 0.4397282778172E-02,-0.1580998553109E-03,-0.2126991497735E-02, 0.2736391155645E-02,-0.7151469177046E-03, 0.5602884938196E-02
-0.2467375555617E-02, 0.1738527069723E-02,-0.2301438688112E-02, 0.4415615337770E-02,-0.1156780037432E-03,-0.2101672729804E-02, 0.2749126238562E-02,-0.7179475155800E-03, 0.5640942478693E-02
-0.2639129790800E-02, 0.1349973386747E-02,-0.2550406591173E-02, 0.3874709285842E-02,-0.5303155920489E-03,-0.2335190868946E-02, 0.2447834017597E-02,-0.9980885160906E-03, 0.5208945193386E-02
-0.2685171314605E-02, 0.1270343454453E-02,-0.2614192131612E-02, 0.3770436526715E-02,-0.6475966804025E-03,-0.2479599292933E-02, 0.2362095284744E-02,-0.1036134841344E-02, 0.5057953640566E-02
-0.2789660566111E-02, 0.1183291546854E-02,-0.2730738686517E-02, 0.3637007161507E-02,-0.7602659147292E-03,-0.2607001767393E-02, 0.2206951860099E-02,-0.1113294681500E-02, 0.4977817869136E-02
-0.3020449971548E-02, 0.1030395617381E-02,-0.2969542401720E-02, 0.3374046742140E-02,-0.8992777945165E-03,-0.2684489460985E-02, 0.1901080306732E-02,-0.1310615409705E-02, 0.4998690555349E-02
-0.1827165809722E-02, 0.2568785638688E-02,-0.1867329566301E-02, 0.4987158763695E-02, 0.4365971093887E-03,-0.1553546531909E-02, 0.3511525310597E-02, 0.8715729039684E-05, 0.6258139458756E-02
-0.2028863590141E-02, 0.2282430134023E-02,-0.1824784371993E-02, 0.4797439085043E-02, 0.1629556153468E-03,-0.1795145588791E-02, 0.3249261703582E-02,-0.2250552897512E-03, 0.6241195976886E-02
-0.2244314954053E-02, 0.1990363299042E-02,-0.2015155477685E-02, 0.4601636996421E-02,-0.1783931636231E-04,-0.1982480209753E-02, 0.2974364715374E-02,-0.4731969233518E-03, 0.5966178644830E-02
-0.2438927933968E-02, 0.1719516507277E-02,-0.2294230528162E-02, 0.4388675513045E-02,-0.1585297569291E-03,-0.2127202117466E-02, 0.2722938804835E-02,-0.7040205011842E-03, 0.5593925659107E-02
-0.2455351863913E-02, 0.1737209031545E-02,-0.2292570511292E-02, 0.4406641528446E-02,-0.1162181808307E-03,-0.2101917946295E-02, 0.2735450774516E-02,-0.7068671267168E-03, 0.5631394580073E-02
-0.2627270871838E-02, 0.1349208547516E-02,-0.2541643042602E-02, 0.3866966422884E-02,-0.5305654493976E-03,-0.2335414683829E-02, 0.2434918052217E-02,-0.9869588072322E-03, 0.5201065512733E-02
-0.2673394940679E-02, 0.1269711011751E-02,-0.2605467776996E-02, 0.3762968466494E-02,-0.6477635623639E-03,-0.2479789771384E-02, 0.2349385526262E-02,-0.1025003995189E-02, 0.5050437244171E-02
-0.2777969497507E-02, 0.1182822760768E-02,-0.2722059659907E-02, 0.3629892615769E-02,-0.7603418383787E-03,-0.2607175792280E-02, 0.2194513724711E-02,-0.1102155606208E-02, 0.4970507797059E-02
-0.3008856108359E-02, 0.1030172536095E-02,-0.2960934814134E-02, 0.3367502155617E-02,-0.8992452663624E-03,-0.2684696544337E-02, 0.1889059265692E-02,-0.1299455440120E-02, 0.4991400385171E-02
-0.1632774804178E-02, 0.2757976035822E-02,-0.1680742092807E-02, 0.5150929936570E-02, 0.5770304771923E-03,-0.1403623660173E-02, 0.3709525185413E-02, 0.2047466991365E-03, 0.6456651992166E-02
-0.1835196926550E-02, 0.2473094451141E-02,-0.1639667026154E-02, 0.4962966911157E-02, 0.3040539640747E-03,-0.1645382697461E-02, 0.3449249363127E-02,-0.2800727239266E-04, 0.6440611266973E-02
-0.2052188148261E-02, 0.2181962776755E-02,-0.1831759110617E-02, 0.4768113465091E-02, 0.1230635091915E-03,-0.1833527406600E-02, 0.3175706045385E-02,-0.2757365460424E-03, 0.6167320815350E-02
-0.2248741369176E-02, 0.1911565734572E-02,-0.2112648552599E-02, 0.4555597703301E-02,-0.1828164736412E-04,-0.1979406239871E-02, 0.2925039591143E-02,-0.5066279814233E-03, 0.5796827485427E-02
-0.2265073993686E-02, 0.1929590128753E-02,-0.2110928050316E-02, 0.4574357902956E-02, 0.2413746014047E-04,-0.1954081718045E-02, 0.2938026020039E-02,-0.5093141457468E-03, 0.5835108211414E-02
-0.2440505408083E-02, 0.1540914434449E-02,-0.2363340334735E-02, 0.4034491652259E-02,-0.3913991051205E-03,-0.2189760087932E-02, 0.2636914708982E-02,-0.7906447758201E-03, 0.5404419583203E-02
-0.2487920277683E-02, 0.1460878573239E-02,-0.2428717823737E-02, 0.3930125900511E-02,-0.5091733497936E-03,-0.2334911016684E-02, 0.2550988850416E-02,-0.8294182395191E-03, 0.5253317790599E-02
-0.2593997531805E-02, 0.1373308434679E-02,-0.2545978100641E-02, 0.3796557285416E-02,-0.6225174784611E-03,-0.2463258593205E-02, 0.2395809072133E-02,-0.9073573829975E-03, 0.5174454464625E-02
-0.2826967533766E-02, 0.1219908416331E-02,-0.2784017457404E-02, 0.3533790022578E-02,-0.7625011462211E-03,-0.2542213300958E-02, 0.2090366643084E-02,-0.1105453932840E-02, 0.5199457376002E-02
-0.1573302056755E-02, 0.2801087562810E-02,-0.1633618396290E-02, 0.5185073303939E-02, 0.6319102043226E-03,-0.1326357993693E-02, 0.3771809274354E-02, 0.2492095019659E-03, 0.6495279703985E-02
-0.1775814614214E-02, 0.2516927577241E-02,-0.1592962370058E-02, 0.4997816395939E-02, 0.3591846985809E-03,-0.1568284756909E-02, 0.3512285404298E-02, 0.1696672451020E-04, 0.6479694941611E-02
-0.1993139330675E-02, 0.2226357614146E-02,-0.1785418581348E-02, 0.4803543301634E-02, 0.1782045097221E-03,-0.1756763781219E-02, 0.3239388905260E-02,-0.2304014368958E-03, 0.6207249446989E-02
-0.2190161510281E-02, 0.1956364570050E-02,-0.2066651424028E-02, 0.4591513153377E-02, 0.3674137169278E-04,-0.1903071421461E-02, 0.2989214946870E-02,-0.4610744462995E-03, 0.5837678416456E-02
-0.2206466940834E-02, 0.1974392661399E-02,-0.2064932054486E-02, 0.4610349912144E-02, 0.7913075580305E-04,-0.1877714586529E-02, 0.3002228305956E-02,-0.4637378274942E-03, 0.5876055904346E-02
-0.2382839475499E-02, 0.1586056824954E-02,-0.2318104579035E-02, 0.4071218224434E-02,-0.3365468160909E-03,-0.2114277969102E-02, 0.2701415330571E-02,-0.7450528652895E-03, 0.5446100533017E-02
-0.2430625197273E-02, 0.1505996890259E-02,-0.2383826928700E-02, 0.3966918021468E-02,-0.4544578228215E-03,-0.2259792231022E-02, 0.2615471284538E-02,-0.7839506746023E-03, 0.5295125798331E-02
-0.2537111469877E-02, 0.1418388564083E-02,-0.2501323610219E-02, 0.3833435973484E-02,-0.5679837591611E-03,-0.2388548824838E-02, 0.2460360919845E-02,-0.8620008502493E-03, 0.5216553257197E-02
-0.2770600336849E-02, 0.1265023583887E-02,-0.2739427486405E-02, 0.3570962065968E-02,-0.7082023658967E-03,-0.2468024005423E-02, 0.2155231616441E-02,-0.1060113367073E-02, 0.5242277451261E-02
-0.1510263155987E-02, 0.2851342003804E-02,-0.1580316256897E-02, 0.5237939241127E-02, 0.7095297438213E-03,-0.1242931965146E-02, 0.3834906799093E-02, 0.3023858979649E-03, 0.6544867994284E-02
-0.1712822737391E-02, 0.2568044600762E-02,-0.1540097251035E-02, 0.5051498760223E-02, 0.4370448373711E-03,-0.1484979560174E-02, 0.3576305555048E-02, 0.7076685395941E-04, 0.6529807843539E-02
-0.1930471685316E-02, 0.2278133423918E-02,-0.1732945567960E-02, 0.4857861035097E-02, 0.2560394391243E-03,-0.1673778945592E-02, 0.3304177036198E-02,-0.1761594117120E-03, 0.6258303794979E-02
-0.2127976999179E-02, 0.2008602688123E-02,-0.2014558732020E-02, 0.4646335319561E-02, 0.1144015349991E-03,-0.1820524150672E-02, 0.3054574432412E-02,-0.4065643909733E-03, 0.5889739220745E-02
-0.2144247484651E-02, 0.2026663463381E-02,-0.2012837242540E-02, 0.4665315253699E-02, 0.1567786770860E-03,-0.1795131638452E-02, 0.3067654569985E-02,-0.4091943620772E-03, 0.5928324123466E-02
-0.2321624722391E-02, 0.1638659399092E-02,-0.2266869698945E-02, 0.4126856932514E-02,-0.2592198472131E-03,-0.2032628136901E-02, 0.2767159729508E-02,-0.6904964579611E-03, 0.5498961983812E-02
-0.2369805858461E-02, 0.1558556932862E-02,-0.2332982065115E-02, 0.4022572557233E-02,-0.3773496408978E-03,-0.2178528145857E-02, 0.2681200338518E-02,-0.7295420634776E-03, 0.5348070328628E-02
-0.2476727273961E-02, 0.1470884182043E-02,-0.2450754468202E-02, 0.3889118069828E-02,-0.4911490379632E-03,-0.2307722883935E-02, 0.2526157402215E-02,-0.8077272555278E-03, 0.5269835589100E-02
-0.2710765541229E-02, 0.1317528844049E-02,-0.2688953494541E-02, 0.3626888477086E-02,-0.6317106896559E-03,-0.2387759390053E-02, 0.2221344281381E-02,-0.1005866938001E-02, 0.5296501970327E-02
-0.1419032361667E-02, 0.2939433312579E-02,-0.1490791909743E-02, 0.5345070998770E-02, 0.8344979075473E-03,-0.1149929781272E-02, 0.3914268210807E-02, 0.4003717087207E-03, 0.6641420586347E-02
-0.1621714628890E-02, 0.2657289014126E-02,-0.1451238505906E-02, 0.5159763693844E-02, 0.5622767515886E-03,-0.1391961136810E-02, 0.3657038854055E-02, 0.1695726261963E-03, 0.6627064393334E-02
-0.1839917960690E-02, 0.2368199874374E-02,-0.1644809121156E-02, 0.4966882484020E-02, 0.3811308143512E-03,-0.1581094579310E-02, 0.3385960756407E-02,-0.7684924141736E-04, 0.6356782043302E-02
-0.2038214563111E-02, 0.2099187688717E-02,-0.1927176013842E-02, 0.4755865245177E-02, 0.2391197432001E-03,-0.1728376182960E-02, 0.3137080576140E-02,-0.3070274587843E-03, 0.5989477474529E-02
-0.2054434458584E-02, 0.2117368235136E-02,-0.1925439840857E-02, 0.4775173563599E-02, 0.2815294113442E-03,-0.1702956824211E-02, 0.3150346598120E-02,-0.3095882057905E-03, 0.6028470850128E-02
-0.2233376403979E-02, 0.1729481361260E-02,-0.2180987664916E-02, 0.4237174183944E-02,-0.1352592113838E-03,-0.1941568170459E-02, 0.2850100600854E-02,-0.5911872014339E-03, 0.5599417433871E-02
-0.2282153848421E-02, 0.1649214616421E-02,-0.2247794627122E-02, 0.4132762601883E-02,-0.2538062436424E-03,-0.2087897110331E-02, 0.2764093151611E-02,-0.6305412534913E-03, 0.5448440807056E-02
-0.2389748615954E-02, 0.1561321062230E-02,-0.2365971784631E-02, 0.3999154317598E-02,-0.3681173140272E-03,-0.2217612731728E-02, 0.2609070374388E-02,-0.7090427441014E-03, 0.5370798867420E-02
-0.2624675436891E-02, 0.1407787382230E-02,-0.2604096215584E-02, 0.3736984830144E-02,-0.5093366736496E-03,-0.2298388572734E-02, 0.2304529504001E-02,-0.9074151618122E-03, 0.5399465933588E-02
-0.2134821734373E-02, 0.3167988538969E-02,-0.1859324023499E-02, 0.5950980979588E-02, 0.8129076981913E-03,-0.1680989456725E-02, 0.4331894827876E-02, 0.2828571004618E-03,-0.1200498028652E-02
-0.2338013941025E-02, 0.2862418253726E-02,-0.1816317968500E-02, 0.5744522874814E-02, 0.5292939713173E-03,-0.1926516524216E-02, 0.4054853478890E-02, 0.4046781223381E-04,-0.1410641278780E-02
-0.2553067881269E-02, 0.2557506035877E-02,-0.2008323873105E-02, 0.5534491023076E-02, 0.3423618842838E-03,-0.2115273159557E-02, 0.3767219596609E-02,-0.2145458000536E-03,-0.1646258935165E-02
-0.2746223410856E-02, 0.2277622399539E-02,-0.2289890797464E-02, 0.5308433111616E-02, 0.1972085934677E-03,-0.2260139942149E-02, 0.3504773497672E-02,-0.4509737164694E-03,-0.1872350537569E-02
-0.2760713031593E-02, 0.2299426736400E-02,-0.2285382897781E-02, 0.5330874829390E-02, 0.2438790574675E-03,-0.2232081386123E-02, 0.3521397981932E-02,-0.4507338689879E-03,-0.1879848249885E-02
-0.2931798661054E-02, 0.1890422927864E-02,-0.2539903946044E-02, 0.4758429858505E-02,-0.1873729740049E-03,-0.2469726266698E-02, 0.3198565916381E-02,-0.7432323819617E-03,-0.2155953739483E-02
-0.2976940150550E-02, 0.1805348460808E-02,-0.2606024741580E-02, 0.4645661436695E-02,-0.3093185616907E-03,-0.2615916901826E-02, 0.3106110788015E-02,-0.7838970897102E-03,-0.2205367897036E-02
-0.3081005190132E-02, 0.1712700757342E-02,-0.2719464534922E-02, 0.4503000634375E-02,-0.4265043767029E-03,-0.2744664224414E-02, 0.2942707594289E-02,-0.8643375343360E-03,-0.2259519047730E-02
-0.3312009510166E-02, 0.1552537255770E-02,-0.2945155463801E-02, 0.4226911563790E-02,-0.5705331875613E-03,-0.2822187013626E-02, 0.2624820955042E-02,-0.1067117830996E-02,-0.2368153658127E-02
-0.2000998544650E-02, 0.3285167054982E-02,-0.1734094900363E-02, 0.6055851043778E-02, 0.9389049016646E-03,-0.1540534020746E-02, 0.4428070812196E-02, 0.3236820280416E-03,-0.1167410483865E-02
-0.2205224982532E-02, 0.2980363090045E-02,-0.1692468323801E-02, 0.5850386446082E-02, 0.6551490205660E-03,-0.1786960725766E-02, 0.4152089092412E-02, 0.8179427055245E-04,-0.1376979606574E-02
-0.2421897634566E-02, 0.2675701090989E-02,-0.1886102164336E-02, 0.5640833996411E-02, 0.4675062919508E-03,-0.1977046350393E-02, 0.3865130685165E-02,-0.1731150271340E-03,-0.1612507361046E-02
-0.2616903687243E-02, 0.2395733342131E-02,-0.2169348339164E-02, 0.5414993042090E-02, 0.3213986963790E-03,-0.2123406214684E-02, 0.3603049229801E-02,-0.4096833207862E-03,-0.1838792293011E-02
-0.2631362837432E-02, 0.2417717655246E-02,-0.2164792962527E-02, 0.5437784749082E-02, 0.3681448901025E-03,-0.2095296665288E-02, 0.3619912883036E-02,-0.4093587038288E-03,-0.1846302935152E-02
-0.2805464740492E-02, 0.2008089732282E-02,-0.2422085360483E-02, 0.4865643008799E-02,-0.6452317339412E-04,-0.2335409942490E-02, 0.3296931732102E-02,-0.7023467190612E-03,-0.2122827872337E-02
-0.2851647872330E-02, 0.1922695934947E-02,-0.2489284758657E-02, 0.4752804919595E-02,-0.1869929517356E-03,-0.2482480427134E-02, 0.3204401782007E-02,-0.7432749600500E-03,-0.2172501425961E-02
-0.2956897486693E-02, 0.1829604731759E-02,-0.2603558090032E-02, 0.4609987307824E-02,-0.3048694539717E-03,-0.2612254401399E-02, 0.3040973257307E-02,-0.8240208627567E-03,-0.2226995761943E-02
-0.3189562142869E-02, 0.1668829064533E-02,-0.2829795360748E-02, 0.4333787067842E-02,-0.4499533012960E-03,-0.2691225172131E-02, 0.2723207827670E-02,-0.1027149402545E-02,-0.2336098585069E-02
-0.1849053091998E-02, 0.3422301044701E-02,-0.1588782155061E-02, 0.6180683430132E-02, 0.1071003491762E-02,-0.1419800282206E-02, 0.4518066155232E-02, 0.4175825625356E-03,-0.1053681878179E-02
-0.2054151297651E-02, 0.3118648001125E-02,-0.1548433215336E-02, 0.5976657786482E-02, 0.7874528274241E-03,-0.1666653761263E-02, 0.4243616425213E-02, 0.1764220823182E-03,-0.1263120776790E-02
-0.2272358634955E-02, 0.2814614025624E-02,-0.1743632164089E-02, 0.5767937761198E-02, 0.5993717927302E-03,-0.1857685461184E-02, 0.3957709839402E-02,-0.7822028151137E-04,-0.1498744825627E-02
-0.2469186650912E-02, 0.2534883780535E-02,-0.2028531442903E-02, 0.5542578683851E-02, 0.4525122285678E-03,-0.2005232860023E-02, 0.3696279273821E-02,-0.3148448712876E-03,-0.1725318369045E-02
-0.2483614315433E-02, 0.2557078653194E-02,-0.2023932891670E-02, 0.5565779981359E-02, 0.4993379219083E-03,-0.1977102813530E-02, 0.3713437208095E-02,-0.3144212119291E-03,-0.1732750639761E-02
-0.2660750906792E-02, 0.2147073130936E-02,-0.2284040757037E-02, 0.4994164691252E-02, 0.6546487538839E-04,-0.2219224666672E-02, 0.3390577707438E-02,-0.6080420980177E-03,-0.2010371317052E-02
-0.2708017823565E-02, 0.2061375685563E-02,-0.2352433291848E-02, 0.4881270075491E-02,-0.5750174948514E-04,-0.2366993954720E-02, 0.3298041862572E-02,-0.6493534431153E-03,-0.2060587055286E-02
-0.2814533239237E-02, 0.1967859621689E-02,-0.2467432072440E-02, 0.4738309043553E-02,-0.1760413727484E-03,-0.2497624876920E-02, 0.3134647510793E-02,-0.7305274487270E-03,-0.2115705013445E-02
-0.3048991133567E-02, 0.1806557035726E-02,-0.2693672844276E-02, 0.4462075593034E-02,-0.3221122690516E-03,-0.2577876966524E-02, 0.2817093302752E-02,-0.9341047443718E-03,-0.2225557224356E-02
-0.1699621365615E-02, 0.3558208407860E-02,-0.1445033856498E-02, 0.6303290307690E-02, 0.1191830085804E-02,-0.1317905261703E-02, 0.4605245943861E-02, 0.5371208742471E-03,-0.9108187556490E-03
-0.1905400235596E-02, 0.3255851818883E-02,-0.1405794459247E-02, 0.6100849231219E-02, 0.9087037895525E-03,-0.1564878649207E-02, 0.4332476031301E-02, 0.2967624943026E-03,-0.1120296000542E-02
-0.2124933880907E-02, 0.2952645616848E-02,-0.1602362012606E-02, 0.5893126176118E-02, 0.7204145750803E-03,-0.1756553271388E-02, 0.4047776454142E-02, 0.4246988691471E-04,-0.1356038718468E-02
-0.2323383695696E-02, 0.2673357794721E-02,-0.1888721499170E-02, 0.5668403396029E-02, 0.5730191094090E-03,-0.1905008481321E-02, 0.3787138256638E-02,-0.1941458350448E-03,-0.1582867538268E-02
-0.2337780017531E-02, 0.2695752297745E-02,-0.1884087752898E-02, 0.5692010581364E-02, 0.6199106198813E-03,-0.1876876425208E-02, 0.3804585360941E-02,-0.1936251520676E-03,-0.1590184689320E-02
-0.2517677410290E-02, 0.2285609262060E-02,-0.2146756202289E-02, 0.5121087675462E-02, 0.1851360925557E-03,-0.2120578076733E-02, 0.3482010177609E-02,-0.4879021711906E-03,-0.1869065998867E-02
-0.2565954071595E-02, 0.2199656358929E-02,-0.2216293670776E-02, 0.5008162984699E-02, 0.6175384584778E-04,-0.2268886608859E-02, 0.3389497102852E-02,-0.5296374816049E-03,-0.1919900189010E-02
-0.2673660422377E-02, 0.2105780680772E-02,-0.2331881515130E-02, 0.4865102700280E-02,-0.5735016150819E-04,-0.2400207124880E-02, 0.3226174676339E-02,-0.6112751898596E-03,-0.1975707021127E-02
-0.2909803827737E-02, 0.1944079464718E-02,-0.2557797458789E-02, 0.4588938542203E-02,-0.2042468808576E-03,-0.2481536745507E-02, 0.2908910401873E-02,-0.8153135231644E-03,-0.2086348496776E-02
-0.1688355500080E-02, 0.3553712357316E-02,-0.1437419767416E-02, 0.6290292206602E-02, 0.1189033328079E-02,-0.1319451071270E-02, 0.4588329266192E-02, 0.5463216941124E-03,-0.8945302671885E-03
-0.1894195089626E-02, 0.3251559050551E-02,-0.1398334552021E-02, 0.6088123434421E-02, 0.9059359906288E-03,-0.1566382001089E-02, 0.4315715847119E-02, 0.3059747400864E-03,-0.1104046928274E-02
-0.2113836777554E-02, 0.2948588857996E-02,-0.1595011461338E-02, 0.5880853564090E-02, 0.7176928373386E-03,-0.1758063600693E-02, 0.4031306582970E-02, 0.5170184453885E-04,-0.1339803236775E-02
-0.2312412057419E-02, 0.2669556358034E-02,-0.1881445329680E-02, 0.5656676348492E-02, 0.5703719121621E-03,-0.1906544878972E-02, 0.3771027563210E-02,-0.1848870428433E-03,-0.1566644473080E-02
-0.2326828636162E-02, 0.2691722858105E-02,-0.1876861643254E-02, 0.5679766105825E-02, 0.6171170642813E-03,-0.1878450932423E-02, 0.3788183641056E-02,-0.1844340319670E-03,-0.1573909198861E-02
-0.2506889367176E-02, 0.2282322749413E-02,-0.2139563280696E-02, 0.5110374893017E-02, 0.1827689219671E-03,-0.2122102507118E-02, 0.3466564614725E-02,-0.4785729943633E-03,-0.1852962850657E-02
-0.2555227273086E-02, 0.2196545785014E-02,-0.2209109788026E-02, 0.4997817056357E-02, 0.5950458537906E-04,-0.2270363736282E-02, 0.3374303818248E-02,-0.5202839854437E-03,-0.1903902134527E-02
-0.2663000081084E-02, 0.2102889530552E-02,-0.2324740166578E-02, 0.4855207454850E-02,-0.5946527478671E-04,-0.2401651321079E-02, 0.3211313125368E-02,-0.6018828786929E-03,-0.1959834113945E-02
-0.2899234342221E-02, 0.1941524598522E-02,-0.2550773553858E-02, 0.4579710819324E-02,-0.2061883804682E-03,-0.2482993820686E-02, 0.2894559774896E-02,-0.8058515930774E-03,-0.2070613263032E-02
-0.1490843048460E-02, 0.3741614853442E-02,-0.1248822875213E-02, 0.6453076212582E-02, 0.1330173755008E-02,-0.1167099457204E-02, 0.4784619205408E-02, 0.7433595105361E-03,-0.7437151362792E-03
-0.1697295376831E-02, 0.3441331502105E-02,-0.1211033268755E-02, 0.6253041774532E-02, 0.1048040770263E-02,-0.1414056056443E-02, 0.4514354279354E-02, 0.5042261060136E-03,-0.9526734531071E-03
-0.1918359103393E-02, 0.3139667877316E-02,-0.1409213816888E-02, 0.6047052391084E-02, 0.8598567383258E-03,-0.1606426107873E-02, 0.4231649644403E-02, 0.2505622925784E-03,-0.1188065347168E-02
-0.2118765603944E-02, 0.2861412870316E-02,-0.1697248031251E-02, 0.5823623468156E-02, 0.7120925945498E-03,-0.1755961064408E-02, 0.3972441546273E-02, 0.1408412938849E-04,-0.1414790246661E-02
-0.2133104301757E-02, 0.2884007796659E-02,-0.1692582542373E-02, 0.5847778105132E-02, 0.7590048823135E-03,-0.1727832416303E-02, 0.3990210765310E-02, 0.1472763642519E-04,-0.1421985125717E-02
-0.2316532430213E-02, 0.2474284274655E-02,-0.1958411505211E-02, 0.5278508627548E-02, 0.3237077128969E-03,-0.1973531504435E-02, 0.3668259943351E-02,-0.2804510096235E-03,-0.1701836774744E-02
-0.2366141727408E-02, 0.2388095059015E-02,-0.2029443284332E-02, 0.5165656384319E-02, 0.1999534189097E-03,-0.2122525793891E-02, 0.3575717355121E-02,-0.3228419956502E-03,-0.1753310585656E-02
-0.2475380978901E-02, 0.2293882320957E-02,-0.2145686913286E-02, 0.5022653211619E-02, 0.8030153712136E-04,-0.2254732833738E-02, 0.3412565029965E-02,-0.4051657280633E-03,-0.1809830180600E-02
-0.2713609708383E-02, 0.2131940877573E-02,-0.2370826258380E-02, 0.4747033323808E-02,-0.6739019673828E-04,-0.2337457652048E-02, 0.3096071558574E-02,-0.6098100583923E-03,-0.1921204624164E-02
-0.1430839660111E-02, 0.3783353516962E-02,-0.1201777122013E-02, 0.6485766278730E-02, 0.1384212811828E-02,-0.1089414093772E-02, 0.4845067488004E-02, 0.7874404120115E-03,-0.7023645624181E-03
-0.1637349359841E-02, 0.3483923949377E-02,-0.1164348339991E-02, 0.6286571462300E-02, 0.1102444313518E-02,-0.1336487277465E-02, 0.4575683994554E-02, 0.5488750795624E-03,-0.9109365249219E-03
-0.1858709829129E-02, 0.3182957203452E-02,-0.1362820630492E-02, 0.6081285755199E-02, 0.9143763756889E-03,-0.1529144636527E-02, 0.4293775025216E-02, 0.2956351066130E-03,-0.1146003024922E-02
-0.2059549937190E-02, 0.2905232876229E-02,-0.1651125332421E-02, 0.5858467252198E-02, 0.7665905510891E-03,-0.1679066854268E-02, 0.4035204219945E-02, 0.5943647807193E-04,-0.1372498076941E-02
-0.2073865943102E-02, 0.2927836262582E-02,-0.1646463783847E-02, 0.5882818652895E-02, 0.8134691076400E-03,-0.1650915815647E-02, 0.4053006989765E-02, 0.6009946363689E-04,-0.1379659956179E-02
-0.2258184546483E-02, 0.2518629866047E-02,-0.1912957326197E-02, 0.5314464237592E-02, 0.3781914525783E-03,-0.1897428599024E-02, 0.3731531661422E-02,-0.2349728061502E-03,-0.1659509895132E-02
-0.2308149698155E-02, 0.2432468934290E-02,-0.1984302281993E-02, 0.5201705704113E-02, 0.2543476625328E-03,-0.2046757195219E-02, 0.3639026161844E-02,-0.2774640805839E-03,-0.1711100487893E-02
-0.2417777993761E-02, 0.2338277117269E-02,-0.2100764155730E-02, 0.5058833286531E-02, 0.1345650862239E-03,-0.2179344362147E-02, 0.3476020239376E-02,-0.3598688908223E-03,-0.1767750772097E-02
-0.2656492867736E-02, 0.2176460964368E-02,-0.2325966156413E-02, 0.4783640084854E-02,-0.1328824565111E-04,-0.2262560165953E-02, 0.3159973187004E-02,-0.5644790725577E-03,-0.1879213174494E-02
-0.1367057753332E-02, 0.3832466205117E-02,-0.1148308717156E-02, 0.6537204758483E-02, 0.1461110075050E-02,-0.1005334974769E-02, 0.4906687915291E-02, 0.8404626100843E-03,-0.6500794368004E-03
-0.1573576602651E-02, 0.3534045606177E-02,-0.1111247778552E-02, 0.6338990971393E-02, 0.1179724500933E-02,-0.1252470999011E-02, 0.4638364452501E-02, 0.6025880621729E-03,-0.8582208859261E-03
-0.1795219290264E-02, 0.3233882658046E-02,-0.1310030626792E-02, 0.6134489164867E-02, 0.9917553607951E-03,-0.1445395499691E-02, 0.4357372757896E-02, 0.3498610606683E-03,-0.1092915445217E-02
-0.1996502160822E-02, 0.2956753682556E-02,-0.1598635694333E-02, 0.5912319034946E-02, 0.8439034949899E-03,-0.1595708674587E-02, 0.4099514575056E-02, 0.1139978687465E-03,-0.1319145793336E-02
-0.2010790484389E-02, 0.2979404161039E-02,-0.1593972967223E-02, 0.5936940463264E-02, 0.8907687054823E-03,-0.1567532513649E-02, 0.4117403420675E-02, 0.1146938772634E-03,-0.1326267838195E-02
-0.2196053829385E-02, 0.2570702936835E-02,-0.1861226217143E-02, 0.5369452589075E-02, 0.4553549477963E-03,-0.1814901838141E-02, 0.3796405718990E-02,-0.1802720336440E-03,-0.1606144570714E-02
-0.2246401088648E-02, 0.2484553560893E-02,-0.1932929290114E-02, 0.5256749448239E-02, 0.3313474474591E-03,-0.1964587008040E-02, 0.3703938220156E-02,-0.2228869014537E-03,-0.1657876120852E-02
-0.2356445324994E-02, 0.2390356739555E-02,-0.2049646930117E-02, 0.5113957234852E-02, 0.2113489698475E-03,-0.2097583259632E-02, 0.3541071284066E-02,-0.3053965405033E-03,-0.1714680506705E-02
-0.2595673558746E-02, 0.2228638890315E-02,-0.2274936156645E-02, 0.4839144103451E-02, 0.6323289537620E-04,-0.2181329610125E-02, 0.3225461868180E-02,-0.5099820709153E-03,-0.1826246274334E-02
-0.1274470554184E-02, 0.3919465716017E-02,-0.1058070803180E-02, 0.6642554405197E-02, 0.1585575588366E-02,-0.9112080141074E-03, 0.4984978769873E-02, 0.9386512855369E-03,-0.5575582276968E-03
-0.1481053843916E-02, 0.3622417076823E-02,-0.1021572026692E-02, 0.6445750959746E-02, 0.1304671289177E-02,-0.1158250337770E-02, 0.4718213414666E-02, 0.7017044767945E-03,-0.7652553302459E-03
-0.1703187481098E-02, 0.3323282239487E-02,-0.1220955737083E-02, 0.6242255025937E-02, 0.1116738926581E-02,-0.1351436893041E-02, 0.4438452713500E-02, 0.4495917041584E-03,-0.9995714832587E-03
-0.1905201503069E-02, 0.3046854655549E-02,-0.1510196894976E-02, 0.6020817941441E-02, 0.9686620597888E-03,-0.1502223799051E-02, 0.4181477858257E-02, 0.2140563996723E-03,-0.1225565072393E-02
-0.1919450350956E-02, 0.3069665708199E-02,-0.1505514125559E-02, 0.6045876090252E-02, 0.1015571658172E-02,-0.1474029782403E-02, 0.4199608451746E-02, 0.2148301006332E-03,-0.1232621254298E-02
-0.2106190850739E-02, 0.2661295054021E-02,-0.1774151395756E-02, 0.5479125671078E-02, 0.5796090504484E-03,-0.1722423139811E-02, 0.3879010453078E-02,-0.8030807667506E-04,-0.1512818101658E-02
-0.2157121392275E-02, 0.2575054739703E-02,-0.1846508221099E-02, 0.5366382124952E-02, 0.4552597011197E-03,-0.1872508136569E-02, 0.3786556628449E-02,-0.1232010962563E-03,-0.1564834430619E-02
-0.2267817341583E-02, 0.2480712819185E-02,-0.1963602113722E-02, 0.5223530552018E-02, 0.3348245889892E-03,-0.2005995716008E-02, 0.3623785024197E-02,-0.2059880954692E-03,-0.1621946735879E-02
-0.2507884820642E-02, 0.2318923344594E-02,-0.2188796086606E-02, 0.4948938637640E-02, 0.1861508142850E-03,-0.2090445151948E-02, 0.3308567366623E-02,-0.4107341683338E-03,-0.1733782092497E-02
-0.1900038070690E-02, 0.4278161498375E-02,-0.1321449805609E-02,-0.2820319450569E-02, 0.1683203679107E-02,-0.1347473805723E-02, 0.5530585738409E-02, 0.9309410995874E-03,-0.1057258246245E-02
-0.2108343361073E-02, 0.3954159481612E-02,-0.1283114119547E-02,-0.2745916243949E-02, 0.1388344383786E-02,-0.1599403384058E-02, 0.5241521958652E-02, 0.6808465094702E-03,-0.1272399866950E-02
-0.2328509957443E-02, 0.3636332584645E-02,-0.1482792841865E-02,-0.2869242566859E-02, 0.1192432699550E-02,-0.1793450365780E-02, 0.4942771757706E-02, 0.4186572483966E-03,-0.1512468024904E-02
-0.2526494884066E-02, 0.3346659131632E-02,-0.1773081948777E-02,-0.3085033052282E-02, 0.1039283725020E-02,-0.1942933145978E-02, 0.4669972267351E-02, 0.1754854281065E-03,-0.1742538112819E-02
-0.2538685030498E-02, 0.3373119337514E-02,-0.1765399439339E-02,-0.3120872248179E-02, 0.1090662860619E-02,-0.1911740838102E-02, 0.4691320235171E-02, 0.1793035773770E-03,-0.1748063645356E-02
-0.2719747825126E-02, 0.2939685854107E-02,-0.2035875221247E-02,-0.3372945042595E-02, 0.6365342995485E-03,-0.2161479682162E-02, 0.4344773945526E-02,-0.1293574431634E-03,-0.2032985649380E-02
-0.2767720880316E-02, 0.2847321577018E-02,-0.2108942440556E-02,-0.3420111624008E-02, 0.5075643559652E-03,-0.2312250401508E-02, 0.4244667954463E-02,-0.1743855759078E-03,-0.2084404944483E-02
-0.2875690100182E-02, 0.2746838252468E-02,-0.2220764279526E-02,-0.3489523517150E-02, 0.3829875150081E-03,-0.2445625954081E-02, 0.4072095387819E-02,-0.2600371148415E-03,-0.2140747161809E-02
-0.3112979315902E-02, 0.2576585414026E-02,-0.2429571411366E-02,-0.3646259412693E-02, 0.2298962190707E-03,-0.2527811239174E-02, 0.3741459728983E-02,-0.4704762660519E-03,-0.2252606729613E-02
-0.1765905435474E-02, 0.4391509389701E-02,-0.1196841696832E-02,-0.2698514360501E-02, 0.1806797843048E-02,-0.1207016265205E-02, 0.5622894388628E-02, 0.9705770279133E-03,-0.1024117860939E-02
-0.1975152791314E-02, 0.4068618073025E-02,-0.1159755241272E-02,-0.2625642044176E-02, 0.1512069418846E-02,-0.1459721541645E-02, 0.5335166876507E-02, 0.7211016727734E-03,-0.1238635582329E-02
-0.2196843838110E-02, 0.3751371153080E-02,-0.1360896986525E-02,-0.2750820550069E-02, 0.1315682015884E-02,-0.1654987468319E-02, 0.5037380993923E-02, 0.4591329271741E-03,-0.1478567658761E-02
-0.2396591772938E-02, 0.3461911895817E-02,-0.1652698901363E-02,-0.2968521102830E-02, 0.1161783346468E-02,-0.1805868218230E-02, 0.4765219916932E-02, 0.2159286665189E-03,-0.1708793041075E-02
-0.2408745462753E-02, 0.3488584408756E-02,-0.1644950554701E-02,-0.3004329009833E-02, 0.1213255515634E-02,-0.1774623654328E-02, 0.4786872067494E-02, 0.2198523060487E-03,-0.1714292678760E-02
-0.2592711094992E-02, 0.3054929433145E-02,-0.1918011114883E-02,-0.3259373247569E-02, 0.7580430575042E-03,-0.2026690879773E-02, 0.4440504883947E-02,-0.8915489834590E-04,-0.1999639526716E-02
-0.2641687948890E-02, 0.2962377856221E-02,-0.1992079552792E-02,-0.3307582419287E-02, 0.6286600932380E-03,-0.2178276313497E-02, 0.4340441885208E-02,-0.1343887266126E-03,-0.2051325431720E-02
-0.2750795017976E-02, 0.2861592040038E-02,-0.2104707209728E-02,-0.3378235829319E-02, 0.5035055900784E-03,-0.2312616702279E-02, 0.4167989713060E-02,-0.2202861873413E-03,-0.2108024862546E-02
-0.2989671367203E-02, 0.2690926477944E-02,-0.2314107334387E-02,-0.3536775106725E-02, 0.3495073037473E-03,-0.2396191210933E-02, 0.3837709228571E-02,-0.4309989819614E-03,-0.2220366632471E-02
-0.1613204326425E-02, 0.4524881908525E-02,-0.1051857011024E-02,-0.2559633758256E-02, 0.1936846142026E-02,-0.1086047792111E-02, 0.5709707365814E-02, 0.1063356800882E-02,-0.9093664794297E-03
-0.1823215119764E-02, 0.4203520321494E-02,-0.1015897923442E-02,-0.2488210904343E-02, 0.1642622101895E-02,-0.1339054361897E-02, 0.5423796664620E-02, 0.8147612584899E-03,-0.1123699438444E-02
-0.2046327512075E-02, 0.3887257763850E-02,-0.1218410266298E-02,-0.2615218513770E-02, 0.1446049236790E-02,-0.1535151154802E-02, 0.5127345680074E-02, 0.5532124558135E-03,-0.1363673176352E-02
-0.2247791900414E-02, 0.3598355301232E-02,-0.1511668490587E-02,-0.2834847847331E-02, 0.1291614631823E-02,-0.1687118708721E-02, 0.4856094325239E-02, 0.3100938056548E-03,-0.1594136593350E-02
-0.2259910910039E-02, 0.3625291331989E-02,-0.1503857536866E-02,-0.2870615798357E-02, 0.1343193887039E-02,-0.1655851047870E-02, 0.4878109135165E-02, 0.3141394055732E-03,-0.1599564266984E-02
-0.2446778253399E-02, 0.3191674923634E-02,-0.1779520387445E-02,-0.3128736730031E-02, 0.8871085427495E-03,-0.1909788251184E-02, 0.4532150156956E-02, 0.4680614095434E-05,-0.1885928065397E-02
-0.2496800801862E-02, 0.3098958971164E-02,-0.1854699127101E-02,-0.3178044365025E-02, 0.7573417159359E-03,-0.2062017491295E-02, 0.4432196601825E-02,-0.4087620693622E-04,-0.1938135872886E-02
-0.2607123543898E-02, 0.2997893307401E-02,-0.1968014282538E-02,-0.3250006767674E-02, 0.6316372900615E-03,-0.2197160259648E-02, 0.4259912885218E-02,-0.1271341327637E-03,-0.1995435356778E-02
-0.2847706938705E-02, 0.2826903530709E-02,-0.2177441769982E-02,-0.3410433416899E-02, 0.4767989569688E-03,-0.2281954467988E-02, 0.3930042121527E-02,-0.3381938793579E-03,-0.2108489238640E-02
-0.1462840609670E-02, 0.4657347112478E-02,-0.9082673048891E-03,-0.2425595680627E-02, 0.2055993494697E-02,-0.9838081490535E-03, 0.5794127448744E-02, 0.1181863343281E-02,-0.7650785689049E-03
-0.1673423945932E-02, 0.4337647689777E-02,-0.8732686384027E-03,-0.2355448402928E-02, 0.1762478757964E-02,-0.1236817939149E-02, 0.5510170028157E-02, 0.9342305611769E-03,-0.9793968291212E-03
-0.1897748024694E-02, 0.4022556320816E-02,-0.1076953830089E-02,-0.2484081376541E-02, 0.1565939205295E-02,-0.1433448190342E-02, 0.5215194578247E-02, 0.6731954538283E-03,-0.1219433868678E-02
-0.2100727170140E-02, 0.3734403724599E-02,-0.1371473600908E-02,-0.2705437485896E-02, 0.1411174307587E-02,-0.1586226999746E-02, 0.4944977786225E-02, 0.4302385199768E-03,-0.1450099020417E-02
-0.2112814046880E-02, 0.3761597009524E-02,-0.1363610325075E-02,-0.2741160514196E-02, 0.1462849130798E-02,-0.1554955457111E-02, 0.4967343813095E-02, 0.4344017439429E-03,-0.1455437549229E-02
-0.2302307957822E-02, 0.3328237726414E-02,-0.1641619763785E-02,-0.3002090649539E-02, 0.1006166360637E-02,-0.1810342681636E-02, 0.4621926924687E-02, 0.1244811677292E-03,-0.1742950991795E-02
-0.2353304409136E-02, 0.3235398497646E-02,-0.1717863703531E-02,-0.3052418223919E-02, 0.8760876576811E-03,-0.1963065000500E-02, 0.4522104208405E-02, 0.7855758229065E-04,-0.1795746304099E-02
-0.2464769340783E-02, 0.3134109668614E-02,-0.1831726265898E-02,-0.3125594008194E-02, 0.7499226485426E-03,-0.2098849934299E-02, 0.4350017177719E-02,-0.8095711353746E-05,-0.1853696391245E-02
-0.2706951084275E-02, 0.2962912153954E-02,-0.2040835988698E-02,-0.3287753663506E-02, 0.5943939683243E-03,-0.2184662205278E-02, 0.4020616239586E-02,-0.2195035397009E-03,-0.1967482671055E-02
-0.1452871060816E-02, 0.4649758061687E-02,-0.9025570877726E-03,-0.2411591898432E-02, 0.2050651944295E-02,-0.9868692955101E-03, 0.5774206091449E-02, 0.1188892803607E-02,-0.7496952150333E-03
-0.1663513627675E-02, 0.4330331938557E-02,-0.8677058756547E-03,-0.2341582062979E-02, 0.1757200481219E-02,-0.1239837872750E-02, 0.5490450528562E-02, 0.9412857901638E-03,-0.9640500971056E-03
-0.1887937090725E-02, 0.4015565653412E-02,-0.1071469538675E-02,-0.2470369219801E-02, 0.1560760477237E-02,-0.1436466649292E-02, 0.5195838722611E-02, 0.6803040901111E-03,-0.1204111941539E-02
-0.2091028585757E-02, 0.3727763074557E-02,-0.1366021084067E-02,-0.2691876116866E-02, 0.1406133181079E-02,-0.1589256429165E-02, 0.4926070189403E-02, 0.4374178882861E-03,-0.1434801311327E-02
-0.2103138774984E-02, 0.3754659454273E-02,-0.1358228758676E-02,-0.2727626739184E-02, 0.1457617339994E-02,-0.1558034158484E-02, 0.4948108263649E-02, 0.4414851055320E-03,-0.1440139967893E-02
-0.2292764214936E-02, 0.3322264508939E-02,-0.1636179850890E-02,-0.2988740123615E-02, 0.1001521707153E-02,-0.1813322215016E-02, 0.4603861004455E-02, 0.1318127186673E-03,-0.1727744878949E-02
-0.2343803974105E-02, 0.3229652395250E-02,-0.1712398046848E-02,-0.3039154076305E-02, 0.8716005363787E-03,-0.1965980814290E-02, 0.4504331066161E-02, 0.8594098035064E-04,-0.1780592155440E-02
-0.2455315307988E-02, 0.3128648288803E-02,-0.1826297491118E-02,-0.3112432554422E-02, 0.7456191044926E-03,-0.2101713363705E-02, 0.4332632747310E-02,-0.6369925820593E-06,-0.1838600124190E-02
-0.2697565925332E-02, 0.2957889610473E-02,-0.2035569713659E-02,-0.3274732977378E-02, 0.5903399325675E-03,-0.2187512472693E-02, 0.4003852435396E-02,-0.2119162993391E-03,-0.1952451558052E-02
-0.1252748817554E-02, 0.4835827806294E-02,-0.7123590584458E-03,-0.2259719246388E-02, 0.2192165035738E-02,-0.8324744035031E-03, 0.5968200046948E-02, 0.1386388435513E-02,-0.5961910295546E-03
-0.1463855489449E-02, 0.4518703636801E-02,-0.6786000560687E-03,-0.2191231629271E-02, 0.1900009289284E-02,-0.1085301741995E-02, 0.5687182302165E-02, 0.1140219495691E-02,-0.8099137894784E-03
-0.1689547747311E-02, 0.4205644888776E-02,-0.8836164053324E-03,-0.2321781473610E-02, 0.1703906757203E-02,-0.1282469369051E-02, 0.5394660059016E-02, 0.8800703360378E-03,-0.1049517941538E-02
-0.1894330750932E-02, 0.3918973132089E-02,-0.1179521922660E-02,-0.2545102245660E-02, 0.1549065736350E-02,-0.1436186512573E-02, 0.5126301042047E-02, 0.6374973720290E-03,-0.1280001502005E-02
-0.1906364087321E-02, 0.3946432236755E-02,-0.1171613076591E-02,-0.2580735329603E-02, 0.1600794859238E-02,-0.1404925076217E-02, 0.5149055499359E-02, 0.6417996091872E-03,-0.1285225752568E-02
-0.2099189634613E-02, 0.3514076872221E-02,-0.1452455727203E-02,-0.2844990437913E-02, 0.1144001415746E-02,-0.1662106260617E-02, 0.4804743584847E-02, 0.3313056928486E-03,-0.1573598913242E-02
-0.2151463766221E-02, 0.3421187088431E-02,-0.1530078022961E-02,-0.2896584731973E-02, 0.1013686232801E-02,-0.1815443275526E-02, 0.4705066507821E-02, 0.2848113660728E-03,-0.1627007281130E-02
-0.2264387398773E-02, 0.3319758128810E-02,-0.1644528036040E-02,-0.2971248099645E-02, 0.8871144753396E-03,-0.1952040867877E-02, 0.4533378217452E-02, 0.1975811909826E-03,-0.1685641067842E-02
-0.2508525313090E-02, 0.3148606438411E-02,-0.1852848857692E-02,-0.3135457247171E-02, 0.7309852237925E-03,-0.2039155900308E-02, 0.4205119477945E-02,-0.1423747506512E-04,-0.1800114506364E-02
-0.1192453919400E-02, 0.4875968829123E-02,-0.6655833062428E-03,-0.2220106457088E-02, 0.2245132017710E-02,-0.7546540587664E-03, 0.6026536525032E-02, 0.1429871706872E-02,-0.5544229797710E-03
-0.1403573912108E-02, 0.4559844148391E-02,-0.6321159982172E-03,-0.2152077291957E-02, 0.1953468563456E-02,-0.1007533254358E-02, 0.5746543271098E-02, 0.1184336969204E-02,-0.7677371092093E-03
-0.1629513520191E-02, 0.4247632833244E-02,-0.8373383781863E-03,-0.2283044502827E-02, 0.1757601534186E-02,-0.1204928086188E-02, 0.5454975781167E-02, 0.9246848624783E-03,-0.1006991043077E-02
-0.1834682212988E-02, 0.3961633055592E-02,-0.1133428195042E-02,-0.2506747411426E-02, 0.1602847421458E-02,-0.1358979035860E-02, 0.5187407904778E-02, 0.6824628215745E-03,-0.1237221038495E-02
-0.1846697599709E-02, 0.3989106541051E-02,-0.1125524838153E-02,-0.2542335380923E-02, 0.1654540215118E-02,-0.1327705695062E-02, 0.5210212559949E-02, 0.6867825552556E-03,-0.1242411850023E-02
-0.2040344730089E-02, 0.3557460800410E-02,-0.1406921134978E-02,-0.2807317608719E-02, 0.1197943911853E-02,-0.1585611215127E-02, 0.4866566390798E-02, 0.3764986767549E-03,-0.1530754242458E-02
-0.2092955421586E-02, 0.3464656853397E-02,-0.1484819359827E-02,-0.2859219216697E-02, 0.1067591973406E-02,-0.1739245859146E-02, 0.4766985131380E-02, 0.3299320073938E-03,-0.1584274173155E-02
-0.2206242361036E-02, 0.3363313492959E-02,-0.1599466039516E-02,-0.2934233764064E-02, 0.9409464477550E-03,-0.1876187323560E-02, 0.4595525752419E-02, 0.2426554481453E-03,-0.1643033451425E-02
-0.2450823017929E-02, 0.3192385068738E-02,-0.1807846637732E-02,-0.3098887700696E-02, 0.7847372363216E-03,-0.1963756446470E-02, 0.4267859915471E-02, 0.3092888006970E-04,-0.1757584923589E-02
-0.1128162706865E-02, 0.4923713223834E-02,-0.6121355400650E-03,-0.2163926813915E-02, 0.2321034123182E-02,-0.6702058721892E-03, 0.6086423279891E-02, 0.1482518145038E-02,-0.5014562851501E-03
-0.1339240811944E-02, 0.4608758017483E-02,-0.5789546628645E-03,-0.2096408993749E-02, 0.2029913424558E-02,-0.9230746968065E-03, 0.5807641167152E-02, 0.1237751573615E-02,-0.7143141211236E-03
-0.1565406817507E-02, 0.4297510654725E-02,-0.7843919205704E-03,-0.2227899219073E-02, 0.1834284256413E-02,-0.1120669440179E-02, 0.5517150535671E-02, 0.9786944805555E-03,-0.9531649700435E-03
-0.1770964983407E-02, 0.4012253396581E-02,-0.1080688437612E-02,-0.2452116251069E-02, 0.1679585796379E-02,-0.1275052456579E-02, 0.5250444836016E-02, 0.7368856916208E-03,-0.1183099798999E-02
-0.1782958078215E-02, 0.4039792351910E-02,-0.1072782242682E-02,-0.2487651873315E-02, 0.1731267207626E-02,-0.1243763638826E-02, 0.5273363961070E-02, 0.7412407928670E-03,-0.1188248351136E-02
-0.1977474835614E-02, 0.3608838238223E-02,-0.1354823747423E-02,-0.2753605779792E-02, 0.1274737711159E-02,-0.1502432725553E-02, 0.4930362034467E-02, 0.4311683291698E-03,-0.1476585265370E-02
-0.2030448586863E-02, 0.3516104605274E-02,-0.1433042414728E-02,-0.2805904191375E-02, 0.1144283576825E-02,-0.1656386767017E-02, 0.4830877066031E-02, 0.3845062272261E-03,-0.1530244966381E-02
-0.2144125828201E-02, 0.3414820643807E-02,-0.1547921419227E-02,-0.2881375530131E-02, 0.1017486161788E-02,-0.1793700545436E-02, 0.4659634096492E-02, 0.2971596700062E-03,-0.1589158052947E-02
-0.2389174764617E-02, 0.3244086634316E-02,-0.1756380507613E-02,-0.3046622667829E-02, 0.8611030513790E-03,-0.1881761910040E-02, 0.4332536408849E-02, 0.8551702641191E-04,-0.1703806080323E-02
-0.1034502445211E-02, 0.5009313181378E-02,-0.5214225639219E-03,-0.2057092462555E-02, 0.2444632089056E-02,-0.5752356983719E-03, 0.6163372929618E-02, 0.1580589762493E-02,-0.4075541021183E-03
-0.1245566221387E-02, 0.4695968993165E-02,-0.4886829752269E-03,-0.1990364239218E-02, 0.2154236058534E-02,-0.8279137114363E-03, 0.5886351269703E-02, 0.1336874653968E-02,-0.6199276745826E-03
-0.1472140326803E-02, 0.4385973930732E-02,-0.6945803670165E-03,-0.2122832897278E-02, 0.1958840382305E-02,-0.1025681344770E-02, 0.5597287105910E-02, 0.1078556966329E-02,-0.8583498089517E-03
-0.1678352707628E-02, 0.4101616858292E-02,-0.9913770722624E-03,-0.2348095127053E-02, 0.1804080393110E-02,-0.1180461064367E-02, 0.5331636769732E-02, 0.8371910357838E-03,-0.1087998053677E-02
-0.1690311501346E-02, 0.4129369953913E-02,-0.9834393295012E-03,-0.2383565815778E-02, 0.1855825818402E-02,-0.1149158996555E-02, 0.5354854849393E-02, 0.8416387839555E-03,-0.1093077060756E-02
-0.1886204080183E-02, 0.3698972140236E-02,-0.1266717755008E-02,-0.2651387063022E-02, 0.1399008806785E-02,-0.1408746626325E-02, 0.5012402906207E-02, 0.5315317908017E-03,-0.1381683068005E-02
-0.1939738406076E-02, 0.3606226099461E-02,-0.1345541387614E-02,-0.2704401908122E-02, 0.1268297213651E-02,-0.1563063019271E-02, 0.4913003558169E-02, 0.4846273347384E-03,-0.1435629384955E-02
-0.2054036212307E-02, 0.3504877854353E-02,-0.1460763648148E-02,-0.2780711164732E-02, 0.1141146394142E-02,-0.1700830113704E-02, 0.4741940348948E-02, 0.3970484270912E-03,-0.1494854013224E-02
-0.2299865789323E-02, 0.3334187592535E-02,-0.1669106861942E-02,-0.2947101202930E-02, 0.9843148284634E-03,-0.1789549129754E-02, 0.4415356590792E-02, 0.1853266459586E-03,-0.1609763781408E-02
-0.1563884176949E-02, 0.5501184731601E-02,-0.6749967371229E-03,-0.2691052894440E-02, 0.2664879080270E-02,-0.9109399706977E-03, 0.6839689768768E-02, 0.1686996119303E-02,-0.8178362444049E-03
-0.1778076785222E-02, 0.5157157158235E-02,-0.6422040149744E-03,-0.2617779466433E-02, 0.2357746118251E-02,-0.1170088238705E-02, 0.6537729415854E-02, 0.1428425859093E-02,-0.1039175221648E-02
-0.2004064675776E-02, 0.4825410099785E-02,-0.8504617023225E-03,-0.2744713691306E-02, 0.2151999175687E-02,-0.1370128602258E-02, 0.6227099081599E-02, 0.1158397014282E-02,-0.1284361976399E-02
-0.2207546160687E-02, 0.4525252013777E-02,-0.1150358785256E-02,-0.2965328892952E-02, 0.1990088318252E-02,-0.1524871233525E-02, 0.5943232433949E-02, 0.9078685902118E-03,-0.1518816257501E-02
-0.2217132653672E-02, 0.4556531825788E-02,-0.1139234009021E-02,-0.2999455110714E-02, 0.2046450768776E-02,-0.1490218623780E-02, 0.5969400392147E-02, 0.9155586212729E-03,-0.1522003001128E-02
-0.2409783161880E-02, 0.4096936589190E-02,-0.1427427082231E-02,-0.3261495522142E-02, 0.1567575121460E-02,-0.1753703987883E-02, 0.5597524870249E-02, 0.5891490256608E-03,-0.1817206394126E-02
-0.2461130220651E-02, 0.3996702927411E-02,-0.1508456984951E-02,-0.3311094833065E-02, 0.1430944705829E-02,-0.1909629219100E-02, 0.5489220591087E-02, 0.5392242919391E-03,-0.1871162019577E-02
-0.2573609554593E-02, 0.3887778944344E-02,-0.1617904574279E-02,-0.3383483320164E-02, 0.1298312698193E-02,-0.2048237914313E-02, 0.5306882280975E-02, 0.4477874262063E-03,-0.1930292255567E-02
-0.2817956090997E-02, 0.3706684873768E-02,-0.1805835238057E-02,-0.3544994867405E-02, 0.1135364813166E-02,-0.2135788244500E-02, 0.4962709665357E-02, 0.2289868051772E-03,-0.2046097781434E-02
-0.1430001103955E-02, 0.5610203347659E-02,-0.5514362959437E-03,-0.2568227347821E-02, 0.2785596874491E-02,-0.7710061813505E-03, 0.6927707411649E-02, 0.1725152878743E-02,-0.7848409788397E-03
-0.1645017796485E-02, 0.5267662634185E-02,-0.5197416922809E-03,-0.2496443472570E-02, 0.2478897866326E-02,-0.1030778661724E-02, 0.6627383646972E-02, 0.1467336507997E-02,-0.1005494281215E-02
-0.1872409037662E-02, 0.4936851378241E-02,-0.7292712245336E-03,-0.2625172518916E-02, 0.2272936166839E-02,-0.1231902089318E-02, 0.6318020946194E-02, 0.1197661806774E-02,-0.1250493586720E-02
-0.2077540611282E-02, 0.4637229921114E-02,-0.1030488208456E-02,-0.2847636771281E-02, 0.2110502968183E-02,-0.1387924455351E-02, 0.6035080835344E-02, 0.9472253582600E-03,-0.1485061252418E-02
-0.2087082100747E-02, 0.4668782114906E-02,-0.1019275131424E-02,-0.2881723152692E-02, 0.2166980366232E-02,-0.1353216455547E-02, 0.6061670676818E-02, 0.9550458296724E-03,-0.1488204099244E-02
-0.2282487891051E-02, 0.4209397768456E-02,-0.1309837794329E-02,-0.3146660031767E-02, 0.1687386841969E-02,-0.1618857967615E-02, 0.5690314487536E-02, 0.6284535520931E-03,-0.1783791092648E-02
-0.2334789944337E-02, 0.4109115665050E-02,-0.1391779432739E-02,-0.3197280494670E-02, 0.1550466100556E-02,-0.1775519071701E-02, 0.5582173373741E-02, 0.5783889953988E-03,-0.1837996780584E-02
-0.2448347128932E-02, 0.4000036428719E-02,-0.1501998456958E-02,-0.3270885389530E-02, 0.1417381238899E-02,-0.1915016884510E-02, 0.5400103425822E-02, 0.4867742898232E-03,-0.1897468785457E-02
-0.2694186586618E-02, 0.3818745223307E-02,-0.1690569483603E-02,-0.3434158623985E-02, 0.1253690505967E-02,-0.2003881763605E-02, 0.5056536988130E-02, 0.2677861505108E-03,-0.2013736461057E-02
-0.1277084937909E-02, 0.5739262833060E-02,-0.4072289710696E-03,-0.2427953614388E-02, 0.2913131052120E-02,-0.6502483236609E-03, 0.7010945010233E-02, 0.1816397532267E-02,-0.6695109176309E-03
-0.1492727798859E-02, 0.5398665166626E-02,-0.3764877738164E-03,-0.2357569522696E-02, 0.2607267928895E-02,-0.9101697223179E-03, 0.6712744155967E-02, 0.1559634961216E-02,-0.8899043688725E-03
-0.1721397712601E-02, 0.5069227308741E-02,-0.5871645246459E-03,-0.2488055075524E-02, 0.2401399708892E-02,-0.1111984151411E-02, 0.6405022168573E-02, 0.1290554221310E-02,-0.1134871883947E-02
-0.1928113063543E-02, 0.4770511330135E-02,-0.8896123815223E-03,-0.2712370071462E-02, 0.2238668223673E-02,-0.1268970893523E-02, 0.6123271980072E-02, 0.1040364642193E-02,-0.1369610373518E-02
-0.1937612184171E-02, 0.4802390535527E-02,-0.8783107144921E-03,-0.2746413039155E-02, 0.2295287256127E-02,-0.1234233440345E-02, 0.6150307088379E-02, 0.1048336793611E-02,-0.1372681120369E-02
-0.2135753614662E-02, 0.4343493293689E-02,-0.1171234045272E-02,-0.3014327587028E-02, 0.1815182783834E-02,-0.1501578447135E-02, 0.5779658727839E-02, 0.7214962849012E-03,-0.1669187918800E-02
-0.2189050670797E-02, 0.4243198377914E-02,-0.1254189905707E-02,-0.3066024930763E-02, 0.1678003434109E-02,-0.1658815886759E-02, 0.5671750484746E-02, 0.6711779979375E-03,-0.1723888674176E-02
-0.2303758752934E-02, 0.4133995777308E-02,-0.1365051403794E-02,-0.3140911619949E-02, 0.1544493507639E-02,-0.1799049215822E-02, 0.5489992060549E-02, 0.5792802665919E-03,-0.1783931615269E-02
-0.2551197740285E-02, 0.3952597677024E-02,-0.1553675253490E-02,-0.3306020370700E-02, 0.1380123386768E-02,-0.1889058519994E-02, 0.5147046627906E-02, 0.3600605617370E-03,-0.1900867390001E-02
-0.1126282640896E-02, 0.5867746450613E-02,-0.2642268213173E-03,-0.2292454478195E-02, 0.3030183064726E-02,-0.5480388236579E-03, 0.7092229881347E-02, 0.1933406921876E-02,-0.5243225276599E-03
-0.1342361756473E-02, 0.5529210065496E-02,-0.2342735183414E-03,-0.2223295022715E-02, 0.2725344881326E-02,-0.8078221465714E-03, 0.6796275189925E-02, 0.1677790237216E-02,-0.7446256034989E-03
-0.1572100236332E-02, 0.5201320389031E-02,-0.4458990934228E-03,-0.2355331215988E-02, 0.2519775503835E-02,-0.1010038198611E-02, 0.6490323002852E-02, 0.1409409050874E-02,-0.9895776426198E-03
-0.1780197030176E-02, 0.4903691433619E-02,-0.7493819310951E-03,-0.2581292783352E-02, 0.2356938708606E-02,-0.1167720098519E-02, 0.6209873185402E-02, 0.1159554156846E-02,-0.1224443199462E-02
-0.1789658483339E-02, 0.4935885557399E-02,-0.7380036600798E-03,-0.2615290333623E-02, 0.2413690695644E-02,-0.1132972566123E-02, 0.6237313348378E-02, 0.1167671984487E-02,-0.1227433481243E-02
-0.1990261358623E-02, 0.4477671735547E-02,-0.1033032932347E-02,-0.2885910941701E-02, 0.1933317970348E-02,-0.1401613916915E-02, 0.5867480120477E-02, 0.8405864217125E-03,-0.1524973084068E-02
-0.2044484229906E-02, 0.4377399731513E-02,-0.1116961417166E-02,-0.2938607579925E-02, 0.1795941976027E-02,-0.1559287274341E-02, 0.5759821869760E-02, 0.7899676737486E-03,-0.1580231870962E-02
-0.2160271556521E-02, 0.4268123915320E-02,-0.1228321849473E-02,-0.3014680984767E-02, 0.1662085811318E-02,-0.1700104666298E-02, 0.5578397488999E-02, 0.6977528484146E-03,-0.1640892244657E-02
-0.2409201326436E-02, 0.4086722505347E-02,-0.1416636697786E-02,-0.3181469951665E-02, 0.1497172161028E-02,-0.1791060894572E-02, 0.5236113239791E-02, 0.4783123278813E-03,-0.1758508472960E-02
-0.1117821709919E-02, 0.5856870881951E-02,-0.2606390631037E-03,-0.2279502710368E-02, 0.3022099908688E-02,-0.5528055297139E-03, 0.7069164407458E-02, 0.1938031280266E-02,-0.5101535872980E-03
-0.1333956981442E-02, 0.5518688193632E-02,-0.2308215374366E-03,-0.2210482656645E-02, 0.2717367546420E-02,-0.8125451477604E-03, 0.6773463582423E-02, 0.1682460976699E-02,-0.7304878521444E-03
-0.1563780687603E-02, 0.5191219589138E-02,-0.4424855427812E-03,-0.2342669067477E-02, 0.2511962095592E-02,-0.1014745535808E-02, 0.6467947416073E-02, 0.1414176395571E-02,-0.9754614587473E-03
-0.1771968919515E-02, 0.4894044671453E-02,-0.7459469268828E-03,-0.2568774141918E-02, 0.2349337736595E-02,-0.1172416851397E-02, 0.6188039079373E-02, 0.1164446734808E-02,-0.1210346070824E-02
-0.1781465227381E-02, 0.4925903528954E-02,-0.7346666203689E-03,-0.2602789469966E-02, 0.2405848069478E-02,-0.1137733812584E-02, 0.6215179773771E-02, 0.1172433438967E-02,-0.1213357963006E-02
-0.1982143325036E-02, 0.4468894308446E-02,-0.1029525222340E-02,-0.2873589077841E-02, 0.1926249015669E-02,-0.1406212895354E-02, 0.5846738578782E-02, 0.8457289660717E-03,-0.1510934966263E-02
-0.2036391595134E-02, 0.4368896819685E-02,-0.1113388208615E-02,-0.2926356209608E-02, 0.1789074102401E-02,-0.1563802658949E-02, 0.5739399389674E-02, 0.7951936345092E-03,-0.1566219539316E-02
-0.2152202172622E-02, 0.4259968870550E-02,-0.1224776435659E-02,-0.3002514634272E-02, 0.1655456812087E-02,-0.1704543471552E-02, 0.5558409539212E-02, 0.7030964744290E-03,-0.1626905828911E-02
-0.2401166254375E-02, 0.4079123769386E-02,-0.1413296914775E-02,-0.3169427989603E-02, 0.1490880638345E-02,-0.1795452749114E-02, 0.5216875500789E-02, 0.4838543380398E-03,-0.1744550059786E-02
-0.9156075023086E-03, 0.6040519133411E-02,-0.6924628244426E-04,-0.2124671133737E-02, 0.3163646401147E-02,-0.3967546008274E-03, 0.7260250708488E-02, 0.2135427277337E-02,-0.3542766289561E-03
-0.1132021393929E-02, 0.5705108202260E-02,-0.4028903140233E-04,-0.2057093996041E-02, 0.2860573757256E-02,-0.6561539904035E-03, 0.6967705821065E-02, 0.1881547331423E-02,-0.5738819891761E-03
-0.1362924973117E-02, 0.5379787989969E-02,-0.2529220000244E-03,-0.2190943667911E-02, 0.2655806660358E-02,-0.8587158886287E-03, 0.6664704523576E-02, 0.1614345127029E-02,-0.8182946424597E-03
-0.1572633557388E-02, 0.5084128495089E-02,-0.5574596663254E-03,-0.2418762401694E-02, 0.2493213862339E-02,-0.1017165010897E-02, 0.6386575046953E-02, 0.1365154737645E-02,-0.1052878280527E-02
-0.1582042046487E-02, 0.5116649283891E-02,-0.5460132462264E-03,-0.2452669400661E-02, 0.2550064252278E-02,-0.9824291924152E-03, 0.6414450299888E-02, 0.1373436932642E-02,-0.1055761889194E-02
-0.1785727011242E-02, 0.4660071651765E-02,-0.8435070040244E-03,-0.2726476064397E-02, 0.2070026170487E-02,-0.1252623789139E-02, 0.6046244480027E-02, 0.1046145697855E-02,-0.1354013277894E-02
-0.1841157165573E-02, 0.4559953022969E-02,-0.9286796087930E-03,-0.2780405271795E-02, 0.1932563763104E-02,-0.1410824207337E-02, 0.5938927244433E-02, 0.9950545419632E-03,-0.1409848856561E-02
-0.1958309222146E-02, 0.4450754260464E-02,-0.1040548976095E-02,-0.2857925010989E-02, 0.1798455751105E-02,-0.1552363956928E-02, 0.5758155942440E-02, 0.9023877948311E-03,-0.1471152900771E-02
-0.2209032893939E-02, 0.4269710367535E-02,-0.1228063209871E-02,-0.3026691992803E-02, 0.1633152211754E-02,-0.1644512021916E-02, 0.5417416000313E-02, 0.6827570810264E-03,-0.1589392719691E-02
-0.8552651405234E-03, 0.6078834475848E-02,-0.2293223576849E-04,-0.2084635097539E-02, 0.3215312131212E-02,-0.3190906876854E-03, 0.7316199092137E-02, 0.2178095451292E-02,-0.3122766233339E-03
-0.1071636539168E-02, 0.5744584304573E-02, 0.5813492984728E-05,-0.2017491942551E-02, 0.2912874676156E-02,-0.5784629089007E-03, 0.7024836365409E-02, 0.1924925302319E-02,-0.5314436848692E-03
-0.1302724752430E-02, 0.5420272894755E-02,-0.2069262197776E-03,-0.2151728200261E-02, 0.2708475726804E-02,-0.7811781336204E-03, 0.6722955695508E-02, 0.1658304067609E-02,-0.7754745532897E-03
-0.1512758035013E-02, 0.5125435544421E-02,-0.5115484833923E-03,-0.2379897531115E-02, 0.2546090001414E-02,-0.9398951253506E-03, 0.6445776171592E-02, 0.1409546469288E-02,-0.1009774439360E-02
-0.1522153008768E-02, 0.5157986520919E-02,-0.5001075530017E-03,-0.2413762736071E-02, 0.2602904322884E-02,-0.9051579071555E-03, 0.6473734589415E-02, 0.1417845880591E-02,-0.1012628381677E-02
-0.1726572826943E-02, 0.4702324214324E-02,-0.7980291005254E-03,-0.2688250054052E-02, 0.2123257095548E-02,-0.1175969463869E-02, 0.6106396918346E-02, 0.1090881070316E-02,-0.1310802107513E-02
-0.1782315394886E-02, 0.4602351542670E-02,-0.8834348649611E-03,-0.2742474616691E-02, 0.1985815882461E-02,-0.1334423429163E-02, 0.5999236513482E-02, 0.1039749378710E-02,-0.1366737918040E-02
-0.1899798733793E-02, 0.4493306452197E-02,-0.9954759301043E-03,-0.2820330887752E-02, 0.1851696486521E-02,-0.1476263192343E-02, 0.5818781173569E-02, 0.9470756739848E-03,-0.1428154695814E-02
-0.2150910835895E-02, 0.4312593132096E-02,-0.1183046043551E-02,-0.2989518497968E-02, 0.1686402650663E-02,-0.1568819703805E-02, 0.5478795086441E-02, 0.7276029423599E-03,-0.1546452178046E-02
-0.7907021727404E-03, 0.6124980431532E-02, 0.3030843776377E-04,-0.2027701885828E-02, 0.3289948408296E-02,-0.2345628979493E-03, 0.7374095571181E-02, 0.2230142359589E-02,-0.2588206798488E-03
-0.1006967143067E-02, 0.5792077140812E-02, 0.5886142378141E-04,-0.1961043436834E-02, 0.2988231155095E-02,-0.4938360591516E-03, 0.7084110067258E-02, 0.1977828125318E-02,-0.4774965176611E-03
-0.1238211642853E-02, 0.5468901437480E-02,-0.1539832529366E-03,-0.2095765088968E-02, 0.2784223936492E-02,-0.6966694950350E-03, 0.6783473586920E-02, 0.1711894970367E-02,-0.7210861443849E-03
-0.1448567665029E-02, 0.5174962507669E-02,-0.4587047575662E-03,-0.2324408348128E-02, 0.2622028138733E-02,-0.8556467937192E-03, 0.6507310515713E-02, 0.1463638907200E-02,-0.9550543401955E-03
-0.1457943796141E-02, 0.5207607189494E-02,-0.4472564121226E-03,-0.2358226963180E-02, 0.2678837035056E-02,-0.8209029326337E-03, 0.6535424509957E-02, 0.1471979299040E-02,-0.9578692498677E-03
-0.1663142248272E-02, 0.4752831713142E-02,-0.7456949112643E-03,-0.2633625711121E-02, 0.2199476350715E-02,-0.1092367331968E-02, 0.6168902142870E-02, 0.1145342106072E-02,-0.1255985559779E-02
-0.1719223119060E-02, 0.4652993006204E-02,-0.8313777693594E-03,-0.2688235208551E-02, 0.2062000744726E-02,-0.1251095870883E-02, 0.6061901587324E-02, 0.1094147142945E-02,-0.1312050976275E-02
-0.1837064471637E-02, 0.4544075932088E-02,-0.9436243504811E-03,-0.2766532883518E-02, 0.1927799665415E-02,-0.1393263574546E-02, 0.5881745823580E-02, 0.1001442923243E-02,-0.1373610215089E-02
-0.2088589877762E-02, 0.4363658370251E-02,-0.1131263556276E-02,-0.2936284461207E-02, 0.1762428863782E-02,-0.1486265681622E-02, 0.5542466630052E-02, 0.7821207858192E-03,-0.1491983739608E-02
-0.6962555407070E-03, 0.6208865459879E-02, 0.1212588196753E-03,-0.1919270798955E-02, 0.3412316111736E-02,-0.1390342250368E-03, 0.7449432232129E-02, 0.2327773054872E-02,-0.1638053732391E-03
-0.9124071363672E-03, 0.5877835744454E-02, 0.1495086753362E-03,-0.1853364409795E-02, 0.3111591623635E-02,-0.3980001166806E-03, 0.7161426680353E-02, 0.2076649727601E-02,-0.3819420889488E-03
-0.1143957272256E-02, 0.5556155794441E-02,-0.6363632632923E-04,-0.1989004448105E-02, 0.2908033902763E-02,-0.6009001101986E-03, 0.6862428031637E-02, 0.1811596355687E-02,-0.6250424704889E-03
-0.1354873204720E-02, 0.5263330060971E-02,-0.3687041069515E-03,-0.2218626458301E-02, 0.2745955491874E-02,-0.7601823523065E-03, 0.6587502896995E-02, 0.1563911860462E-02,-0.8586664803827E-03
-0.1364214687073E-02, 0.5296246176388E-02,-0.3572059809977E-03,-0.2252388349818E-02, 0.2802855223825E-02,-0.7254263011061E-03, 0.6615966377890E-02, 0.1572367303931E-02,-0.8614141312922E-03
-0.1570671484755E-02, 0.4842259048188E-02,-0.6567196915885E-03,-0.2529558572010E-02, 0.2323486771074E-02,-0.9976861691550E-03, 0.6250139613982E-02, 0.1245845185400E-02,-0.1159725235325E-02
-0.1627281578497E-02, 0.4742498684460E-02,-0.7429509779835E-03,-0.2584870233118E-02, 0.2185847294169E-02,-0.1156731069755E-02, 0.6143311028701E-02, 0.1194449328962E-02,-0.1216065744493E-02
-0.1745703265907E-02, 0.4633607156676E-02,-0.8555036416522E-03,-0.2663986155712E-02, 0.2051384237634E-02,-0.1299306168579E-02, 0.5963431454434E-02, 0.1101563867211E-02,-0.1277924018276E-02
-0.1997939765372E-02, 0.4453348520462E-02,-0.1043006968512E-02,-0.2834836733776E-02, 0.1885682474995E-02,-0.1392912618206E-02, 0.5624786121328E-02, 0.8822528556180E-03,-0.1396532814288E-02
-0.1123284053577E-02, 0.6837042253139E-02, 0.8164929286094E-04,-0.2464043224183E-02, 0.3758215438686E-02,-0.3689293610481E-03,-0.1823217180802E-02, 0.2552168683949E-02,-0.4792897115407E-03
-0.1344171183270E-02, 0.6471388225794E-02, 0.1080001652900E-03,-0.2392637884207E-02, 0.3437753848037E-02,-0.6361491503961E-03,-0.2030621816481E-02, 0.2284334287690E-02,-0.7080740680661E-03
-0.1576719934205E-02, 0.6124711769689E-02,-0.1097738263106E-03,-0.2523892618277E-02, 0.3221301865317E-02,-0.8429152901831E-03,-0.2233938646940E-02, 0.2005786299395E-02,-0.9590896883791E-03
-0.1786395160837E-02, 0.5813365090802E-02,-0.4201951428430E-03,-0.2750025405247E-02, 0.3049857991989E-02,-0.1003585266843E-02,-0.2407007065399E-02, 0.1747275765240E-02,-0.1198367501861E-02
-0.1793066054972E-02, 0.5849562022054E-02,-0.4053686554293E-03,-0.2782146392946E-02, 0.3111483313094E-02,-0.9651517774786E-03,-0.2410520058086E-02, 0.1759118649526E-02,-0.1198879143473E-02
-0.1998984459015E-02, 0.5362069888589E-02,-0.7130695943107E-03,-0.3055797053300E-02, 0.2605988579365E-02,-0.1244066676518E-02,-0.2557756239192E-02, 0.1413371244055E-02,-0.1505833425861E-02
-0.2054272733268E-02, 0.5253400436532E-02,-0.8030961937337E-03,-0.3108357754754E-02, 0.2461048987566E-02,-0.1405740631897E-02,-0.2670731769050E-02, 0.1358012054481E-02,-0.1562841640198E-02
-0.2171892414535E-02, 0.5135445609905E-02,-0.9094051381837E-03,-0.3184302868774E-02, 0.2319688713519E-02,-0.1550205813679E-02,-0.2809407763598E-02, 0.1260210759943E-02,-0.1625324090717E-02
-0.2424095245497E-02, 0.4942752303255E-02,-0.1072413499586E-02,-0.3351333266068E-02, 0.2146094688278E-02,-0.1643839016398E-02,-0.2974259099872E-02, 0.1032339246209E-02,-0.1745748828385E-02
-0.9902213114322E-03, 0.6941248601841E-02, 0.2037400015405E-03,-0.2340623193095E-02, 0.3875585120292E-02,-0.2300496705523E-03,-0.1713880697682E-02, 0.2588556051816E-02,-0.4466686998135E-03
-0.1211788027465E-02, 0.6577488800425E-02, 0.2291652230905E-03,-0.2270646983492E-02, 0.3555892987695E-02,-0.4977136766012E-03,-0.1921858609034E-02, 0.2321627272378E-02,-0.6746916067650E-03
-0.1445590988399E-02, 0.6232125574324E-02, 0.1033668062531E-04,-0.2403616463946E-02, 0.3339513940027E-02,-0.7054002954896E-03,-0.2126198386484E-02, 0.2043584956327E-02,-0.9254586263872E-03
-0.1656776831670E-02, 0.5921658525091E-02,-0.3011855830151E-03,-0.2631514168059E-02, 0.3167797199738E-02,-0.8672079307378E-03,-0.2300490647543E-02, 0.1785307774428E-02,-0.1164799570237E-02
-0.1663390947742E-02, 0.5958235568104E-02,-0.2862440323115E-03,-0.2663583894474E-02, 0.3229559379754E-02,-0.8287137122011E-03,-0.2303967045449E-02, 0.1797310054266E-02,-0.1165259008207E-02
-0.1871883714955E-02, 0.5471411363442E-02,-0.5960711024626E-03,-0.2940024381657E-02, 0.2723747531093E-02,-0.1109579864394E-02,-0.2453295090543E-02, 0.1451563496150E-02,-0.1472522476843E-02
-0.1928066282290E-02, 0.5362834920864E-02,-0.6869079528128E-03,-0.2993574641891E-02, 0.2578653069169E-02,-0.1271896225861E-02,-0.2567000416149E-02, 0.1396138242632E-02,-0.1529748037080E-02
-0.2046689762119E-02, 0.5244872897502E-02,-0.7939473853030E-03,-0.3070700106263E-02, 0.2436977415054E-02,-0.1417160451861E-02,-0.2706526912754E-02, 0.1298235701142E-02,-0.1592537370941E-02
-0.2300270275966E-02, 0.5052212538643E-02,-0.9576442912251E-03,-0.3239434601158E-02, 0.2262819488404E-02,-0.1512018243473E-02,-0.2872588906555E-02, 0.1070274462893E-02,-0.1713381255177E-02
-0.8376417709977E-03, 0.7065447682290E-02, 0.3467255286483E-03,-0.2199402191036E-02, 0.4000145908252E-02,-0.1099525046552E-03,-0.1614606445728E-02, 0.2677850045034E-02,-0.3312143088713E-03
-0.1059667694015E-02, 0.6704077921310E-02, 0.3713950713747E-03,-0.2130754136863E-02, 0.3681655111598E-02,-0.3775850598901E-03,-0.1822784093855E-02, 0.2412170708815E-02,-0.5588807762086E-03
-0.1294576222897E-02, 0.6360510122885E-02, 0.1516712393072E-03,-0.2265382221128E-02, 0.3465673578846E-02,-0.5857976246490E-03,-0.2027810469886E-02, 0.2134917568512E-02,-0.8095228445112E-03
-0.1507184866422E-02, 0.6051327453025E-02,-0.1608283083595E-03,-0.2495027449805E-02, 0.3293915843768E-02,-0.7484253024422E-03,-0.2203044077776E-02, 0.1877068006251E-02,-0.1048949896691E-02
-0.1513744011352E-02, 0.6088307207343E-02,-0.1457650877998E-03,-0.2527045487734E-02, 0.3355862505952E-02,-0.7098906632916E-03,-0.2206488373604E-02, 0.1889259184036E-02,-0.1049331558834E-02
-0.1724772532515E-02, 0.5602450163048E-02,-0.4576839137108E-03,-0.2806333364302E-02, 0.2849929901714E-02,-0.9922664111726E-03,-0.2357567004947E-02, 0.1543489144360E-02,-0.1357396484325E-02
-0.1781887255350E-02, 0.5494024279788E-02,-0.5494257529308E-03,-0.2860927311520E-02, 0.2704714360189E-02,-0.1155078590635E-02,-0.2471871155794E-02, 0.1487888533604E-02,-0.1415082403177E-02
-0.1901582317791E-02, 0.5376105697206E-02,-0.6570557183444E-03,-0.2939294818372E-02, 0.2562749850192E-02,-0.1300998861614E-02,-0.2612110633416E-02, 0.1389790168685E-02,-0.1478406166217E-02
-0.2156632529646E-02, 0.5183568509947E-02,-0.8208328863246E-03,-0.3109795559597E-02, 0.2388085930619E-02,-0.1396912480202E-02,-0.2779215589264E-02, 0.1161726323887E-02,-0.1599864844069E-02
-0.6869045700653E-03, 0.7189407010250E-02, 0.4887157391454E-03,-0.2062859805585E-02, 0.4114693393022E-02,-0.8152464302693E-05,-0.1520482807332E-02, 0.2792895201809E-02,-0.1856507769586E-03
-0.9092014041671E-03, 0.6830530376554E-02, 0.5127931533728E-03,-0.1995363758226E-02, 0.3797574274396E-02,-0.2754800263264E-03,-0.1728669968280E-02, 0.2528567598834E-02,-0.4131279903817E-03
-0.1145005876870E-02, 0.6488923864739E-02, 0.2923724481738E-03,-0.2131443083195E-02, 0.3582179564487E-02,-0.4839396612045E-03,-0.1934170739010E-02, 0.2252221850289E-02,-0.6636530881935E-03
-0.1358835386469E-02, 0.6181197719284E-02,-0.2090804237175E-04,-0.2362630348284E-02, 0.3410558909375E-02,-0.6471268610101E-03,-0.2110141119041E-02, 0.1994900054402E-02,-0.9031121330673E-03
-0.1365346030324E-02, 0.6218541618194E-02,-0.5736059076282E-05,-0.2394597749781E-02, 0.3472687545910E-02,-0.6085706354849E-03,-0.2113551653329E-02, 0.2007273535800E-02,-0.9034106366523E-03
-0.1578639109539E-02, 0.5733827505358E-02,-0.3194950431846E-03,-0.2676458969997E-02, 0.2966838347871E-02,-0.8920659236975E-03,-0.2266114705087E-02, 0.1661496713522E-02,-0.1212376314696E-02
-0.1636620093949E-02, 0.5625586164426E-02,-0.4121041900509E-03,-0.2732020431102E-02, 0.2821552131180E-02,-0.1055245574471E-02,-0.2380936092475E-02, 0.1605671071869E-02,-0.1270587125593E-02
-0.1757317642493E-02, 0.5507759144336E-02,-0.5201779914146E-03,-0.2811535783272E-02, 0.2679365344515E-02,-0.1201680948147E-02,-0.2521793513505E-02, 0.1507343791663E-02,-0.1334493434281E-02
-0.2013729616837E-02, 0.5315435302705E-02,-0.6836571149190E-03,-0.2983646869680E-02, 0.2504315528368E-02,-0.1298458777187E-02,-0.2689796696225E-02, 0.1279200629601E-02,-0.1456577504063E-02
-0.6801770074405E-03, 0.7175068927360E-02, 0.4899635901181E-03,-0.2051160784323E-02, 0.4103666964207E-02,-0.1481360621159E-04,-0.1517437053268E-02, 0.2794884464685E-02,-0.1729701907083E-03
-0.9025221778544E-03, 0.6816636470434E-02, 0.5139238831611E-03,-0.1983808246912E-02, 0.3786708842322E-02,-0.2820911833621E-03,-0.1725587377710E-02, 0.2530631205556E-02,-0.4004694279268E-03
-0.1138390660000E-02, 0.6475548723406E-02, 0.2935147642179E-03,-0.2120029858175E-02, 0.3571555935208E-02,-0.4905143979346E-03,-0.1931085260959E-02, 0.2254435922608E-02,-0.6510020167626E-03
-0.1352282950254E-02, 0.6168386620524E-02,-0.1968014445768E-04,-0.2351345430807E-02, 0.3400234972429E-02,-0.6536617584720E-03,-0.2107075273986E-02, 0.1997305468596E-02,-0.8904624872188E-03
-0.1358843859632E-02, 0.6205421607715E-02,-0.4640846165035E-05,-0.2383332541135E-02, 0.3462055731770E-02,-0.6151912296433E-03,-0.2110503101387E-02, 0.2009504228202E-02,-0.8907898225518E-03
-0.1572140940584E-02, 0.5722163084193E-02,-0.3180928419901E-03,-0.2665337710944E-02, 0.2957195798138E-02,-0.8984429516128E-03,-0.2263109973246E-02, 0.1664266458390E-02,-0.1199745193004E-02
-0.1630124679691E-02, 0.5614232275053E-02,-0.4105916014174E-03,-0.2720953352890E-02, 0.2812161423980E-02,-0.1061515683740E-02,-0.2377928785459E-02, 0.1608560415506E-02,-0.1257968377216E-02
-0.1750816639629E-02, 0.5496806321752E-02,-0.5186803208684E-03,-0.2800534533605E-02, 0.2670276876160E-02,-0.1207845574315E-02,-0.2518776681876E-02, 0.1510399619518E-02,-0.1321885347387E-02
-0.2007220614049E-02, 0.5305173386658E-02,-0.6824052650308E-03,-0.2972745656228E-02, 0.2495661917939E-02,-0.1304534424396E-02,-0.2686774744363E-02, 0.1282536274489E-02,-0.1443975527325E-02
-0.4763937378766E-03, 0.7355676471767E-02, 0.6821496701526E-03,-0.1893729234815E-02, 0.4244930814811E-02, 0.1424978359843E-03,-0.1328040900777E-02, 0.2991617158843E-02,-0.1509324320034E-04
-0.6987958402601E-03, 0.7000524442535E-02, 0.7055077914302E-03,-0.1827708060544E-02, 0.3930019935274E-02,-0.1242076128960E-03,-0.1536409675290E-02, 0.2729333746948E-02,-0.2417422088568E-03
-0.9355193999271E-03, 0.6662072725805E-02, 0.4844452102175E-03,-0.1965462895481E-02, 0.3715825707084E-02,-0.3327873906766E-03,-0.1742719201865E-02, 0.2454496279974E-02,-0.4915946340017E-03
-0.1150728367950E-02, 0.6356845645506E-02, 0.1704825696178E-03,-0.2198365386629E-02, 0.3544798246518E-02,-0.4965404549514E-03,-0.1919861086437E-02, 0.2198153974469E-02,-0.7306469429647E-03
-0.1157180072445E-02, 0.6394557468437E-02, 0.1857553022770E-03,-0.2230240588458E-02, 0.3607082783982E-02,-0.4579916621207E-03,-0.1923174510588E-02, 0.2210727893157E-02,-0.7308437390589E-03
-0.1373258333357E-02, 0.5912162689912E-02,-0.1300603173280E-03,-0.2515099925574E-02, 0.3102044093367E-02,-0.7427622733590E-03,-0.2078208353306E-02, 0.1865151714059E-02,-0.1040336909665E-02
-0.1432359133765E-02, 0.5804298115336E-02,-0.2237613591507E-03,-0.2571846689951E-02, 0.2956834195289E-02,-0.9063647923483E-03,-0.2194016974910E-02, 0.1808965468167E-02,-0.1099077187804E-02
-0.1554306842765E-02, 0.5686788522138E-02,-0.3322557740687E-03,-0.2652751584118E-02, 0.2814562813038E-02,-0.1053415772380E-02,-0.2335995103656E-02, 0.1710327020301E-02,-0.1163575219721E-02
-0.1812318732948E-02, 0.5495161694742E-02,-0.4949237927285E-03,-0.2826743457964E-02, 0.2639350244238E-02,-0.1151255754343E-02,-0.2505452375816E-02, 0.1482239776822E-02,-0.1286201673357E-02
-0.4162534328183E-03, 0.7391936641589E-02, 0.7278124084005E-03,-0.1853444953345E-02, 0.4295071446982E-02, 0.2197102074526E-03,-0.1261376541793E-02, 0.3033252362183E-02, 0.2694379881523E-04
-0.6385445498362E-03, 0.7038123658151E-02, 0.7510498957361E-03,-0.1787822340962E-02, 0.3980951905610E-02,-0.4687426215619E-04,-0.1469729684963E-02, 0.2771763782794E-02,-0.1992288745676E-03
-0.8753759774087E-03, 0.6700849846161E-02, 0.5299935620661E-03,-0.1925922006873E-02, 0.3767273038695E-02,-0.2555191818227E-03,-0.1676204846710E-02, 0.2497602177859E-02,-0.4486599683197E-03
-0.1090835099098E-02, 0.6396600032084E-02, 0.2160598204870E-03,-0.2159133311440E-02, 0.3596586521418E-02,-0.4194612084127E-03,-0.1853631048643E-02, 0.2241785341254E-02,-0.6873908073545E-03
-0.1097276767919E-02, 0.6434373856948E-02, 0.2313292439979E-03,-0.2190970321540E-02, 0.3658834379902E-02,-0.3809213315623E-03,-0.1856903743656E-02, 0.2254378073103E-02,-0.6875636654827E-03
-0.1313985959078E-02, 0.5953111703534E-02,-0.8477423401280E-04,-0.2476448277989E-02, 0.3154397236511E-02,-0.6661832098269E-03,-0.2012652659501E-02, 0.1909257148548E-02,-0.9969170209258E-03
-0.1373369389999E-02, 0.5845453905613E-02,-0.1786603195756E-03,-0.2533474126962E-02, 0.3009271874896E-02,-0.8299874637003E-03,-0.2128761212860E-02, 0.1853066009114E-02,-0.1055741107541E-02
-0.1495609349266E-02, 0.5728167868804E-02,-0.2872982541055E-03,-0.2614696201604E-02, 0.2867057358795E-02,-0.9772868661654E-03,-0.2271070571356E-02, 0.1754464719451E-02,-0.1120333056382E-02
-0.1753944232673E-02, 0.5536989230763E-02,-0.4500173951712E-03,-0.2789077488319E-02, 0.2691952181922E-02,-0.1075481152083E-02,-0.2440932464875E-02, 0.1526609188426E-02,-0.1242988274204E-02
-0.3516601030076E-03, 0.7436252154663E-02, 0.7806618709812E-03,-0.1795958109225E-02, 0.4368176280996E-02, 0.3040237941124E-03,-0.1196159861325E-02, 0.3084474726160E-02, 0.8068387363905E-04
-0.5737664636794E-03, 0.7083982277616E-02, 0.8038119105949E-03,-0.1730781211529E-02, 0.4054971992552E-02, 0.3764312012543E-04,-0.1404391445154E-02, 0.2823940098224E-02,-0.1449527957184E-03
-0.8106692961057E-03, 0.6748025117504E-02, 0.5827747585482E-03,-0.1869315814714E-02, 0.3841853868562E-02,-0.1710233937204E-03,-0.1610953526593E-02, 0.2550570769050E-02,-0.3938959767347E-03
-0.1026370402914E-02, 0.6444834667629E-02, 0.2688632690571E-03,-0.2102948865231E-02, 0.3671504479765E-02,-0.3351407936644E-03,-0.1788609987111E-02, 0.2295354365071E-02,-0.6322510314529E-03
-0.1032794892976E-02, 0.6482744538370E-02, 0.2841486885070E-03,-0.2134742971791E-02, 0.3733756137859E-02,-0.2966016959448E-03,-0.1791841842770E-02, 0.2307997385506E-02,-0.6323903445465E-03
-0.1250174650183E-02, 0.6002569871813E-02,-0.3233130539316E-04,-0.2421058094066E-02, 0.3229842190690E-02,-0.5823884368048E-03,-0.1948261571248E-02, 0.1963330838423E-02,-0.9416182101670E-03
-0.1309865976265E-02, 0.5895114624858E-02,-0.1264456517023E-03,-0.2478451646710E-02, 0.3084756325166E-02,-0.7464144691486E-03,-0.2064644031375E-02, 0.1907112440359E-02,-0.1000554997411E-02
-0.1432424734033E-02, 0.5778028770526E-02,-0.2352591798828E-03,-0.2560093878284E-02, 0.2942536325729E-02,-0.8939896416991E-03,-0.2207261105163E-02, 0.1808524647990E-02,-0.1065270099849E-02
-0.1691106896025E-02, 0.5587250777807E-02,-0.3980377467963E-03,-0.2735001828869E-02, 0.2767458952438E-02,-0.9925747042247E-03,-0.2377510418830E-02, 0.1580893732959E-02,-0.1187970654931E-02
-0.2567164243620E-03, 0.7518101798896E-02, 0.8716152147720E-03,-0.1686226278509E-02, 0.4488957507600E-02, 0.3998208966948E-03,-0.1118698321113E-02, 0.3181337508842E-02, 0.1765251183091E-03
-0.4785907392249E-03, 0.7167993762507E-02, 0.8946163762828E-03,-0.1621747050227E-02, 0.4177041713602E-02, 0.1338839855929E-03,-0.1326676190664E-02, 0.2922148922030E-02,-0.4850213565264E-04
-0.7156770039533E-03, 0.6833795808164E-02, 0.6734574477252E-03,-0.1761120738715E-02, 0.3964606190223E-02,-0.7472537872838E-04,-0.1533306811083E-02, 0.2649814732008E-02,-0.2968833841124E-03
-0.9318255886944E-03, 0.6531944527133E-02, 0.3593715911665E-03,-0.1995647566916E-02, 0.3794565080981E-02,-0.2390413563039E-03,-0.1711249644782E-02, 0.2395312085319E-02,-0.5348266553207E-03
-0.9382106825976E-03, 0.6570181000691E-02, 0.3747336323735E-03,-0.2027386570213E-02, 0.3856948690940E-02,-0.2004861984117E-03,-0.1714436555248E-02, 0.2408101179076E-02,-0.5349021531196E-03
-0.1156711198803E-02, 0.6091028350070E-02, 0.5735174231590E-04,-0.2315361534239E-02, 0.3353322678983E-02,-0.4869297913564E-03,-0.1871709801671E-02, 0.2063710008115E-02,-0.8442313789857E-03
-0.1216893271927E-02, 0.5983759062386E-02,-0.3724694636944E-04,-0.2373434657457E-02, 0.3208174300316E-02,-0.6512175280584E-03,-0.1988417467511E-02, 0.2007337508227E-02,-0.9034218906991E-03
-0.1339983702585E-02, 0.5866800064715E-02,-0.1463255913511E-03,-0.2455866050019E-02, 0.3065790123973E-02,-0.7991460194576E-03,-0.2131415668345E-02, 0.1908625435546E-02,-0.9684122832567E-03
-0.1599294124892E-02, 0.5676289674141E-02,-0.3089497777214E-03,-0.2631816344155E-02, 0.2890506890532E-02,-0.8982740719894E-03,-0.2302183511721E-02, 0.1681104841122E-02,-0.1091308392351E-02
-0.5757512603257E-03,-0.1998669930239E-02, 0.9496224613779E-03,-0.2136390990072E-02, 0.4963222081910E-02, 0.2806559253270E-03,-0.1685417632891E-02, 0.3527101038630E-02,-0.3849801837722E-04
-0.8041759115169E-03,-0.2211361020874E-02, 0.9686262063495E-03,-0.2067623311351E-02, 0.4628383877395E-02, 0.4478818876662E-05,-0.1897162997671E-02, 0.3249197514534E-02,-0.2760297532944E-03
-0.1044058255801E-02,-0.2435281575350E-02, 0.7403682961975E-03,-0.2203942986128E-02, 0.4400334484371E-02,-0.2097717642962E-03,-0.2104585159900E-02, 0.2961434529246E-02,-0.5336349953153E-03
-0.1260653254397E-02,-0.2640865595036E-02, 0.4184696265713E-03,-0.2436318025818E-02, 0.4218546351981E-02,-0.3770582077789E-03,-0.2281371676783E-02, 0.2694301671992E-02,-0.7782174250984E-03
-0.1264104974012E-02,-0.2653961121442E-02, 0.4372283972828E-03,-0.2466138403411E-02, 0.4285656098905E-02,-0.3345267456165E-03,-0.2282736304808E-02, 0.2710554038809E-02,-0.7757598409300E-03
-0.1485001059403E-02,-0.2878760035509E-02, 0.1082335914937E-03,-0.2753106245596E-02, 0.3751643665666E-02,-0.6305882100225E-03,-0.2437788003335E-02, 0.2343884698492E-02,-0.1095928570585E-02
-0.1544811408401E-02,-0.2901815023946E-02, 0.8163521602018E-05,-0.2809179466942E-02, 0.3597761244574E-02,-0.7986229425962E-03,-0.2553844544708E-02, 0.2282553212353E-02,-0.1156478159473E-02
-0.1668219847584E-02,-0.2960197390424E-02,-0.9423677768898E-04,-0.2889283758311E-02, 0.3447006312293E-02,-0.9495844319038E-03,-0.2696156378938E-02, 0.2177807832715E-02,-0.1222823750971E-02
-0.1929106721345E-02,-0.3128348784373E-02,-0.2282389522523E-03,-0.3062602866494E-02, 0.3261940024398E-02,-0.1050032879769E-02,-0.2865490786619E-02, 0.1940149639147E-02,-0.1348465338966E-02
-0.4440848688986E-03,-0.1871085674878E-02, 0.1069832135382E-02,-0.2012807499314E-02, 0.5076795369134E-02, 0.4179476363008E-03,-0.1575314077123E-02, 0.3561431941373E-02,-0.6523486465560E-05
-0.6730166899832E-03,-0.2084627203726E-02, 0.1088101512159E-02,-0.1945389015438E-02, 0.4743083380601E-02, 0.1415358359027E-03,-0.1787578685372E-02, 0.3284602874106E-02,-0.2432013079848E-03
-0.9139751552105E-03,-0.2309977904019E-02, 0.8590323807508E-03,-0.2083319967422E-02, 0.4515417739903E-02,-0.7344517950586E-04,-0.1995970700013E-02, 0.2997514568012E-02,-0.5004805077823E-03
-0.1131914146103E-02,-0.2517236519923E-02, 0.5362786133796E-03,-0.2317352013201E-02, 0.4333630129030E-02,-0.2417028180639E-03,-0.2173932586959E-02, 0.2730773068814E-02,-0.7450611280610E-03
-0.1135293652668E-02,-0.2530301117306E-02, 0.5551843289741E-03,-0.2347106276224E-02, 0.4400915521492E-02,-0.1991028306363E-03,-0.2175260254701E-02, 0.2747219794162E-02,-0.7425366558251E-03
-0.1358549230973E-02,-0.2757872475222E-02, 0.2243326596359E-03,-0.2636726017882E-02, 0.3867015724724E-02,-0.4968775971840E-03,-0.2332335841421E-02, 0.2380754673999E-02,-0.1062926798873E-02
-0.1419181312078E-02,-0.2781919421586E-02, 0.1235653378414E-03,-0.2693747007471E-02, 0.3713121220199E-02,-0.6654465303305E-03,-0.2449093989282E-02, 0.2319438358638E-02,-0.1123655992560E-02
-0.1543505315289E-02,-0.2841463359003E-02, 0.2048195463159E-04,-0.2774984351508E-02, 0.3562197160610E-02,-0.8171024194030E-03,-0.2592227630157E-02, 0.2214676304250E-02,-0.1190268861799E-02
-0.1805632912848E-02,-0.3011262546406E-02,-0.1142573635935E-03,-0.2949933322203E-02, 0.3376765030846E-02,-0.9186697095530E-03,-0.2762740123491E-02, 0.1977037765543E-02,-0.1316279984115E-02
-0.2923988907716E-03,-0.1725614716427E-02, 0.1211161345108E-02,-0.1871089883234E-02, 0.5197934836411E-02, 0.5369311581331E-03,-0.1475112695978E-02, 0.3648361200316E-02, 0.1085903687283E-03
-0.5215920173162E-03,-0.1939760849585E-02, 0.1228894652802E-02,-0.1804905863352E-02, 0.4865816512344E-02, 0.2607599003513E-03,-0.1687515804716E-02, 0.3372998969778E-02,-0.1276118682078E-03
-0.7634517074676E-03,-0.2166369699303E-02, 0.9992102142847E-03,-0.1944371714888E-02, 0.4638878591092E-02, 0.4544355527536E-04,-0.1896532450281E-02, 0.3086916284832E-02,-0.3846522203157E-03
-0.9826237262459E-03,-0.2375197287577E-02, 0.6757609737122E-03,-0.2180022252454E-02, 0.4457331075281E-02,-0.1234677363853E-03,-0.2075380067568E-02, 0.2820802677818E-02,-0.6292156900382E-03
-0.9859298493346E-03,-0.2388215919869E-02, 0.6948299172713E-03,-0.2209711236584E-02, 0.4524848858185E-02,-0.8081109719558E-04,-0.2076674145910E-02, 0.2837483718244E-02,-0.6266040379575E-03
-0.1211487809765E-02,-0.2618532767765E-02, 0.3621798630313E-03,-0.2502016644109E-02, 0.3991247270496E-02,-0.3798745966223E-03,-0.2235437956884E-02, 0.2471240826938E-02,-0.9476519920977E-03
-0.1272976611717E-02,-0.2643586016815E-02, 0.2606295097453E-03,-0.2560036795693E-02, 0.3837380679310E-02,-0.5488455201724E-03,-0.2352771445246E-02, 0.2409836652486E-02,-0.1008797179265E-02
-0.1398277987212E-02,-0.2704311793314E-02, 0.1570141637152E-03,-0.2642464044236E-02, 0.3686315174507E-02,-0.7010652509823E-03,-0.2496588595175E-02, 0.2304975622591E-02,-0.1075897994127E-02
-0.1661722986310E-02,-0.2875771738370E-02, 0.2216497935542E-04,-0.2819092234577E-02, 0.3500563915268E-02,-0.8035866477809E-03,-0.2668099880992E-02, 0.2067376720175E-02,-0.1202457639388E-02
-0.1422355005440E-03,-0.1583057173742E-02, 0.1351723697580E-02,-0.1733926469686E-02, 0.5309570735447E-02, 0.6379399895878E-03,-0.1379974967188E-02, 0.3760975308961E-02, 0.2540072999455E-03
-0.3715040739224E-03,-0.1797590746183E-02, 0.1369082629947E-02,-0.1668800126951E-02, 0.4979200205249E-02, 0.3622668216783E-03,-0.1592326149355E-02, 0.3487193514006E-02, 0.1811688751913E-04
-0.6140568587199E-03,-0.2025220685575E-02, 0.1138980545687E-02,-0.1809592749815E-02, 0.4753162052807E-02, 0.1468808474802E-03,-0.1801754209590E-02, 0.3202248340001E-02,-0.2386835755174E-03
-0.8342614488672E-03,-0.2235391574975E-02, 0.8150315013337E-03,-0.2046655896882E-02, 0.4572014269844E-02,-0.2243483588953E-04,-0.1981282282958E-02, 0.2936875931231E-02,-0.4831648416848E-03
-0.8375019362776E-03,-0.2248358408849E-02, 0.8342507096776E-03,-0.2076283617598E-02, 0.4639762687714E-02, 0.2026103879005E-04,-0.1982542293533E-02, 0.2953784446628E-02,-0.4804650197509E-03
-0.1065096420934E-02,-0.2481134536023E-02, 0.5000487584801E-03,-0.2370999998039E-02, 0.4106621779248E-02,-0.2797229416757E-03,-0.2142731009342E-02, 0.2587793986548E-02,-0.8022527934952E-03
-0.1127379931846E-02,-0.2507111114468E-02, 0.3977487868363E-03,-0.2429945040591E-02, 0.3952823150485E-02,-0.4489812844139E-03,-0.2260560520731E-02, 0.2526249555726E-02,-0.8638787305781E-03
-0.1253592820753E-02,-0.2568919293689E-02, 0.2937509634582E-03,-0.2513469363415E-02, 0.3801670648555E-02,-0.6016362315548E-03,-0.2404966721287E-02, 0.2421257819232E-02,-0.9315156402856E-03
-0.1518249108714E-02,-0.2741880225306E-02, 0.1591861996539E-03,-0.2691620930728E-02, 0.3615700060317E-02,-0.7049280914779E-03,-0.2577329553788E-02, 0.2183735027051E-02,-0.1058630771497E-02
-0.1374651451914E-03,-0.1569778982295E-02, 0.1350424363123E-02,-0.1723690043777E-02, 0.5295425886025E-02, 0.6291942191164E-03,-0.1378064626720E-02, 0.3760106800638E-02, 0.2649782991373E-03
-0.3667692447608E-03,-0.1784345894018E-02, 0.1367688489677E-02,-0.1658710823110E-02, 0.4965269859239E-02, 0.3535822141978E-03,-0.1590382583636E-02, 0.3486435404268E-02, 0.2908000026291E-04
-0.6093569086419E-03,-0.2012057930320E-02, 0.1137659637408E-02,-0.1799632452651E-02, 0.4739560562382E-02, 0.1382609977681E-03,-0.1799810285415E-02, 0.3201705764730E-02,-0.2277087800975E-03
-0.8295866054120E-03,-0.2222333549794E-02, 0.8138746379014E-03,-0.2036800577834E-02, 0.4558815819783E-02,-0.3097704975620E-04,-0.1979356467590E-02, 0.2936603112309E-02,-0.4721684197525E-03
-0.8328988609029E-03,-0.2235327069572E-02, 0.8329212227380E-03,-0.2066458540055E-02, 0.4626203519008E-02, 0.1160554276844E-04,-0.1980637138198E-02, 0.2953288215168E-02,-0.4695146620691E-03
-0.1060405971929E-02,-0.2468249372629E-02, 0.4991835235153E-03,-0.2361258896861E-02, 0.4094291294689E-02,-0.2880341164222E-03,-0.2140839215248E-02, 0.2588019689952E-02,-0.7912217881799E-03
-0.1122665802815E-02,-0.2494322413374E-02, 0.3970439206321E-03,-0.2420239809141E-02, 0.3940791189933E-02,-0.4571584351555E-03,-0.2258651099083E-02, 0.2526634635017E-02,-0.8528387980576E-03
-0.1248838792690E-02,-0.2556233468572E-02, 0.2930481222063E-03,-0.2503807565803E-02, 0.3790005805988E-02,-0.6096737910380E-03,-0.2403039053121E-02, 0.2421863892812E-02,-0.9204608097333E-03
-0.1513434736985E-02,-0.2729303484396E-02, 0.1582010044257E-03,-0.2682026423750E-02, 0.3604590104566E-02,-0.7128255692314E-03,-0.2575399875013E-02, 0.2184714869764E-02,-0.1047546411724E-02
 0.6735481781516E-04,-0.1389882811091E-02, 0.1543002258869E-02,-0.1564015561600E-02, 0.5436052835623E-02, 0.7873675764187E-03,-0.1185536377594E-02, 0.3955604049361E-02, 0.4244054014146E-03
-0.1617470965801E-03,-0.1604654442530E-02, 0.1559951100407E-02,-0.1500225988638E-02, 0.5108387005036E-02, 0.5125924727895E-03,-0.1397973689122E-02, 0.3684208797962E-02, 0.1895056327539E-03
-0.4049287428016E-03,-0.1833355128573E-02, 0.1329613697645E-02,-0.1642520767200E-02, 0.4883976867284E-02, 0.2973467338914E-03,-0.1608112950874E-02, 0.3401138106556E-02,-0.6645898433252E-04
-0.6262391377096E-03,-0.2045055416910E-02, 0.1005396233502E-02,-0.1881122014489E-02, 0.4703787720338E-02, 0.1276969289679E-03,-0.1788723575473E-02, 0.3137095100188E-02,-0.3103818366062E-03
-0.6294072700563E-03,-0.2057937964926E-02, 0.1024760096830E-02,-0.1910651974027E-02, 0.4771758140195E-02, 0.1703968547332E-03,-0.1789898618416E-02, 0.3154250858602E-02,-0.3075799120162E-03
-0.8594422410258E-03,-0.2293736991215E-02, 0.6889458527387E-03,-0.2208132384054E-02, 0.4239933590746E-02,-0.1305486019806E-03,-0.1952436563714E-02, 0.2788904642731E-02,-0.6296757937614E-03
-0.9227411316969E-03,-0.2320922036381E-02, 0.5857236546682E-03,-0.2268201736345E-02, 0.4086391243326E-02,-0.3001086252624E-03,-0.2071207962778E-02, 0.2727125037687E-02,-0.6917709709899E-03
-0.1050068802301E-02,-0.2384117893960E-02, 0.4814027905088E-03,-0.2353042988808E-02, 0.3935335155403E-02,-0.4532558593324E-03,-0.2216684245972E-02, 0.2621978973394E-02,-0.7599344434089E-03
-0.1316098168280E-02,-0.2558910544258E-02, 0.3476577645382E-03,-0.2532952982817E-02, 0.3749437662911E-02,-0.5574620833781E-03,-0.2390436623926E-02, 0.2384783793572E-02,-0.8874933330856E-03
 0.1270403081219E-03,-0.1343822461708E-02, 0.1587825790915E-02,-0.1523659543748E-02, 0.5484446885484E-02, 0.8638305701325E-03,-0.1118247549447E-02, 0.3995988075752E-02, 0.4662727359245E-03
-0.1018690902745E-03,-0.1558475843469E-02, 0.1604756421689E-02,-0.1460222443475E-02, 0.5157748427886E-02, 0.5892855828721E-03,-0.1330640214156E-02, 0.3725482405533E-02, 0.2318968849395E-03
-0.3450672347286E-03,-0.1787278830848E-02, 0.1374551886486E-02,-0.1602808938548E-02, 0.4934009869384E-02, 0.3740777022682E-03,-0.1540914399793E-02, 0.3443193273279E-02,-0.2359719618651E-04
-0.5665391070857E-03,-0.1999221424888E-02, 0.1050490107124E-02,-0.1841666340685E-02, 0.4754300489077E-02, 0.2043312304234E-03,-0.1721780192828E-02, 0.3179778953555E-02,-0.2671519274252E-03
-0.5696994767055E-03,-0.2012074053970E-02, 0.1069854282984E-02,-0.1871161346085E-02, 0.4822247918036E-02, 0.2470124401630E-03,-0.1722923345784E-02, 0.3196958045230E-02,-0.2643305848535E-03
-0.8002439628914E-03,-0.2248485437121E-02, 0.7339065031799E-03,-0.2169183113011E-02, 0.4291246379448E-02,-0.5428027857970E-04,-0.1886126946987E-02, 0.2832207849956E-02,-0.5862130201283E-03
-0.8637902003773E-03,-0.2275964012732E-02, 0.6305526544489E-03,-0.2229510864040E-02, 0.4137855746258E-02,-0.2239824200903E-03,-0.2005180899276E-02, 0.2770462539353E-02,-0.6483719839175E-03
-0.9913641441159E-03,-0.2339480742276E-02, 0.5261196315024E-03,-0.2314644993619E-02, 0.3986927946071E-02,-0.3773186260775E-03,-0.2150969469577E-02, 0.2665402249886E-02,-0.7166067070546E-03
-0.1257639669005E-02,-0.2514640956456E-02, 0.3923290770586E-03,-0.2494905603226E-02, 0.3801241892824E-02,-0.4818162513942E-03,-0.2325103333794E-02, 0.2428520626809E-02,-0.8441598003319E-03
 0.1914187338645E-03,-0.1292409677433E-02, 0.1640099927326E-02,-0.1465820169654E-02, 0.5555755336000E-02, 0.9476333277752E-03,-0.1052234665868E-02, 0.4046159822113E-02, 0.5200753896304E-03
-0.3721328200296E-04,-0.1506890004347E-02, 0.1657061629191E-02,-0.1402777901587E-02, 0.5230184059954E-02, 0.6734133702616E-03,-0.1264472553235E-02, 0.3776716563935E-02, 0.2862911160929E-03
-0.2803826910727E-03,-0.1735774895682E-02, 0.1427014264463E-02,-0.1545735813042E-02, 0.5007188083277E-02, 0.4582957896426E-03,-0.1474798434644E-02, 0.3495334769725E-02, 0.3134223720572E-04
-0.5020013977602E-03,-0.1947963989658E-02, 0.1103109026447E-02,-0.1784950204964E-02, 0.4827973434716E-02, 0.2884723161754E-03,-0.1655861935589E-02, 0.3232630018914E-02,-0.2117829249823E-03
-0.5051437243352E-03,-0.1960778277165E-02, 0.1122500390101E-02,-0.1814403812273E-02, 0.4895941335021E-02, 0.3311472113457E-03,-0.1656971684042E-02, 0.3249873343053E-02,-0.2089310568158E-03
-0.7362343216506E-03,-0.2197853338405E-02, 0.7863297037746E-03,-0.2113173633982E-02, 0.4365712236921E-02, 0.2947461172556E-04,-0.1820800298061E-02, 0.2885713965208E-02,-0.5306088110658E-03
-0.8000523492001E-03,-0.2225651952537E-02, 0.6828018505355E-03,-0.2173846618197E-02, 0.4212440823897E-02,-0.1403884402858E-03,-0.1940112946640E-02, 0.2823981250560E-02,-0.5928601156832E-03
-0.9278989314310E-03,-0.2289519527925E-02, 0.5782262131910E-03,-0.2259373828736E-02, 0.4061589315963E-02,-0.2939404080578E-03,-0.2086189900423E-02, 0.2718982893713E-02,-0.6611952528708E-03
-0.1194444701552E-02,-0.2465080815631E-02, 0.4443860496139E-03,-0.2440115300486E-02, 0.3876043048996E-02,-0.3987658785178E-03,-0.2260682654643E-02, 0.2482407006913E-02,-0.7887579162687E-03
 0.2865646310562E-03,-0.1206366716127E-02, 0.1730820495678E-02,-0.1355085204038E-02, 0.5674587487778E-02, 0.1043406072144E-02,-0.9734894519560E-03, 0.4141925250326E-02, 0.6164307100419E-03
 0.5830392089190E-04,-0.1420696718731E-02, 0.1747806094553E-02,-0.1292669853435E-02, 0.5350615546675E-02, 0.7697867006752E-03,-0.1185423689317E-02, 0.3873998703494E-02, 0.3833421206562E-03
-0.1849065602038E-03,-0.1649844354605E-02, 0.1517833166995E-02,-0.1436368336714E-02, 0.5128557620380E-02, 0.5548673226772E-03,-0.1395765955739E-02, 0.3593822201465E-02, 0.1290428035020E-03
-0.4068421882294E-03,-0.1862548485308E-02, 0.1193941021978E-02,-0.1676372627190E-02, 0.4949863668184E-02, 0.3849660649330E-03,-0.1577069662259E-02, 0.3331986570814E-02,-0.1135897126519E-03
-0.4099342738011E-03,-0.1875303579624E-02, 0.1213442612612E-02,-0.1705766596269E-02, 0.5017995094709E-02, 0.4276667188669E-03,-0.1578138058893E-02, 0.3349415845148E-02,-0.1106720638948E-03
-0.6419903890637E-03,-0.2113581677447E-02, 0.8765563154819E-03,-0.2006066523005E-02, 0.4488367523267E-02, 0.1254904173368E-03,-0.1742775039748E-02, 0.2985701229940E-02,-0.4323442268851E-03
-0.7062531538946E-03,-0.2141902070687E-02, 0.7726156072253E-03,-0.2067388578755E-02, 0.4335146679018E-02,-0.4457079267258E-04,-0.1862398830280E-02, 0.2923867198123E-02,-0.4948232590548E-03
-0.8345740728503E-03,-0.2206359429813E-02, 0.6678193773619E-03,-0.2153667020830E-02, 0.4184240430875E-02,-0.1984139902715E-03,-0.2008833713308E-02, 0.2818807580670E-02,-0.5634058614432E-03
-0.1101652429317E-02,-0.2382654580655E-02, 0.5341501621910E-03,-0.2335381585056E-02, 0.3998621111812E-02,-0.3037139730465E-03,-0.2183802457309E-02, 0.2582448869044E-02,-0.6911188241875E-03
 0.8083770339617E-04,-0.1860535649973E-02, 0.1929554066364E-02,-0.1705045370795E-02, 0.6279976389860E-02, 0.1039442702199E-02,-0.1450991828664E-02, 0.4611970573828E-02, 0.5069461936217E-03
-0.1559994166419E-03,-0.2077622960827E-02, 0.1940243823964E-02,-0.1639718686315E-02, 0.5929712102849E-02, 0.7533906167323E-03,-0.1667778586520E-02, 0.4323183758427E-02, 0.2593308631635E-03
-0.4040175053752E-03,-0.2305953824936E-02, 0.1700516693446E-02,-0.1781879370438E-02, 0.5689152457957E-02, 0.5308720578414E-03,-0.1879919798216E-02, 0.4025507732337E-02,-0.5641988711687E-05
-0.6282843395192E-03,-0.2515751220727E-02, 0.1366189529679E-02,-0.2021252210850E-02, 0.5496177507243E-02, 0.3562605085054E-03,-0.2060992976787E-02, 0.3749116409009E-02,-0.2560194106054E-03
-0.6282193615943E-03,-0.2526789825627E-02, 0.1389141941999E-02,-0.2048469389469E-02, 0.5568950962999E-02, 0.4031971019047E-03,-0.2059901316834E-02, 0.3770042562025E-02,-0.2502930929699E-03
-0.8658353509002E-03,-0.2760637521069E-02, 0.1037002521875E-02,-0.2350533511294E-02, 0.5004501896573E-02, 0.8825237041417E-04,-0.2224245286698E-02, 0.3380883524447E-02,-0.5851761588546E-03
-0.9307633174950E-03,-0.2785662794756E-02, 0.9258349951805E-03,-0.2410695443300E-02, 0.4841051134316E-02,-0.8677060275450E-04,-0.2343891278463E-02, 0.3313034158113E-02,-0.6497785895470E-03
-0.1060625896909E-02,-0.2846694146766E-02, 0.8281154218144E-03,-0.2495586050818E-02, 0.4680237943164E-02,-0.2448815079004E-03,-0.2490382564026E-02, 0.3200759461695E-02,-0.7205270320258E-03
-0.1331047818305E-02,-0.3019445074084E-02, 0.7272167781682E-03,-0.2675991199589E-02, 0.4482846979908E-02,-0.3528868419450E-03,-0.2664843195333E-02, 0.2952606899653E-02,-0.8520189668465E-03
 0.2105286537571E-03,-0.1732071232080E-02, 0.2047474624954E-02,-0.1581736158805E-02, 0.6389322993603E-02, 0.1174613368907E-02,-0.1340558759149E-02, 0.4643958189626E-02, 0.5380066000367E-03
-0.2661486301601E-04,-0.1949946713246E-02, 0.2057645410871E-02,-0.1517658633386E-02, 0.6040555149454E-02, 0.8885663490115E-03,-0.1557789545890E-02, 0.4356431699403E-02, 0.2913542480069E-03
-0.2755013505663E-03,-0.2179643412124E-02, 0.1817374749519E-02,-0.1661302932461E-02, 0.5800710668610E-02, 0.6655353944380E-03,-0.1770825781088E-02, 0.4059618634182E-02, 0.2680003329750E-04
-0.5009177223739E-03,-0.2391054986426E-02, 0.1482461071316E-02,-0.1902200372021E-02, 0.5608034731532E-02, 0.4901438756044E-03,-0.1953006099860E-02, 0.3783794799604E-02,-0.2234970980873E-03
-0.5007611532457E-03,-0.2402058075260E-02, 0.1505595331289E-02,-0.1929332537875E-02, 0.5681050999880E-02, 0.5371597484970E-03,-0.1951872591190E-02, 0.3804948863063E-02,-0.2176865379710E-03
-0.7404877726810E-03,-0.2638597392157E-02, 0.1151898386041E-02,-0.2233879936554E-02, 0.5117169210518E-02, 0.2207726268263E-03,-0.2118153528591E-02, 0.3416218044949E-02,-0.5526843268666E-03
-0.8061529547994E-03,-0.2664587185753E-02, 0.1040158095099E-02,-0.2294937626088E-02, 0.4953852719224E-02, 0.4533864700813E-04,-0.2238462397008E-02, 0.3348473826602E-02,-0.6174205310673E-03
-0.9368285091024E-03,-0.2726747493507E-02, 0.9418088814360E-03,-0.2380902349736E-02, 0.4793022737761E-02,-0.1133473578384E-03,-0.2385733355998E-02, 0.3236276876315E-02,-0.6883878906961E-03
-0.1208332136246E-02,-0.2901096905674E-02, 0.8401235271661E-03,-0.2562845429450E-02, 0.4595486013895E-02,-0.2223502287699E-03,-0.2561320396464E-02, 0.2988265565643E-02,-0.8201884774185E-03
 0.3607606035339E-03,-0.1585358693462E-02, 0.2186717548151E-02,-0.1439978655702E-02, 0.6506602852639E-02, 0.1292030358196E-02,-0.1239813245210E-02, 0.4728110354452E-02, 0.6523055851742E-03
 0.1235855040497E-03,-0.1803766014653E-02, 0.2196597451374E-02,-0.1377019815646E-02, 0.6159842978682E-02, 0.1006462311312E-02,-0.1457099900706E-02, 0.4442289911081E-02, 0.4062711458679E-03
-0.1259660074870E-03,-0.2034641378508E-02, 0.1956018260522E-02,-0.1522048933251E-02, 0.5921083146410E-02, 0.7833123798522E-03,-0.1670678520592E-02, 0.4146719900226E-02, 0.1420908910535E-03
-0.3523964402664E-03,-0.2247545935114E-02, 0.1620715961508E-02,-0.1764409234165E-02, 0.5728954815506E-02, 0.6074555872103E-03,-0.1853670312847E-02, 0.3871743286135E-02,-0.1080669206233E-03
-0.3521414222594E-03,-0.2258503993176E-02, 0.1644061481953E-02,-0.1791456864029E-02, 0.5802254348272E-02, 0.6545503140561E-03,-0.1852499666185E-02, 0.3893185317526E-02,-0.1021546266717E-03
-0.5939041063138E-03,-0.2497687226917E-02, 0.1288885982652E-02,-0.2098496288523E-02, 0.5239118496528E-02, 0.3371215119495E-03,-0.2020378246374E-02, 0.3504942105228E-02,-0.4376421799807E-03
-0.6603379195318E-03,-0.2524658556828E-02, 0.1176497493857E-02,-0.2160497746163E-02, 0.5075989769113E-02, 0.1613929074913E-03,-0.2141228599144E-02, 0.3437206506785E-02,-0.5027404204003E-03
-0.7918816448210E-03,-0.2587968662513E-02, 0.1077681253540E-02,-0.2247588107470E-02, 0.4915176765724E-02, 0.2248035121768E-05,-0.2289144202386E-02, 0.3325017194971E-02,-0.5741396546807E-03
-0.1064527726138E-02,-0.2763921283797E-02, 0.9758531977439E-03,-0.2431105084963E-02, 0.4717521563342E-02,-0.1075945226785E-03,-0.2465675800949E-02, 0.3077201388750E-02,-0.7064103228470E-03
 0.5098378486747E-03,-0.1441464183007E-02, 0.2325441629655E-02,-0.1302621874546E-02, 0.6614923433182E-02, 0.1391865809774E-02,-0.1144010423308E-02, 0.4837829630689E-02, 0.7970392726336E-03
 0.2728139020302E-03,-0.1660186148288E-02, 0.2335188920336E-02,-0.1240604833792E-02, 0.6270315653630E-02, 0.1107015639254E-02,-0.1361163371914E-02, 0.4553841279122E-02, 0.5514637315117E-03
 0.2280294245380E-04,-0.1892001567774E-02, 0.2094497705908E-02,-0.1386810729983E-02, 0.6032794991409E-02, 0.8839964173689E-03,-0.1575071532578E-02, 0.4259659986952E-02, 0.2876688141539E-03
-0.2044437730474E-03,-0.2106171540206E-02, 0.1759001724733E-02,-0.1630428591504E-02, 0.5841350959202E-02, 0.7079096086661E-03,-0.1758670002149E-02, 0.3985657065696E-02, 0.3772750538900E-04
-0.2040986115583E-03,-0.2117081712715E-02, 0.1782546968866E-02,-0.1657398373238E-02, 0.5914921433517E-02, 0.7550681232021E-03,-0.1757464114272E-02, 0.4007384401351E-02, 0.4373877718936E-04
-0.4476394437961E-03,-0.2358619538866E-02, 0.1426130415583E-02,-0.1966656324081E-02, 0.5352650835554E-02, 0.4369390890007E-03,-0.1926678255407E-02, 0.3619671581987E-02,-0.2923023470467E-03
-0.5147843500438E-03,-0.2386492233084E-02, 0.1313122524214E-02,-0.2029529684781E-02, 0.5189742637023E-02, 0.2610149124287E-03,-0.2047993683879E-02, 0.3551888938216E-02,-0.3578276421331E-03
-0.6471343451718E-03,-0.2450855107510E-02, 0.1213991231351E-02,-0.2117654892010E-02, 0.5028990278178E-02, 0.1015256436727E-03,-0.2196461672844E-02, 0.3439676234718E-02,-0.4297072338298E-03
-0.9208197104034E-03,-0.2628251449857E-02, 0.1112430104269E-02,-0.2302591083457E-02, 0.4831289707134E-02,-0.8983078035540E-05,-0.2373790991747E-02, 0.3192105877655E-02,-0.5624516601603E-03
 0.5124255852658E-03,-0.1429257551900E-02, 0.2321375904915E-02,-0.1294070386642E-02, 0.6597503691257E-02, 0.1380847646557E-02,-0.1143419257298E-02, 0.4833882269703E-02, 0.8060626821303E-03
 0.2753849710792E-03,-0.1648014628380E-02, 0.2331071039009E-02,-0.1232200137474E-02, 0.6253152628929E-02, 0.1096075551778E-02,-0.1360541977988E-02, 0.4550049855836E-02, 0.5604990201307E-03
 0.2537731412235E-04,-0.1879912911148E-02, 0.2090524776146E-02,-0.1378514859074E-02, 0.6016054462534E-02, 0.8731579400197E-03,-0.1574446853032E-02, 0.4256163246958E-02, 0.2967428313381E-03
-0.2018468202713E-03,-0.2094186300007E-02, 0.1755277039818E-02,-0.1622206378726E-02, 0.5825135825486E-02, 0.6971960214316E-03,-0.1758055235915E-02, 0.3982522778048E-02, 0.4685476669369E-04
-0.2016012867485E-03,-0.2105115419738E-02, 0.1778592659801E-02,-0.1649220550199E-02, 0.5898325445054E-02, 0.7442067222555E-03,-0.1756876550605E-02, 0.4003958233924E-02, 0.5279831165078E-04
-0.4449422600353E-03,-0.2346793995203E-02, 0.1422836840738E-02,-0.1958487121312E-02, 0.5337543673073E-02, 0.4265441043630E-03,-0.1926067939141E-02, 0.3617181600038E-02,-0.2830743863853E-03
-0.5120326933288E-03,-0.2374729591139E-02, 0.1310044815328E-02,-0.2021373861081E-02, 0.5174968952007E-02, 0.2507849588859E-03,-0.2047350677535E-02, 0.3549605350132E-02,-0.3485667793307E-03
-0.6443024326673E-03,-0.2439163389620E-02, 0.1210937212703E-02,-0.2109514605531E-02, 0.5014645740570E-02, 0.9147481064345E-04,-0.2195785469953E-02, 0.3437677381479E-02,-0.4204023027225E-03
-0.9178646008790E-03,-0.2616653168387E-02, 0.1109063312886E-02,-0.2294476673935E-02, 0.4817651993410E-02,-0.1883299896666E-04,-0.2373098163520E-02, 0.3190586735469E-02,-0.5530743961924E-03
 0.7177454088407E-03,-0.1246393842153E-02, 0.2513968442400E-02,-0.1132506530321E-02, 0.6737116623646E-02, 0.1539480658650E-02,-0.9482534014497E-03, 0.5027579766912E-02, 0.9665952489156E-03
 0.4812036606355E-03,-0.1465250045216E-02, 0.2523646043089E-02,-0.1071656780517E-02, 0.6395775793090E-02, 0.1255842934556E-02,-0.1165364547298E-02, 0.4746355026936E-02, 0.7222046652077E-03
 0.2308993372851E-03,-0.1698023989691E-02, 0.2283166317640E-02,-0.1219155139976E-02, 0.6160337183210E-02, 0.1033259261848E-02,-0.1379852437405E-02, 0.4454450448379E-02, 0.4594387747783E-03
 0.2862597323456E-05,-0.1913616613260E-02, 0.1947855968197E-02,-0.1464097968655E-02, 0.5970224225889E-02, 0.8571004424984E-03,-0.1564413355308E-02, 0.4182161292294E-02, 0.2102346374679E-03
 0.3302477296942E-05,-0.1924449090034E-02, 0.1971602250934E-02,-0.1490956962045E-02, 0.6044088515940E-02, 0.9042827707350E-03,-0.1563131419538E-02, 0.4204200360844E-02, 0.2163546076427E-03
-0.2422874982991E-03,-0.2168861648401E-02, 0.1614050205897E-02,-0.1802702473494E-02, 0.5483668996456E-02, 0.5855405717553E-03,-0.1734539408656E-02, 0.3817610291753E-02,-0.1197401384349E-03
-0.3103261618134E-03,-0.2197907801547E-02, 0.1500306810765E-02,-0.1866624542676E-02, 0.5321217239063E-02, 0.4094530906014E-03,-0.1856735697171E-02, 0.3749730013028E-02,-0.1856616211469E-03
-0.4436346041965E-03,-0.2263613640387E-02, 0.1400958777004E-02,-0.1955977813470E-02, 0.5160756761053E-02, 0.2496113983172E-03,-0.2006202764578E-02, 0.3637533745713E-02,-0.2579894770225E-03
-0.7184333517484E-03,-0.2442762111403E-02, 0.1300222882635E-02,-0.2142525778704E-02, 0.4963368093298E-02, 0.1383536094461E-03,-0.2184827064126E-02, 0.3390586887591E-02,-0.3910614385540E-03
 0.7767210576019E-03,-0.1199910219281E-02, 0.2557774232601E-02,-0.1092256940164E-02, 0.6783545710729E-02, 0.1614895625346E-02,-0.8805972713752E-03, 0.5066498469461E-02, 0.1008084007937E-02
 0.5404669605310E-03,-0.1418618101870E-02, 0.2567543267653E-02,-0.1031703338282E-02, 0.6443372688530E-02, 0.1331612924330E-02,-0.1097623861428E-02, 0.4786267005684E-02, 0.7642744132549E-03
 0.2902526388753E-03,-0.1651462654710E-02, 0.2327336664792E-02,-0.1179428512465E-02, 0.6208767039802E-02, 0.1109185297440E-02,-0.1312203939918E-02, 0.4495261686261E-02, 0.5020378361225E-03
 0.6215765167899E-04,-0.1867267363348E-02, 0.1992323936475E-02,-0.1424563208064E-02, 0.6019271592711E-02, 0.9330357822382E-03,-0.1496979795040E-02, 0.4223716539967E-02, 0.2532574440037E-03
 0.6260461647019E-04,-0.1878075016749E-02, 0.2016080172915E-02,-0.1451389350622E-02, 0.6093151323425E-02, 0.9801905168602E-03,-0.1495673104402E-02, 0.4245784221739E-02, 0.2593930530865E-03
-0.1833560831594E-03,-0.2123051190210E-02, 0.1658558153300E-02,-0.1763584144921E-02, 0.5533782616101E-02, 0.6612632371532E-03,-0.1667687987961E-02, 0.3859942881855E-02,-0.7640211533788E-04
-0.2516012752784E-03,-0.2152380132902E-02, 0.1544741039865E-02,-0.1827739350678E-02, 0.5371552464506E-02, 0.4851011280522E-03,-0.1790143915458E-02, 0.3792140079383E-02,-0.1423633603582E-03
-0.3851029528949E-03,-0.2218392932879E-02, 0.1445314658205E-02,-0.1917355870987E-02, 0.5211292948535E-02, 0.3251377869658E-03,-0.1939896424018E-02, 0.3680082970416E-02,-0.2147353305152E-03
-0.6600593177818E-03,-0.2397883968474E-02, 0.1344539168074E-02,-0.2104207323098E-02, 0.5014224876551E-02, 0.2136602081843E-03,-0.2118867033919E-02, 0.3433538811788E-02,-0.3477603369865E-03
 0.8406371347321E-03,-0.1147849159434E-02, 0.2609303275279E-02,-0.1034267132930E-02, 0.6852794606999E-02, 0.1697889627309E-02,-0.8140239683643E-03, 0.5115396525449E-02, 0.1061725803317E-02
 0.6047677248817E-03,-0.1366348806390E-02, 0.2619226915841E-02,-0.9740462892590E-03, 0.6513977024574E-02, 0.1415070064171E-02,-0.1030850890257E-02, 0.4836345351710E-02, 0.8185741228875E-03
 0.3546979028387E-03,-0.1599237909353E-02, 0.2379329625472E-02,-0.1122066065792E-02, 0.6280306970509E-02, 0.1192860151126E-02,-0.1245435659530E-02, 0.4546374099912E-02, 0.5569503505652E-03
 0.1265659261705E-03,-0.1815253565025E-02, 0.2044624353117E-02,-0.1367479684541E-02, 0.6091472454442E-02, 0.1016745576818E-02,-0.1430365859072E-02, 0.4275659200969E-02, 0.3086626777481E-03
 0.1270347964719E-03,-0.1826030611388E-02, 0.2068429323812E-02,-0.1394263873122E-02, 0.6165399728301E-02, 0.1063890915701E-02,-0.1429032119836E-02, 0.4297808699190E-02, 0.3148276376331E-03
-0.1193314607711E-03,-0.2071612921312E-02, 0.1710841658237E-02,-0.1707101336743E-02, 0.5607062074843E-02, 0.7447451989834E-03,-0.1601612880509E-02, 0.3912704185321E-02,-0.2067160377909E-04
-0.1878066584473E-03,-0.2101253712078E-02, 0.1596909339279E-02,-0.1771574232012E-02, 0.5445036463736E-02, 0.5684912007699E-03,-0.1724306412632E-02, 0.3844957271763E-02,-0.8670046091902E-04
-0.3215278524145E-03,-0.2167605840578E-02, 0.1497375352530E-02,-0.1861550948584E-02, 0.5284940227291E-02, 0.4083799444170E-03,-0.1874321708560E-02, 0.3733014784399E-02,-0.1591454640992E-03
-0.5966662877882E-03,-0.2347472253799E-02, 0.1396558932906E-02,-0.2048828317849E-02, 0.5088130607158E-02, 0.2966453909682E-03,-0.2053615080447E-02, 0.3486864745740E-02,-0.2921378646615E-03
 0.9356880271690E-03,-0.1060501811104E-02, 0.2699576817878E-02,-0.9228279048323E-03, 0.6969311923419E-02, 0.1793343169858E-02,-0.7342344222871E-03, 0.5209736632732E-02, 0.1158280026885E-02
 0.7003498417328E-03,-0.1278796090582E-02, 0.2709702473776E-02,-0.8631476361551E-03, 0.6632410968818E-02, 0.1511301545565E-02,-0.9506920565891E-03, 0.4932387288056E-02, 0.9159266246947E-03
 0.4504015488680E-03,-0.1511888468810E-02, 0.2470094139183E-02,-0.1011790351841E-02, 0.6399960150572E-02, 0.1289448129802E-02,-0.1165227234016E-02, 0.4643805567572E-02, 0.6550543674142E-03
 0.2221014013151E-03,-0.1728362700204E-02, 0.2135611131127E-02,-0.1257870550473E-02, 0.6211886565526E-02, 0.1113390705956E-02,-0.1350338884053E-02, 0.4374128268109E-02, 0.4073525388595E-03
 0.2226382505507E-03,-0.1739092005866E-02, 0.2159577984838E-02,-0.1284585582900E-02, 0.6285983295474E-02, 0.1160578245615E-02,-0.1348967447652E-02, 0.4396516315039E-02, 0.4135902005010E-03
-0.2452144689356E-04,-0.1985791740158E-02, 0.1801458362737E-02,-0.1598801390896E-02, 0.5728579482409E-02, 0.8410949675598E-03,-0.1522287319895E-02, 0.4012034119565E-02, 0.7821730319229E-04
-0.9338790980793E-04,-0.2015947201381E-02, 0.1687191218830E-02,-0.1663885552152E-02, 0.5566731854883E-02, 0.6647153610227E-03,-0.1645270292040E-02, 0.3944242170212E-02, 0.1199293101062E-04
-0.2275176062783E-03,-0.2082877561863E-02, 0.1587483415635E-02,-0.1754567512927E-02, 0.5406705442754E-02, 0.5043829416096E-03,-0.1795615780249E-02, 0.3832305895020E-02,-0.6066572189487E-04
-0.5030804420666E-03,-0.2263443525422E-02, 0.1486849838544E-02,-0.1942736252341E-02, 0.5209963200551E-02, 0.3922489683331E-03,-0.1975341294459E-02, 0.3586489487149E-02,-0.1937559888930E-03
 0.8481262397688E-03,-0.1624476917824E-02, 0.3021525067243E-02,-0.1167561031402E-02,-0.2484446531124E-02, 0.1908596989455E-02,-0.1117062606528E-02, 0.5806592435674E-02, 0.1159117138974E-02
 0.6019705956511E-03,-0.1846671574690E-02, 0.3023103785862E-02,-0.1106502450078E-02,-0.2592569884565E-02, 0.1611723733504E-02,-0.1339622197183E-02, 0.5506108420576E-02, 0.9000489457793E-03
 0.3449862905364E-03,-0.2080050544841E-02, 0.2770880048385E-02,-0.1255312597893E-02,-0.2710630544666E-02, 0.1380131671045E-02,-0.1557122846667E-02, 0.5197824263930E-02, 0.6269086339612E-03
 0.1122713674345E-03,-0.2294661067418E-02, 0.2423051065545E-02,-0.1502473338400E-02,-0.2845259978509E-02, 0.1197469715429E-02,-0.1743075040198E-02, 0.4911531261269E-02, 0.3702308014260E-03
 0.1161384570534E-03,-0.2303337141321E-02, 0.2450258789800E-02,-0.1526793843185E-02,-0.2865128232845E-02, 0.1249107598032E-02,-0.1739216214824E-02, 0.4937303286556E-02, 0.3795174369876E-03
-0.1399581606917E-03,-0.2547765726415E-02, 0.2073366206704E-02,-0.1845774051711E-02,-0.3190751035743E-02, 0.9135317781356E-03,-0.1914376000276E-02, 0.4524083900030E-02, 0.2840096582798E-04
-0.2106094301919E-03,-0.2575256384419E-02, 0.1950043525897E-02,-0.1910615574279E-02,-0.3237258208262E-02, 0.7308803319755E-03,-0.2038140257995E-02, 0.4449189131271E-02,-0.4077373595958E-04
-0.3476046399767E-03,-0.2639484210399E-02, 0.1857777663836E-02,-0.2000935941496E-02,-0.3304493116148E-02, 0.5649564008650E-03,-0.2189378039498E-02, 0.4328823609003E-02,-0.1164700952144E-03
-0.6284334925411E-03,-0.2817532916083E-02, 0.1794101360274E-02,-0.2189248703895E-02,-0.3471120738976E-02, 0.4486468598478E-03,-0.2369637598782E-02, 0.4069469812163E-02,-0.2544494630427E-03
 0.9752633675188E-03,-0.1495617238365E-02, 0.3136787053839E-02,-0.1044963906549E-02,-0.2355735136037E-02, 0.2041117063852E-02,-0.1006745661670E-02, 0.5835977648834E-02, 0.1188990092575E-02
 0.7290313779160E-03,-0.1718514149960E-02, 0.3138062674813E-02,-0.9850343963922E-03,-0.2465194936343E-02, 0.1744519149063E-02,-0.1229652282113E-02, 0.5536956397016E-02, 0.9310108991712E-03
 0.4714164925686E-03,-0.1953169730774E-02, 0.2885590418466E-02,-0.1135175978750E-02,-0.2584960620502E-02, 0.1512661172919E-02,-0.1447950781419E-02, 0.5229735883264E-02, 0.6583977954343E-03
 0.2377745085792E-03,-0.2169310120927E-02, 0.2537478925630E-02,-0.1383703928724E-02,-0.2721390143431E-02, 0.1329435648386E-02,-0.1634921344647E-02, 0.4944198797919E-02, 0.4018931405539E-03
 0.2417570640402E-03,-0.2177944033689E-02, 0.2564914774579E-02,-0.1407916123813E-02,-0.2741230212761E-02, 0.1381166156230E-02,-0.1631011974874E-02, 0.4970263010699E-02, 0.4112853739595E-03
-0.1616756691372E-04,-0.2424949889723E-02, 0.2186772793807E-02,-0.1729180031921E-02,-0.3069672525273E-02, 0.1044452006017E-02,-0.1807999403109E-02, 0.4557705673805E-02, 0.6017861411893E-04
-0.8745970132133E-04,-0.2453370248890E-02, 0.2063011789267E-02,-0.1794854979808E-02,-0.3117172602468E-02, 0.8615277086054E-03,-0.1932376815663E-02, 0.4483007159512E-02,-0.9076547986598E-05
-0.2251509715755E-03,-0.2518686127033E-02, 0.1970176316143E-02,-0.1886178915508E-02,-0.3185582029560E-02, 0.6951627415567E-03,-0.2084339045500E-02, 0.4362814173966E-02,-0.8493560500211E-04
-0.5068801812304E-03,-0.2698268925999E-02, 0.1905664492313E-02,-0.2075920131738E-02,-0.3353903375837E-02, 0.5779928407555E-03,-0.2265655513921E-02, 0.4103731839848E-02,-0.2231525286661E-03
 0.1123481247769E-02,-0.1348174724302E-02, 0.3273548704485E-02,-0.9036241944103E-03,-0.2222892438789E-02, 0.2156517060246E-02,-0.9058473755983E-03, 0.5916952239402E-02, 0.1301992859883E-02
 0.8774799341577E-03,-0.1571503499338E-02, 0.3274785836870E-02,-0.8446751193233E-03,-0.2333507696580E-02, 0.1860666247470E-02,-0.1128705107909E-02, 0.5619896254291E-02, 0.1044797684346E-02
 0.6194684461588E-03,-0.1807231402208E-02, 0.3022338547251E-02,-0.9960248041089E-03,-0.2454843705021E-02, 0.1628931360304E-02,-0.1347442556785E-02, 0.5314176962509E-02, 0.7727153495385E-03
 0.3850606888739E-03,-0.2024763959032E-02, 0.2674177634958E-02,-0.1245833211031E-02,-0.2592975473757E-02, 0.1445450698709E-02,-0.1535131033612E-02, 0.5029726163219E-02, 0.5164915038355E-03
 0.3891741098616E-03,-0.2033350234335E-02, 0.2701889275600E-02,-0.1269935005051E-02,-0.2612777275211E-02, 0.1497288821259E-02,-0.1531177700025E-02, 0.5056143662827E-02, 0.5260057535606E-03
 0.1295119868503E-03,-0.2282865139013E-02, 0.2322598139671E-02,-0.1593466040343E-02,-0.2943926330698E-02, 0.1159805252068E-02,-0.1709646316671E-02, 0.4644357238773E-02, 0.1746018732381E-03
 0.5755197467653E-04,-0.2312232545425E-02, 0.2198334305458E-02,-0.1660018227863E-02,-0.2992406333325E-02, 0.9767073451002E-03,-0.1834520817953E-02, 0.4569771748915E-02, 0.1050486151681E-03
-0.8088327893811E-04,-0.2378655396371E-02, 0.2105102450481E-02,-0.1752391303451E-02,-0.3061976268729E-02, 0.8100012258884E-03,-0.1987078498998E-02, 0.4449700841251E-02, 0.2882369146630E-04
-0.3635573744933E-03,-0.2559766867045E-02, 0.2040413602453E-02,-0.1943583046730E-02,-0.3231951299414E-02, 0.6921183270730E-03,-0.2169273314751E-02, 0.4190980966244E-02,-0.1097724257055E-03
 0.1270960063238E-02,-0.1203429994270E-02, 0.3410051978144E-02,-0.7665030355779E-03,-0.2102348982834E-02, 0.2254798635394E-02,-0.8097367271283E-03, 0.6023313279349E-02, 0.1445499421335E-02
 0.1025368227572E-02,-0.1426974162738E-02, 0.3411410230326E-02,-0.7083578339920E-03,-0.2213884402940E-02, 0.1959912547162E-02,-0.1032357844932E-02, 0.5728361906426E-02, 0.1188935368261E-02
 0.7671620520987E-03,-0.1663535261517E-02, 0.3159181195689E-02,-0.8607085679093E-03,-0.2336543883026E-02, 0.1728531364369E-02,-0.1251323135538E-02, 0.5424306593338E-02, 0.9174066494589E-03
 0.5321824049841E-03,-0.1882231650664E-02, 0.2811160640056E-02,-0.1111593809844E-02,-0.2476138194354E-02, 0.1545013797559E-02,-0.1439526515283E-02, 0.5141084542403E-02, 0.6615538951002E-03
 0.5364185964124E-03,-0.1890770451329E-02, 0.2839138084517E-02,-0.1135594127918E-02,-0.2495897433516E-02, 0.1596948222070E-02,-0.1435533982754E-02, 0.5167844999607E-02, 0.6711839927456E-03
 0.2752661684945E-03,-0.2142503740295E-02, 0.2458928029097E-02,-0.1461122107826E-02,-0.2829374395771E-02, 0.1259004354062E-02,-0.1615223207547E-02, 0.4756889036253E-02, 0.3194388003952E-03
 0.2026907969921E-03,-0.2172740527549E-02, 0.2334185172898E-02,-0.1528482587071E-02,-0.2878725899871E-02, 0.1075814671039E-02,-0.1740521993318E-02, 0.4682360833430E-02, 0.2495225180394E-03
 0.6356879254928E-04,-0.2240175236659E-02, 0.2240710573195E-02,-0.1621816707436E-02,-0.2949326233635E-02, 0.9088657947219E-03,-0.1893586369849E-02, 0.4562385624670E-02, 0.1728831051675E-03
-0.2199511929104E-03,-0.2422655937796E-02, 0.2176268697721E-02,-0.1814306534637E-02,-0.3120745317617E-02, 0.7904308107744E-03,-0.2076515310390E-02, 0.4304093380393E-02, 0.3390758139388E-04
 0.1271142250337E-02,-0.1192507897171E-02, 0.3403078290855E-02,-0.7598578130967E-03,-0.2093176107258E-02, 0.2241324018446E-02,-0.8106532890736E-03, 0.6016087708690E-02, 0.1452339553752E-02
 0.1025559504945E-02,-0.1416087475900E-02, 0.3404387911337E-02,-0.7018548906245E-03,-0.2204789277160E-02, 0.1946539499815E-02,-0.1033245289073E-02, 0.5721346780633E-02, 0.1195813629168E-02
 0.7674048257010E-03,-0.1652724868616E-02, 0.3152395674447E-02,-0.8542864959624E-03,-0.2327555187344E-02, 0.1715306453026E-02,-0.1252198753865E-02, 0.5417671423611E-02, 0.9243591252718E-03
 0.5325064300608E-03,-0.1871513147401E-02, 0.2804749798453E-02,-0.1105204823515E-02,-0.2467257737463E-02, 0.1531971575704E-02,-0.1440397116794E-02, 0.5134913395055E-02, 0.6686002790733E-03
 0.5366080176792E-03,-0.1880074307497E-02, 0.2832464755568E-02,-0.1129269670612E-02,-0.2487044843914E-02, 0.1583715334594E-02,-0.1436442399249E-02, 0.5161344009886E-02, 0.6781341287040E-03
 0.2757913594204E-03,-0.2131914651503E-02, 0.2453090002226E-02,-0.1454710422881E-02,-0.2820608356135E-02, 0.1246383119942E-02,-0.1616062270454E-02, 0.4751556353059E-02, 0.3266665078079E-03
 0.2033055297214E-03,-0.2162193417025E-02, 0.2328622560206E-02,-0.1522057872510E-02,-0.2870017211000E-02, 0.1063393707190E-02,-0.1741311717526E-02, 0.4677278499740E-02, 0.2568114924301E-03
 0.6431037018331E-04,-0.2229676145052E-02, 0.2235197107739E-02,-0.1615374282318E-02,-0.2940684863880E-02, 0.8966693321798E-03,-0.1894322479910E-02, 0.4557649995977E-02, 0.1802512044701E-03
-0.2190119693838E-03,-0.2412226800727E-02, 0.2170413908944E-02,-0.1807839047470E-02,-0.3112188640519E-02, 0.7785063656537E-03,-0.2077207108968E-02, 0.4299957520098E-02, 0.4140075436391E-04
 0.1476421230702E-02,-0.1007156360828E-02, 0.3595251230359E-02,-0.5967609401964E-03,-0.1963881968619E-02, 0.2400013148977E-02,-0.6133542582501E-03, 0.6207382995268E-02, 0.1613519848421E-02
 0.1231671878704E-02,-0.1230697591263E-02, 0.3596910544598E-02,-0.5395820990232E-03,-0.2076334604683E-02, 0.2106692824140E-02,-0.8357717340911E-03, 0.5915606251371E-02, 0.1358367700143E-02
 0.9735538241939E-03,-0.1468068353256E-02, 0.3345377095326E-02,-0.6929788865991E-03,-0.2200451858706E-02, 0.1876077347209E-02,-0.1055150554300E-02, 0.5614267876454E-02, 0.1088091899488E-02
 0.7381424313131E-03,-0.1688044870234E-02, 0.2998033323683E-02,-0.9449394550785E-03,-0.2341684705824E-02, 0.1692779865495E-02,-0.1244164489522E-02, 0.5333179083361E-02, 0.8331827768962E-03
 0.7425058992813E-03,-0.1696511766640E-02, 0.3026281792657E-02,-0.9688076626190E-03,-0.2361369090987E-02, 0.1744767746851E-02,-0.1240100590853E-02, 0.5360308753803E-02, 0.8429357176853E-03
 0.4797410870001E-03,-0.1950920062872E-02, 0.2645444577832E-02,-0.1296504543366E-02,-0.2697301079882E-02, 0.1406591476963E-02,-0.1421792787596E-02, 0.4950995094034E-02, 0.4914258876631E-03
 0.4064106773380E-03,-0.1982282562679E-02, 0.2520168355227E-02,-0.1364823713456E-02,-0.2747688536173E-02, 0.1223394109568E-02,-0.1547894777086E-02, 0.4876524223588E-02, 0.4211996010723E-03
 0.2665074905301E-03,-0.2050999503060E-02, 0.2426590809125E-02,-0.1459280971970E-02,-0.2819494940576E-02, 0.1056248949342E-02,-0.1701867243034E-02, 0.4756757595153E-02, 0.3442035281749E-03
-0.1783318753044E-04,-0.2235124262705E-02, 0.2362976871742E-02,-0.1653211572256E-02,-0.2992494869543E-02, 0.9372467382250E-03,-0.1885969122558E-02, 0.4499412828129E-02, 0.2050342502282E-03
 0.1534431377818E-02,-0.9604557556678E-03, 0.3637845377829E-02,-0.5567970053166E-03,-0.1908720079487E-02, 0.2474082336921E-02,-0.5455928190334E-03, 0.6244621274868E-02, 0.1654417833658E-02
 0.1290078773303E-02,-0.1183809768508E-02, 0.3639728363679E-02,-0.4998475859449E-03,-0.2021452187016E-02, 0.2181257930586E-02,-0.7678745277695E-03, 0.5953952369411E-02, 0.1399913482732E-02
 0.1032172739536E-02,-0.1421208491798E-02, 0.3388620921953E-02,-0.6533942406195E-03,-0.2145990501693E-02, 0.1950932264545E-02,-0.9872904883582E-03, 0.5653638209083E-02, 0.1130235702244E-02
 0.7968212175317E-03,-0.1641355629748E-02, 0.3041723712427E-02,-0.9054704990723E-03,-0.2287696508668E-02, 0.1767764104788E-02,-0.1176467646336E-02, 0.5373414918464E-02, 0.8758152437625E-03
 0.8011931031984E-03,-0.1649802859611E-02, 0.3069982131709E-02,-0.9293065474155E-03,-0.2307347974553E-02, 0.1819716570142E-02,-0.1172384937933E-02, 0.5400589092112E-02, 0.8855813240412E-03
 0.5382134728678E-03,-0.1904709966457E-02, 0.2689362629074E-02,-0.1257345946239E-02,-0.2644057540121E-02, 0.1481535368085E-02,-0.1354613336600E-02, 0.4992185444681E-02, 0.5344692990987E-03
 0.4647228316303E-03,-0.1936339016727E-02, 0.2564076720032E-02,-0.1325868484737E-02,-0.2694790474777E-02, 0.1298338769080E-02,-0.1480946179241E-02, 0.4917836700296E-02, 0.4642312236008E-03
 0.3246864798042E-03,-0.2005342841314E-02, 0.2470458709386E-02,-0.1420554164126E-02,-0.2766990864163E-02, 0.1131147151546E-02,-0.1635169661761E-02, 0.4798265348770E-02, 0.3872225040663E-03
 0.4028851890068E-04,-0.2189776579995E-02, 0.2406812204614E-02,-0.1614732932618E-02,-0.2940483089858E-02, 0.1012005366912E-02,-0.1819571765314E-02, 0.4541421438496E-02, 0.2481477090508E-03
 0.1597636523378E-02,-0.9079517304368E-03, 0.3688423557218E-02,-0.4988605438093E-03,-0.1832403376433E-02, 0.2555969906817E-02,-0.4786996467847E-03, 0.6292022200030E-02, 0.1707671258232E-02
 0.1353790921990E-02,-0.1131051604070E-02, 0.3690618990972E-02,-0.4421703628065E-03,-0.1945507867768E-02, 0.2263763806295E-02,-0.7007247932987E-03, 0.6002663249945E-02, 0.1453902040943E-02
 0.1096161043100E-02,-0.1368445621308E-02, 0.3439984024817E-02,-0.5959212943710E-03,-0.2070578425953E-02, 0.2033798984315E-02,-0.9200862375185E-03, 0.5703517711274E-02, 0.1184915235000E-02
 0.8608972392990E-03,-0.1588756684782E-02, 0.3093545262053E-02,-0.8481849626711E-03,-0.2212885119415E-02, 0.1850791421039E-02,-0.1109363156223E-02, 0.5424251313102E-02, 0.9310602757343E-03
 0.8652985699619E-03,-0.1597179094143E-02, 0.3121857726028E-02,-0.8719756413586E-03,-0.2232495338082E-02, 0.1902734247433E-02,-0.1105258395036E-02, 0.5451534967542E-02, 0.9408571688606E-03
 0.6020692673195E-03,-0.1852621560962E-02, 0.2741362759906E-02,-0.1200537006151E-02,-0.2570287185870E-02, 0.1564511991236E-02,-0.1287980124205E-02, 0.5044018854594E-02, 0.5901436385677E-03
 0.5283960424273E-03,-0.1884546718224E-02, 0.2616027002680E-02,-0.1269344610533E-02,-0.2621464724424E-02, 0.1381300653935E-02,-0.1414523523293E-02, 0.4969772736361E-02, 0.5198668146211E-03
 0.3882002010447E-03,-0.1953870134484E-02, 0.2522340813926E-02,-0.1364351853926E-02,-0.2694175465471E-02, 0.1214036743854E-02,-0.1568977699423E-02, 0.4850372234938E-02, 0.4428167216419E-03
 0.1037194002550E-03,-0.2138644144403E-02, 0.2458663623076E-02,-0.1558892674265E-02,-0.2868331058218E-02, 0.1094716642605E-02,-0.1753658277832E-02, 0.4594016507421E-02, 0.3038226605373E-03
 0.1692293134523E-02,-0.8195736143015E-03, 0.3777976531783E-02,-0.3870186042985E-03,-0.1712029940025E-02, 0.2650808679554E-02,-0.3981110441190E-03, 0.6384606044104E-02, 0.1804102815799E-02
 0.1449159730814E-02,-0.1042395110199E-02, 0.3780603201666E-02,-0.3307667198598E-03,-0.1825758980020E-02, 0.2359578544237E-02,-0.6196852100176E-03, 0.6097150492056E-02, 0.1551250648169E-02
 0.1191834261406E-02,-0.1279915688674E-02, 0.3530482922692E-02,-0.4850037253140E-03,-0.1951710264869E-02, 0.2130145395389E-02,-0.8389165507674E-03, 0.5799593414662E-02, 0.1283131706385E-02
 0.9565690367493E-03,-0.1500613682113E-02, 0.3184469319756E-02,-0.7377912998906E-03,-0.2095013870435E-02, 0.1947343519305E-02,-0.1028303199144E-02, 0.5521544404615E-02, 0.1029968283656E-02
 0.9610642204655E-03,-0.1508994108747E-02, 0.3212975774575E-02,-0.7614965425852E-03,-0.2114566014129E-02, 0.1999352888774E-02,-0.1024162273163E-02, 0.5549121302329E-02, 0.1039851059048E-02
 0.6972285634857E-03,-0.1765455243428E-02, 0.2832176641586E-02,-0.1091264873328E-02,-0.2454198347174E-02, 0.1660970730603E-02,-0.1207534949876E-02, 0.5142408957343E-02, 0.6893971681945E-03
 0.6232249950479E-03,-0.1797876384513E-02, 0.2706592254732E-02,-0.1160638502688E-02,-0.2506080208168E-02, 0.1477715213016E-02,-0.1334338760530E-02, 0.5068184610487E-02, 0.6189628099962E-03
 0.4826948830845E-03,-0.1867753746233E-02, 0.2612783884807E-02,-0.1256296884661E-02,-0.2579609467731E-02, 0.1310307956394E-02,-0.1489089579158E-02, 0.4948866718882E-02, 0.5417382299711E-03
 0.1979099858545E-03,-0.2053179313853E-02, 0.2549302568391E-02,-0.1451635162384E-02,-0.2754876863479E-02, 0.1190669718076E-02,-0.1674153694097E-02, 0.4692963435574E-02, 0.4027051619831E-03
 0.1727292746849E-02,-0.1287580352693E-02, 0.4226684914369E-02,-0.5218431555360E-03,-0.2351926905705E-02, 0.2888744480757E-02,-0.6806099470440E-03, 0.7110872331391E-02, 0.1919622656819E-02
 0.1470884667400E-02,-0.1515624299157E-02, 0.4217537128907E-02,-0.4659043743978E-03,-0.2463455344596E-02, 0.2580076439111E-02,-0.9097046157252E-03, 0.6797875106583E-02, 0.1647704741922E-02
 0.1204078312806E-02,-0.1754717321003E-02, 0.3951841399042E-02,-0.6222018511566E-03,-0.2584902270628E-02, 0.2338585279357E-02,-0.1133231623575E-02, 0.6478289397593E-02, 0.1365579005045E-02
 0.9621180302334E-03,-0.1974767574630E-02, 0.3589831826113E-02,-0.8779708985898E-03,-0.2723135400597E-02, 0.2147133089088E-02,-0.1324679229579E-02, 0.6181447217138E-02, 0.1102083006058E-02
 0.9700569394246E-03,-0.1980770999810E-02, 0.3622087612478E-02,-0.8991091424655E-03,-0.2741073689509E-02, 0.2203744941149E-02,-0.1317736097852E-02, 0.6212169956161E-02, 0.1115211296236E-02
 0.6937130698221E-03,-0.2237372402828E-02, 0.3217807556421E-02,-0.1236864956589E-02,-0.3077431139526E-02, 0.1845793967376E-02,-0.1505289271986E-02, 0.5773321492692E-02, 0.7463304612239E-03
 0.6167236097526E-03,-0.2267844905003E-02, 0.3081230617388E-02,-0.1306991889594E-02,-0.3126304055554E-02, 0.1654864914659E-02,-0.1633722128525E-02, 0.5690865409598E-02, 0.6720557427508E-03
 0.4719066736213E-03,-0.2335836610999E-02, 0.2995168305106E-02,-0.1403401022910E-02,-0.3196412312887E-02, 0.1480458910279E-02,-0.1790298939615E-02, 0.5561863950524E-02, 0.5908588234312E-03
 0.1797851443137E-03,-0.2519901879643E-02, 0.2972788991733E-02,-0.1600464054769E-02,-0.3367819894222E-02, 0.1355097986419E-02,-0.1977063753501E-02, 0.5290604693921E-02, 0.4457472756582E-03
 0.1851301585915E-02,-0.1158819159112E-02, 0.4338807695122E-02,-0.4003948783995E-03,-0.2222196028088E-02, 0.3018093446720E-02,-0.5708637657596E-03, 0.7137416868746E-02, 0.1948033597303E-02
 0.1595076594301E-02,-0.1387455041663E-02, 0.4329659702628E-02,-0.3454450776803E-03,-0.2335001873392E-02, 0.2710002254662E-02,-0.8001861474415E-03, 0.6826101050061E-02, 0.1677347885474E-02
 0.1327908061654E-02,-0.1627709648417E-02, 0.4064024860929E-02,-0.5028970561552E-03,-0.2458098362623E-02, 0.2468519791474E-02,-0.1024390981795E-02, 0.6507787359669E-02, 0.1395874097601E-02
 0.1085271659980E-02,-0.1849180746771E-02, 0.3702022946945E-02,-0.7598506140593E-03,-0.2598079626606E-02, 0.2276745009183E-02,-0.1216746862266E-02, 0.6211897826645E-02, 0.1132658772632E-02
 0.1093354560323E-02,-0.1855132750005E-02, 0.3734534427996E-02,-0.7808523859190E-03,-0.2615983087732E-02, 0.2333468009753E-02,-0.1209741900274E-02, 0.6243030002795E-02, 0.1145918078699E-02
 0.8154979375676E-03,-0.2114163487867E-02, 0.3329397009791E-02,-0.1120661669094E-02,-0.2955073002117E-02, 0.1974714295393E-02,-0.1398986135349E-02, 0.5805079348999E-02, 0.7771896671985E-03
 0.7379759645336E-03,-0.2145521883393E-02, 0.3192531097863E-02,-0.1191549449622E-02,-0.3004916324671E-02, 0.1783665352536E-02,-0.1527970898209E-02, 0.5722906362903E-02, 0.7028955266454E-03
 0.5925942563851E-03,-0.2214550509110E-02, 0.3105961822607E-02,-0.1288880007043E-02,-0.3076172918352E-02, 0.1608966577100E-02,-0.1685204508162E-02, 0.5594165958967E-02, 0.6216002174241E-03
 0.2997755677000E-03,-0.2400068525176E-02, 0.3082688133199E-02,-0.1487244297522E-02,-0.3249229419106E-02, 0.1482897387633E-02,-0.1872941037368E-02, 0.5323314447450E-02, 0.4763326569517E-03
 0.1996948407908E-02,-0.1011168192959E-02, 0.4472599382591E-02,-0.2599297242698E-03,-0.2088070910160E-02, 0.3131031969448E-02,-0.4702135272667E-03, 0.7214822743218E-02, 0.2059253971331E-02
 0.1741249342186E-02,-0.1240108374559E-02, 0.4463736844787E-02,-0.2057997550797E-03,-0.2201962936663E-02, 0.2823985759249E-02,-0.6993594276249E-03, 0.6905750082327E-02, 0.1789542617335E-02
 0.1473985053078E-02,-0.1481301184792E-02, 0.4198484119352E-02,-0.3642564501543E-03,-0.2326561694575E-02, 0.2582893885557E-02,-0.9238775038396E-03, 0.6589216265031E-02, 0.1508778517483E-02
 0.1230860464930E-02,-0.1704037744045E-02, 0.3836774255879E-02,-0.6222811888036E-03,-0.2468180989592E-02, 0.2391095439004E-02,-0.1116837627293E-02, 0.6294672215395E-02, 0.1246005178569E-02
 0.1239115123445E-02,-0.1709935340463E-02, 0.3869607608380E-02,-0.6431392037675E-03,-0.2486045167747E-02, 0.2447962130856E-02,-0.1109777185281E-02, 0.6326237245178E-02, 0.1259413289556E-02
 0.9598500888944E-03,-0.1971306591148E-02, 0.3463715313197E-02,-0.9849603140664E-03,-0.2827736413723E-02, 0.2088735189842E-02,-0.1300363501439E-02, 0.5889357115377E-02, 0.8906048107442E-03
 0.8817736710962E-03,-0.2003567050273E-02, 0.3326510209361E-02,-0.1056647716404E-02,-0.2878539076848E-02, 0.1897647293262E-02,-0.1429790340138E-02, 0.5807408656235E-02, 0.8160866705805E-03
 0.7357870856531E-03,-0.2073648046572E-02, 0.3239620715742E-02,-0.1154938810420E-02,-0.2950930464876E-02, 0.1722737564732E-02,-0.1587558655970E-02, 0.5678911169668E-02, 0.7345015088964E-03
 0.4422433217213E-03,-0.2260601965137E-02, 0.3216121356252E-02,-0.1354612445021E-02,-0.3125589645956E-02, 0.1596093516289E-02,-0.1776092605973E-02, 0.5408598339670E-02, 0.5889580376771E-03
 0.2142318790159E-02,-0.8660699782813E-03, 0.4606433314712E-02,-0.1234724988036E-03,-0.1966232857858E-02, 0.3227382825715E-02,-0.3741616801558E-03, 0.7317363186049E-02, 0.2200983324798E-02
 0.1887319845921E-02,-0.1095099495767E-02, 0.4597997238502E-02,-0.6998653619413E-04,-0.2080976020833E-02, 0.2921575008279E-02,-0.6029461204991E-03, 0.7010686979198E-02, 0.1932100978774E-02
 0.1620156823679E-02,-0.1336991924980E-02, 0.4333320420648E-02,-0.2292428560074E-03,-0.2206829230704E-02, 0.2681082268809E-02,-0.8275693353955E-03, 0.6696118377540E-02, 0.1652082069587E-02
 0.1376732636738E-02,-0.1560765989052E-02, 0.3972098990965E-02,-0.4881380376791E-03,-0.2349845933942E-02, 0.2489458455500E-02,-0.1020933891846E-02, 0.6403082994398E-02, 0.1389855098312E-02
 0.1385152331289E-02,-0.1566612241831E-02, 0.4005251596044E-02,-0.5088628681897E-03,-0.2367669587566E-02, 0.2546461653299E-02,-0.1013825138239E-02, 0.6435039862217E-02, 0.1403403043540E-02
 0.1104712421971E-02,-0.1830033914301E-02, 0.3598806815373E-02,-0.8524313043399E-03,-0.2711583606410E-02, 0.2187033000139E-02,-0.1205497297417E-02, 0.5999314336954E-02, 0.1034490973783E-02
 0.1026128425066E-02,-0.1863121393020E-02, 0.3461280842737E-02,-0.9248527910252E-03,-0.2763239187093E-02, 0.1995969135830E-02,-0.1335297800390E-02, 0.5917540405160E-02, 0.9596843005591E-03
 0.8795887455812E-03,-0.1934161623415E-02, 0.3374227285427E-02,-0.1024019725452E-02,-0.2836637145364E-02, 0.1820929045335E-02,-0.1493516391060E-02, 0.5789271254898E-02, 0.8777606373555E-03
 0.5854135663444E-03,-0.2122392411196E-02, 0.3350940397357E-02,-0.1224853766748E-02,-0.3012690892188E-02, 0.1693856127328E-02,-0.1682707235103E-02, 0.5519580273853E-02, 0.7319445471673E-03
 0.2139876069867E-02,-0.8566508587058E-03, 0.4596109730623E-02,-0.1189555852322E-03,-0.1958157573683E-02, 0.3211276201373E-02,-0.3767808795377E-03, 0.7306676740601E-02, 0.2205404975259E-02
 0.1884919967095E-02,-0.1085713324210E-02, 0.4587823104041E-02,-0.6560254924309E-04,-0.2072977133502E-02, 0.2905601171490E-02,-0.6055338814971E-03, 0.7000274414687E-02, 0.1936594371481E-02
 0.1617867973043E-02,-0.1327668320595E-02, 0.4323462355416E-02,-0.2249029935183E-03,-0.2198934143157E-02, 0.2665313039218E-02,-0.8301313175792E-03, 0.6686171916681E-02, 0.1656694735607E-02
 0.1374595832861E-02,-0.1551513550747E-02, 0.3962649527784E-02,-0.4837803796797E-03,-0.2342055090674E-02, 0.2473940409425E-02,-0.1023469546831E-02, 0.6393707438285E-02, 0.1394612522439E-02
 0.1382838282840E-02,-0.1557393941807E-02, 0.3995373567207E-02,-0.5045959304455E-03,-0.2359898041286E-02, 0.2530704462555E-02,-0.1016414249356E-02, 0.6425361045629E-02, 0.1408028922708E-02
 0.1102894094723E-02,-0.1820865523888E-02, 0.3590155807640E-02,-0.8479598241486E-03,-0.2703894751404E-02, 0.2172056076737E-02,-0.1207953821035E-02, 0.5991045307146E-02, 0.1039526183422E-02
 0.1024439813248E-02,-0.1853979114300E-02, 0.3452976339748E-02,-0.9203376640832E-03,-0.2755591760612E-02, 0.1981231477075E-02,-0.1337684547168E-02, 0.5909555802278E-02, 0.9648132996029E-03
 0.8780803637867E-03,-0.1925046958618E-02, 0.3366006539724E-02,-0.1019447802899E-02,-0.2829039974013E-02, 0.1806466664105E-02,-0.1495824912411E-02, 0.5781686190939E-02, 0.8830094568119E-03
 0.5841885765537E-03,-0.2113315945351E-02, 0.3342369962379E-02,-0.1220195405906E-02,-0.3005164205331E-02, 0.1679747694506E-02,-0.1684937851580E-02, 0.5512730612925E-02, 0.7373812929761E-03
 0.2344572544773E-02,-0.6693018995461E-03, 0.4787721264655E-02, 0.4531894351217E-04,-0.1826143173876E-02, 0.3369612645963E-02,-0.1778629544420E-03, 0.7494940701765E-02, 0.2366767153629E-02
 0.2090821860412E-02,-0.8981558948103E-03, 0.4779982513070E-02, 0.9807107203951E-04,-0.1941708197574E-02, 0.3065762961297E-02,-0.4062464012156E-03, 0.7191883470007E-02, 0.2099556755454E-02
 0.1824174848817E-02,-0.1140670996198E-02, 0.4516529137215E-02,-0.6194799469151E-04,-0.2068924772380E-02, 0.2826400731643E-02,-0.6310815097854E-03, 0.6880511279438E-02, 0.1821045790051E-02
 0.1580719847531E-02,-0.1365545912675E-02, 0.4156521691784E-02,-0.3216322172503E-03,-0.2213492344277E-02, 0.2635318556320E-02,-0.8250723882932E-03, 0.6590064167194E-02, 0.1559996976976E-02
 0.1589311491138E-02,-0.1371322859906E-02, 0.4190029762855E-02,-0.3421938254700E-03,-0.2231244078664E-02, 0.2692414297551E-02,-0.8178917894708E-03, 0.6622423935885E-02, 0.1573690639820E-02
 0.1307739226053E-02,-0.1637170026754E-02, 0.3783486810971E-02,-0.6875719721286E-03,-0.2577478263286E-02, 0.2333164765947E-02,-0.1011337887689E-02, 0.6188905326224E-02, 0.1205336686028E-02
 0.1228555857728E-02,-0.1671321555614E-02, 0.3645648238559E-02,-0.7608477681262E-03,-0.2630138981833E-02, 0.2142266122462E-02,-0.1141846160194E-02, 0.6107364732040E-02, 0.1130319522658E-02
 0.1081432894042E-02,-0.1743566495371E-02, 0.3558612658103E-02,-0.8610170601155E-03,-0.2704706679860E-02, 0.1967202174092E-02,-0.1300862655176E-02, 0.5979522738038E-02, 0.1048144163264E-02
 0.7867621672628E-03,-0.1933305168290E-02, 0.3536142879576E-02,-0.1063097010811E-02,-0.2882277712454E-02, 0.1839759816321E-02,-0.1491080778092E-02, 0.5711133881202E-02, 0.9022854697743E-03
 0.2401362462022E-02,-0.6225953448943E-03, 0.4828999178008E-02, 0.8481800827426E-04,-0.1770435830207E-02, 0.3442040795092E-02,-0.1102631933306E-03, 0.7530283760004E-02, 0.2406860271325E-02
 0.2148131756577E-02,-0.8512133601365E-03, 0.4821577672481E-02, 0.1374179294304E-03,-0.1886251261197E-02, 0.3138844347641E-02,-0.3384479832254E-03, 0.7228461045127E-02, 0.2140374268959E-02
 0.1881834683932E-02,-0.1093702196982E-02, 0.4558718612315E-02,-0.2266178529095E-04,-0.2013858722227E-02, 0.2899921157698E-02,-0.5632526897512E-03, 0.6918242019049E-02, 0.1862540112713E-02
 0.1638572932222E-02,-0.1318694682251E-02, 0.4199344278736E-02,-0.2823733858949E-03,-0.2158869784094E-02, 0.2709102073674E-02,-0.7573432229684E-03, 0.6628784010969E-02, 0.1602054366847E-02
 0.1647176513103E-02,-0.1324456770464E-02, 0.4232913241128E-02,-0.3029018314402E-03,-0.2176592574175E-02, 0.2766156770523E-02,-0.7501494663245E-03, 0.6661221629652E-02, 0.1615760247206E-02
 0.1365562144142E-02,-0.1590721905342E-02, 0.3826738916245E-02,-0.6485012447706E-03,-0.2523548993522E-02, 0.2407099617010E-02,-0.9440454097185E-03, 0.6228780365591E-02, 0.1247914363296E-02
 0.1286270252032E-02,-0.1625118565148E-02, 0.3688953572079E-02,-0.7219462207680E-03,-0.2576542294628E-02, 0.2216284853129E-02,-0.1074749445345E-02, 0.6147406232898E-02, 0.1172917295044E-02
 0.1139081170553E-02,-0.1697624368502E-02, 0.3601911600749E-02,-0.8223039507053E-03,-0.2651488013782E-02, 0.2041257294565E-02,-0.1233975503901E-02, 0.6019816912029E-02, 0.1090765079315E-02
 0.8444652567123E-03,-0.1887629648932E-02, 0.3579411863342E-02,-0.1024568476758E-02,-0.2829523616322E-02, 0.1913764113080E-02,-0.1424438631455E-02, 0.5752037166852E-02, 0.9450548887401E-03
 0.2463608404325E-02,-0.5698578541843E-03, 0.4878592466847E-02, 0.1424973132773E-03,-0.1693210812931E-02, 0.3522525957578E-02,-0.4329564859219E-04, 0.7575964588253E-02, 0.2459495185981E-02
 0.2211022167099E-02,-0.7981643717622E-03, 0.4871560097725E-02, 0.1949229274701E-03,-0.1809363472646E-02, 0.3220120259166E-02,-0.2711546484410E-03, 0.7275594807248E-02, 0.2193832440048E-02
 0.1945148972026E-02,-0.1040586800236E-02, 0.4609357524596E-02, 0.3474289157702E-04,-0.1937466280153E-02, 0.2981716573902E-02,-0.4958329797232E-03, 0.6966684099440E-02, 0.1916778029698E-02
 0.1702114647090E-02,-0.1265684270828E-02, 0.4250654371877E-02,-0.2250509992349E-03,-0.2083041252851E-02, 0.2791197114548E-02,-0.6899570170971E-03, 0.6678311739771E-02, 0.1656940230041E-02
 0.1710759104507E-02,-0.1271425404736E-02, 0.4284368826181E-02,-0.2455274108545E-03,-0.2100729506797E-02, 0.2848245798467E-02,-0.6827446665323E-03, 0.6710901165206E-02, 0.1670681489336E-02
 0.1429065919564E-02,-0.1538140863255E-02, 0.3878424825332E-02,-0.5915131649466E-03,-0.2448695763405E-02, 0.2489339724626E-02,-0.8770477087537E-03, 0.6279499164625E-02, 0.1303347563239E-02
 0.1349644275081E-02,-0.1572811514527E-02, 0.3740652271902E-02,-0.6652055986267E-03,-0.2502120930701E-02, 0.2298595481284E-02,-0.1007929246670E-02, 0.6198277743203E-02, 0.1228344802020E-02
 0.1202362507632E-02,-0.1645610103074E-02, 0.3653574755713E-02,-0.7658406211130E-03,-0.2577560157723E-02, 0.2123578851919E-02,-0.1167347123640E-02, 0.6070918462494E-02, 0.1146187187579E-02
 0.9077741653504E-03,-0.1835911404322E-02, 0.3631042444777E-02,-0.9683944985980E-03,-0.2756225033256E-02, 0.1995993321206E-02,-0.1358035497911E-02, 0.5803725494956E-02, 0.1000611793909E-02
 0.2557570870503E-02,-0.4807274830144E-03, 0.4967420693597E-02, 0.2544403669000E-03,-0.1571161117684E-02, 0.3616454273935E-02, 0.3784031836612E-04, 0.7666459363827E-02, 0.2555477643679E-02
 0.2305899033289E-02,-0.7086644565100E-03, 0.4960918977114E-02, 0.3065456450081E-03,-0.1687883205166E-02, 0.3315242884842E-02,-0.1894694884411E-03, 0.7368212231766E-02, 0.2290866949326E-02
 0.2040533141561E-02,-0.9511190252257E-03, 0.4699490393537E-02, 0.1460354971417E-03,-0.1816809562713E-02, 0.3077562625545E-02,-0.4139216658207E-03, 0.7061103881864E-02, 0.2014811005533E-02
 0.1797681725119E-02,-0.1176515888773E-02, 0.4341511982577E-02,-0.1141203513623E-03,-0.1963325154927E-02, 0.2887410588113E-02,-0.6080701970434E-03, 0.6774138638681E-02, 0.1755782696279E-02
 0.1806454721412E-02,-0.1182215504749E-02, 0.4375578400667E-02,-0.1344874801311E-03,-0.1980965579383E-02, 0.2944558222187E-02,-0.6008183569909E-03, 0.6807071095424E-02, 0.1769630187648E-02
 0.1524356437294E-02,-0.1449835298807E-02, 0.3969413837355E-02,-0.4814902489334E-03,-0.2330663901769E-02, 0.2585679547133E-02,-0.7956722541016E-03, 0.6376654770709E-02, 0.1402700517293E-02
 0.1444672309447E-02,-0.1484973894515E-02, 0.3831478544951E-02,-0.5556961135693E-03,-0.2384779674795E-02, 0.2394981811367E-02,-0.9267783986736E-03, 0.6295537101333E-02, 0.1327584263862E-02
 0.1297138599560E-02,-0.1558291876593E-02, 0.3744322154083E-02,-0.6569202945731E-03,-0.2461017935861E-02, 0.2219907395766E-02,-0.1086451734325E-02, 0.6168348705581E-02, 0.1245296805665E-02
 0.1002378863073E-02,-0.1749184339473E-02, 0.3721971950802E-02,-0.8601660712957E-03,-0.2640747351192E-02, 0.2092089898093E-02,-0.1277465096345E-02, 0.5901724406366E-02, 0.1099747321100E-02
 0.2718956623239E-02,-0.8467880720418E-03, 0.5545915935363E-02, 0.2337201001031E-03,-0.2121959115887E-02, 0.3980137658074E-02,-0.1391852621675E-03,-0.1557833221354E-02, 0.2789605263640E-02
 0.2451337409721E-02,-0.1081453349052E-02, 0.5523854822681E-02, 0.2836660993609E-03,-0.2237646844769E-02, 0.3658684385930E-02,-0.3756079405733E-03,-0.1760167831610E-02, 0.2503418740627E-02
 0.2173830007897E-02,-0.1326953710761E-02, 0.5243740194675E-02, 0.1190161368305E-03,-0.2363158653679E-02, 0.3406457020077E-02,-0.6058553130900E-03,-0.1977348826956E-02, 0.2211475016519E-02
 0.1921807275869E-02,-0.1553097104392E-02, 0.4867136630106E-02,-0.1462099260525E-03,-0.2505636994122E-02, 0.3205469136313E-02,-0.8034377563941E-03,-0.2174171803302E-02, 0.1940633548579E-02
 0.1934068824282E-02,-0.1556109100056E-02, 0.4905731616648E-02,-0.1638913404708E-03,-0.2521350025723E-02, 0.3267339936784E-02,-0.7931001513375E-03,-0.2190608807873E-02, 0.1957872080244E-02
 0.1635707253609E-02,-0.1826544776306E-02, 0.4470721006319E-02,-0.5223109071328E-03,-0.2870063075635E-02, 0.2885266118251E-02,-0.9946493620699E-03,-0.2365926082634E-02, 0.1569695210253E-02
 0.1551766603265E-02,-0.1860540395098E-02, 0.4319758722102E-02,-0.5983403788730E-03,-0.2921819388400E-02, 0.2685401004595E-02,-0.1128318105125E-02,-0.2413471358736E-02, 0.1489787655919E-02
 0.1398435556087E-02,-0.1932885295251E-02, 0.4240632664049E-02,-0.7015089499964E-03,-0.2995366271541E-02, 0.2501835334358E-02,-0.1290843744136E-02,-0.2520006750695E-02, 0.1402534197841E-02
 0.1094116634060E-02,-0.2123705546367E-02, 0.4263597237944E-02,-0.9081814544404E-03,-0.3172275016836E-02, 0.2366675492417E-02,-0.1484837480959E-02,-0.2753940777182E-02, 0.1249644600798E-02
 0.2839272770910E-02,-0.7186292312330E-03, 0.5654345149514E-02, 0.3535868348077E-03,-0.1991666119275E-02, 0.4105795533902E-02,-0.3046979983307E-04,-0.1515200667036E-02, 0.2816278268486E-02
 0.2572125589157E-02,-0.9537511215133E-03, 0.5632732732197E-02, 0.4027040792943E-03,-0.2108549834152E-02, 0.3785251542374E-02,-0.2669777477650E-03,-0.1717501196149E-02, 0.2531484700034E-02
 0.2294554137630E-02,-0.1200271422466E-02, 0.5352993839793E-02, 0.2371013202675E-03,-0.2235633556666E-02, 0.3533337273057E-02,-0.4977591466837E-03,-0.1935027655095E-02, 0.2240334332923E-02
 0.2042133810359E-02,-0.1427701145736E-02, 0.4976640496936E-02,-0.2910129291023E-04,-0.2379786695064E-02, 0.3332293871194E-02,-0.6961176634963E-03,-0.2132406071057E-02, 0.1969896078348E-02
 0.2054573040895E-02,-0.1430649186045E-02, 0.5015479568391E-02,-0.4661303250661E-04,-0.2395455833836E-02, 0.3394291042737E-02,-0.6857035636587E-03,-0.2148825038344E-02, 0.1987295094227E-02
 0.1755048104716E-02,-0.1703332905798E-02, 0.4580138558398E-02,-0.4068254842683E-03,-0.2746778852505E-02, 0.3011784250797E-02,-0.8887807184313E-03,-0.2325222882764E-02, 0.1599431551595E-02
 0.1670693930608E-02,-0.1738159346700E-02, 0.4429054896604E-02,-0.4835330438456E-03,-0.2799473591985E-02, 0.2811967903108E-02,-0.1022928391112E-02,-0.2373155451208E-02, 0.1519573194351E-02
 0.1516942871215E-02,-0.1811477060485E-02, 0.4349484303977E-02,-0.5875294408451E-03,-0.2874132154154E-02, 0.2628273546460E-02,-0.1186030136381E-02,-0.2480108038335E-02, 0.1432293744332E-02
 0.1212152923216E-02,-0.2003649221382E-02, 0.4371477928653E-02,-0.7953585713846E-03,-0.3052628075651E-02, 0.2492573442879E-02,-0.1380893436074E-02,-0.2714583576859E-02, 0.1279340428889E-02
 0.2981800209773E-02,-0.5713023500858E-03, 0.5784616650509E-02, 0.4927245303430E-03,-0.1856703953618E-02, 0.4215832318653E-02, 0.6952649146155E-04,-0.1421398533091E-02, 0.2925227498300E-02
 0.2715507106137E-02,-0.8065733711324E-03, 0.5763728844193E-02, 0.5412049331857E-03,-0.1974578937299E-02, 0.3896661080300E-02,-0.1666537602967E-03,-0.1623607898678E-02, 0.2641623273771E-02
 0.2438172658934E-02,-0.1053869068481E-02, 0.5484750552792E-02, 0.3748273254584E-03,-0.2103072892744E-02, 0.3645429849696E-02,-0.3976000306833E-03,-0.1841501379907E-02, 0.2351383913975E-02
 0.2185570465879E-02,-0.1282410436768E-02, 0.5109012265618E-02, 0.1077893909916E-03,-0.2248777899627E-02, 0.3444614788967E-02,-0.5964287816067E-03,-0.2039516644002E-02, 0.2081568725635E-02
 0.2198230102378E-02,-0.1285292589242E-02, 0.5148177130261E-02, 0.9046285856132E-04,-0.2264402494337E-02, 0.3506798849283E-02,-0.5859423707870E-03,-0.2055886890658E-02, 0.2099150435398E-02
 0.1897657233084E-02,-0.1560114164709E-02, 0.4712577661192E-02,-0.2714767228379E-03,-0.2618189386407E-02, 0.3124137825640E-02,-0.7901995726976E-03,-0.2233663189684E-02, 0.1711448090214E-02
 0.1812874021896E-02,-0.1595786178009E-02, 0.4561341930687E-02,-0.3488952651145E-03,-0.2671811730967E-02, 0.2924430758544E-02,-0.9247232521628E-03,-0.2282147165866E-02, 0.1631450159506E-02
 0.1658671612833E-02,-0.1670088530282E-02, 0.4481532495062E-02,-0.4537516646931E-03,-0.2747567504884E-02, 0.2740668183991E-02,-0.1088287336222E-02,-0.2389720237866E-02, 0.1543966994239E-02
 0.1353398904881E-02,-0.1863583901089E-02, 0.4503228289621E-02,-0.6627315718693E-03,-0.2927598479591E-02, 0.2604542764103E-02,-0.1283852986362E-02,-0.2624993875877E-02, 0.1390853474995E-02
 0.3124559067211E-02,-0.4263583620785E-03, 0.5915290178805E-02, 0.6280929402549E-03,-0.1733968826682E-02, 0.4309882285822E-02, 0.1651479163752E-03,-0.1303020028913E-02, 0.3064626584736E-02
 0.2859288915466E-02,-0.6615658423051E-03, 0.5895212505251E-02, 0.6761110571637E-03,-0.1852601010963E-02, 0.3992250146785E-02,-0.7052337823793E-04,-0.1505111743120E-02, 0.2782075276900E-02
 0.2582382632788E-02,-0.9093999394570E-03, 0.5617196751713E-02, 0.5091606761792E-03,-0.1982257393513E-02, 0.3741884439031E-02,-0.3014308916314E-03,-0.1723350043398E-02, 0.2492796139005E-02
 0.2329780681540E-02,-0.1138826496857E-02, 0.5242299338262E-02, 0.2414840133495E-03,-0.2129274021301E-02, 0.3541472217118E-02,-0.5005348780668E-03,-0.1921992588565E-02, 0.2223723384539E-02
 0.2342656049665E-02,-0.1141648454860E-02, 0.5281804499513E-02, 0.2243312860066E-03,-0.2144855916485E-02, 0.3603844954333E-02,-0.4899853317869E-03,-0.1938296789946E-02, 0.2241476941151E-02
 0.2041251622782E-02,-0.1418320365693E-02, 0.4846085211919E-02,-0.1390792936544E-03,-0.2500732200454E-02, 0.3221256449031E-02,-0.6951732871101E-03,-0.2117521048832E-02, 0.1853933879850E-02
 0.1956080358546E-02,-0.1454766252934E-02, 0.4694709653825E-02,-0.2171472058983E-03,-0.2555178059875E-02, 0.3021700655307E-02,-0.8300096966547E-03,-0.2166614655305E-02, 0.1773732643622E-02
 0.1801472430786E-02,-0.1529962955640E-02, 0.4614822030608E-02,-0.3227830358666E-03,-0.2631905110038E-02, 0.2837930008075E-02,-0.9939570069014E-03,-0.2274881251095E-02, 0.1685997213474E-02
 0.1495803709291E-02,-0.1724624108996E-02, 0.4636672540888E-02,-0.5327695924817E-03,-0.2813265859077E-02, 0.2701507322048E-02,-0.1190089790865E-02,-0.2511035890022E-02, 0.1532730185909E-02
 0.3119281923521E-02,-0.4186677897543E-03, 0.5900968900320E-02, 0.6302613168643E-03,-0.1727181387593E-02, 0.4290965257510E-02, 0.1606310674852E-03,-0.1286438418994E-02, 0.3066398545078E-02
 0.2854097031622E-02,-0.6539014699728E-03, 0.5881593710200E-02, 0.6781621815430E-03,-0.1845889916722E-02, 0.3973505606061E-02,-0.7500257466085E-04,-0.1488553422217E-02, 0.2783960936387E-02
 0.2577372674201E-02,-0.9017779792489E-03, 0.5603938709884E-02, 0.5112142694772E-03,-0.1975643869552E-02, 0.3723414168820E-02,-0.3058637153998E-03,-0.1706845801921E-02, 0.2494856847182E-02
 0.2325005928534E-02,-0.1131247748186E-02, 0.5229299372582E-02, 0.2436173504291E-03,-0.2122753735161E-02, 0.3523335131219E-02,-0.5049123675596E-03,-0.1905564316657E-02, 0.2225990906251E-02
 0.2337653324889E-02,-0.1134119538111E-02, 0.5267968960229E-02, 0.2263403043378E-03,-0.2138357682373E-02, 0.3585401527999E-02,-0.4944376478171E-03,-0.1921852378824E-02, 0.2243569151140E-02
 0.2036933581564E-02,-0.1410768787457E-02, 0.4834249579859E-02,-0.1367244295654E-03,-0.2494283161033E-02, 0.3203790996656E-02,-0.6994122574524E-03,-0.2101274785416E-02, 0.1856591984353E-02
 0.1951934991380E-02,-0.1447219009512E-02, 0.4683308411700E-02,-0.2147136117477E-03,-0.2548754668480E-02, 0.3004519722623E-02,-0.8341549689646E-03,-0.2150479291165E-02, 0.1776521745637E-02
 0.1797566522216E-02,-0.1522416032267E-02, 0.4603552097245E-02,-0.3202474304776E-03,-0.2625513798902E-02, 0.2821083311716E-02,-0.9979944693593E-03,-0.2258829243774E-02, 0.1688953191247E-02
 0.1492281973187E-02,-0.1717075105038E-02, 0.4625077412672E-02,-0.5300752170733E-03,-0.2806922872272E-02, 0.2685107514653E-02,-0.1194006967016E-02,-0.2495009092706E-02, 0.1535947973311E-02
 0.3322851547347E-02,-0.2298227993979E-03, 0.6092082279121E-02, 0.7953609173920E-03,-0.1592764520052E-02, 0.4448558861393E-02, 0.3606433856951E-03,-0.1098906747440E-02, 0.3227468854092E-02
 0.3059281230389E-02,-0.4646444268950E-03, 0.6073119860886E-02, 0.8429086998929E-03,-0.1712091496850E-02, 0.4133315453741E-02, 0.1256069693726E-03,-0.1300806073425E-02, 0.2946882831589E-02
 0.2783365182061E-02,-0.7128745189113E-03, 0.5796903279471E-02, 0.6755155093148E-03,-0.1842984815533E-02, 0.3884478411944E-02,-0.1052742505443E-03,-0.1519492354432E-02, 0.2659398038310E-02
 0.2531175549721E-02,-0.9431850016892E-03, 0.5423809003867E-02, 0.4073726242191E-03,-0.1991434669957E-02, 0.3684957914481E-02,-0.3047870754034E-03,-0.1718996858258E-02, 0.2391766313586E-02
 0.2544278765375E-02,-0.9459341542102E-03, 0.5463769449184E-02, 0.3904255631237E-03,-0.2006946682756E-02, 0.3747478451586E-02,-0.2941587516594E-03,-0.1735170429973E-02, 0.2409698795975E-02
 0.2242264122440E-02,-0.1224734844499E-02, 0.5028493246055E-02, 0.2560288472054E-04,-0.2364964761442E-02, 0.3365507266467E-02,-0.5008547453387E-03,-0.1916585605563E-02, 0.2023069427135E-02
 0.2156665693597E-02,-0.1262167589256E-02, 0.4877046485160E-02,-0.5320089888436E-04,-0.2420372305575E-02, 0.3166305910428E-02,-0.6362853694627E-03,-0.1966649568901E-02, 0.1942770537696E-02
 0.2001692895092E-02,-0.1338473677037E-02, 0.4797304308293E-02,-0.1597028774952E-03,-0.2498218228835E-02, 0.2982698260406E-02,-0.8009004137332E-03,-0.2076001325868E-02, 0.1854901623567E-02
 0.1695886307278E-02,-0.1534479203434E-02, 0.4819939594471E-02,-0.3707172404387E-03,-0.2681010066369E-02, 0.2846117611931E-02,-0.9978897986816E-03,-0.2313471926842E-02, 0.1701760389339E-02
 0.3378168384321E-02,-0.1833265625544E-03, 0.6132002507785E-02, 0.8342175330557E-03,-0.1536728325367E-02, 0.4519054516562E-02, 0.4278101626365E-03,-0.1054651171767E-02, 0.3266542155492E-02
 0.3115255912295E-02,-0.4178522324570E-03, 0.6113370148609E-02, 0.8817004739373E-03,-0.1656266362754E-02, 0.4204638198173E-02, 0.1930474783763E-03,-0.1256271237990E-02, 0.2986766941729E-02
 0.2839843490155E-02,-0.6659895807065E-03, 0.5837933457879E-02, 0.7143481380928E-03,-0.1787509214775E-02, 0.3956406086945E-02,-0.3772269527188E-04,-0.1474839012866E-02, 0.2700048070081E-02
 0.2587995386388E-02,-0.8963527257501E-03, 0.5465717369189E-02, 0.4462784887723E-03,-0.1936361793306E-02, 0.3757297367097E-02,-0.2372592604116E-03,-0.1674354781510E-02, 0.2433063575867E-02
 0.2601117436985E-02,-0.8990910334625E-03, 0.5505882116972E-02, 0.4293680514861E-03,-0.1951848969774E-02, 0.3819771347004E-02,-0.2266225034341E-03,-0.1690491988749E-02, 0.2451009151442E-02
 0.2299249207931E-02,-0.1178212880007E-02, 0.5071046732301E-02, 0.6445910270339E-04,-0.2310515777400E-02, 0.3438206838424E-02,-0.4336671735808E-03,-0.1872231440551E-02, 0.2065009861013E-02
 0.2213599074450E-02,-0.1215864628719E-02, 0.4919709974692E-02,-0.1447541970840E-04,-0.2366238817786E-02, 0.3239180784503E-02,-0.5692521209551E-03,-0.1922476010070E-02, 0.1984766874760E-02
 0.2058633938994E-02,-0.1292399958940E-02, 0.4839986164919E-02,-0.1211208893171E-03,-0.2444441854838E-02, 0.3055700399171E-02,-0.7340278954906E-03,-0.2032003949273E-02, 0.1896961181053E-02
 0.1753006072209E-02,-0.1488620721010E-02, 0.4862585733444E-02,-0.3322481018318E-03,-0.2627661861888E-02, 0.2919165328659E-02,-0.9311971221631E-03,-0.2269624665423E-02, 0.1744028813716E-02
 0.3439207777336E-02,-0.1305693815366E-03, 0.6180696685040E-02, 0.8914372752626E-03,-0.1458849183300E-02, 0.4597844856025E-02, 0.4946023567213E-03,-0.1002569965073E-02, 0.3318326634815E-02
 0.3177092720527E-02,-0.3647138419964E-03, 0.6162369723562E-02, 0.9388418975442E-03,-0.1578676248650E-02, 0.4284408947165E-02, 0.2602473542409E-03,-0.1203843198085E-02, 0.3039473627216E-02
 0.2902267852773E-02,-0.6127100257826E-03, 0.5887800967194E-02, 0.7715067358837E-03,-0.1710364530622E-02, 0.4036871224804E-02, 0.2968840213241E-04,-0.1422255207065E-02, 0.2753633953073E-02
 0.2650801516736E-02,-0.8431068065194E-03, 0.5516572649801E-02, 0.5034735545839E-03,-0.1859731889522E-02, 0.3838215260072E-02,-0.1698034661873E-03,-0.1621769473205E-02, 0.2487389639899E-02
 0.2663981723406E-02,-0.8458264090802E-03, 0.5557130605441E-02, 0.4866260483349E-03,-0.1875189183620E-02, 0.3900689752394E-02,-0.1591494431908E-03,-0.1637863983091E-02, 0.2505378720210E-02
 0.2362217810454E-02,-0.1125297653341E-02, 0.5122466267403E-02, 0.1214801902778E-03,-0.2234775279337E-02, 0.3519482888018E-02,-0.3665018177927E-03,-0.1819958701745E-02, 0.2120015206519E-02
 0.2276496381037E-02,-0.1163196620780E-02, 0.4971195767357E-02, 0.4234061653226E-04,-0.2290912143882E-02, 0.3320620720008E-02,-0.5022250543865E-03,-0.1870403402712E-02, 0.2039803690142E-02
 0.2121512012745E-02,-0.1239992541467E-02, 0.4891454440592E-02,-0.6453246341668E-04,-0.2369585726419E-02, 0.3137242108414E-02,-0.6671469087186E-03,-0.1980133828937E-02, 0.1952032765324E-02
 0.1816032289564E-02,-0.1436456358327E-02, 0.4913997821494E-02,-0.2758677334254E-03,-0.2553390980623E-02, 0.3000707711538E-02,-0.8644793136969E-03,-0.2217939231015E-02, 0.1799295025579E-02
 0.3532176344975E-02,-0.4096977596535E-04, 0.6268983183076E-02, 0.1003181175372E-02,-0.1335461904000E-02, 0.4690572209312E-02, 0.5760295096665E-03,-0.9078933715602E-03, 0.3413529592139E-02
 0.3271198987605E-02,-0.2746353518629E-03, 0.6251032246218E-02, 0.1050398731546E-02,-0.1455782608049E-02, 0.4378568658661E-02, 0.3423384545133E-03,-0.1108793050654E-02, 0.3135879653166E-02
 0.2997104294080E-02,-0.5225510055663E-03, 0.5977545348332E-02, 0.8829081733419E-03,-0.1588218606410E-02, 0.4131961578393E-02, 0.1121170809030E-03,-0.1327155337392E-02, 0.2851183034642E-02
 0.2746022459737E-02,-0.7531427757061E-03, 0.5607508265909E-02, 0.6146939430383E-03,-0.1738453788747E-02, 0.3933847121705E-02,-0.8730066513622E-04,-0.1526855615475E-02, 0.2585878208117E-02
 0.2759377178868E-02,-0.7558171385488E-03, 0.5648801683625E-02, 0.5979885101334E-03,-0.1753867317470E-02, 0.3996464726841E-02,-0.7659844099680E-04,-0.1542881870290E-02, 0.2604002198228E-02
 0.2457418149954E-02,-0.1036058819819E-02, 0.5213726653416E-02, 0.2320322352397E-03,-0.2115057264003E-02, 0.3615480691860E-02,-0.2843894903879E-03,-0.1725771680490E-02, 0.2219197817259E-02
 0.2371510200994E-02,-0.1074391594235E-02, 0.5062373053573E-02, 0.1524389648017E-03,-0.2171862699600E-02, 0.3416763389758E-02,-0.4202943486670E-03,-0.1776602968247E-02, 0.2138922647568E-02
 0.2216364482856E-02,-0.1151665689483E-02, 0.4982578590705E-02, 0.4504627400164E-04,-0.2251306494461E-02, 0.3233419059695E-02,-0.5854232128494E-03,-0.1886765114045E-02, 0.2051071720249E-02
 0.1910855565692E-02,-0.1348649720011E-02, 0.5005244014340E-02,-0.1668641941624E-03,-0.2436115569049E-02, 0.3096744474290E-02,-0.7830138645355E-03,-0.2125069633789E-02, 0.1898430704212E-02
 0.3823395146730E-02,-0.2996201990997E-03,-0.1746786459347E-02, 0.1100274855090E-02,-0.1791645721686E-02, 0.5182738169782E-02, 0.5092978265631E-03,-0.1418305377136E-02, 0.3769710437129E-02
 0.3543585310104E-02,-0.5417118266799E-03,-0.1955293840889E-02, 0.1143341435796E-02,-0.1912281307264E-02, 0.4847496805513E-02, 0.2647258247696E-03,-0.1624764022407E-02, 0.3467819515608E-02
 0.3254483711155E-02,-0.7943433858433E-03,-0.2187782774214E-02, 0.9694503913380E-03,-0.2042566575350E-02, 0.4583684998088E-02, 0.2703994076277E-04,-0.1846079136408E-02, 0.3165210572841E-02
 0.2991575936374E-02,-0.1027260328706E-02,-0.2409897167800E-02, 0.6938922227540E-03,-0.2189959653020E-02, 0.4372396187326E-02,-0.1773372043993E-03,-0.2046781893272E-02, 0.2886483849982E-02
 0.3008392611659E-02,-0.1026970070327E-02,-0.2417667416797E-02, 0.6799181141150E-03,-0.2203148341838E-02, 0.4439718127765E-02,-0.1632996356893E-03,-0.2061278577743E-02, 0.2908078098023E-02
 0.2686284205265E-02,-0.1312932173987E-02,-0.2685577969674E-02, 0.2989365173581E-03,-0.2565901745431E-02, 0.4031761315082E-02,-0.3804747939568E-03,-0.2244475032114E-02, 0.2499078028602E-02
 0.2594754657226E-02,-0.1351003187198E-02,-0.2731821779875E-02, 0.2163796870358E-03,-0.2621080831334E-02, 0.3822321364574E-02,-0.5199628377041E-03,-0.2294105895276E-02, 0.2413003923133E-02
 0.2432202982253E-02,-0.1428304541795E-02,-0.2782271804442E-02, 0.1057732150096E-03,-0.2698653202060E-02, 0.3628937259092E-02,-0.6890637581738E-03,-0.2403762031758E-02, 0.2319138396114E-02
 0.2114804426385E-02,-0.1626641448531E-02,-0.2885880999518E-02,-0.1113806411861E-03,-0.2881809801380E-02, 0.3483212139600E-02,-0.8910275884237E-03,-0.2643070249680E-02, 0.2157823478772E-02
 0.3939454764978E-02,-0.1725726055284E-03,-0.1621796715741E-02, 0.1218135920957E-02,-0.1661255116733E-02, 0.5304211275849E-02, 0.6165187470343E-03,-0.1375468278688E-02, 0.3794372309025E-02
 0.3660435676572E-02,-0.4149593012224E-03,-0.1831105061804E-02, 0.1260552573659E-02,-0.1782981924472E-02, 0.4970239797224E-02, 0.3720280391976E-03,-0.1581852322309E-02, 0.3494052271393E-02
 0.3371600630361E-02,-0.6684414344687E-03,-0.2064773713096E-02, 0.1085934892850E-02,-0.1914738410561E-02, 0.4707068136495E-02, 0.1339764239098E-03,-0.1803470573636E-02, 0.3192394326589E-02
 0.3108603443557E-02,-0.9024837658823E-03,-0.2288237697272E-02, 0.8096336294092E-03,-0.2063710952550E-02, 0.4496011928028E-02,-0.7102198061010E-04,-0.2004691232634E-02, 0.2914208236395E-02
 0.3125635706603E-02,-0.9021134859548E-03,-0.2295965970695E-02, 0.7958684416276E-03,-0.2076843697276E-02, 0.4563502536426E-02,-0.5688962859803E-04,-0.2019150700248E-02, 0.2935998303749E-02
 0.2802737917012E-02,-0.1190108065672E-02,-0.2566291774890E-02, 0.4133833581337E-03,-0.2442049714423E-02, 0.4155508405337E-02,-0.2754026844689E-03,-0.2203412573519E-02, 0.2527490666958E-02
 0.2710927714562E-02,-0.1228943956070E-02,-0.2613442621766E-02, 0.3302409964135E-03,-0.2498125348638E-02, 0.3946295764159E-02,-0.4152845534828E-03,-0.2253432391405E-02, 0.2441541828181E-02
 0.2548116491107E-02,-0.1307141517041E-02,-0.2664954851549E-02, 0.2189114695300E-03,-0.2576761704264E-02, 0.3752955511739E-02,-0.5848676187072E-03,-0.2363489082274E-02, 0.2347730313921E-02
 0.2230492200486E-02,-0.1506710131264E-02,-0.2770037597387E-02, 0.7630166519643E-06,-0.2761426195721E-02, 0.3606872379559E-02,-0.7875820187578E-03,-0.2603280727143E-02, 0.2186454144598E-02
 0.4078316947801E-02,-0.2610897976071E-04,-0.1480661028702E-02, 0.1355501273132E-02,-0.1525907462224E-02, 0.5410917669486E-02, 0.7154516914359E-03,-0.1280794357536E-02, 0.3900561663049E-02
 0.3800513696118E-02,-0.2684605802804E-03,-0.1690540778027E-02, 0.1397485082861E-02,-0.1648504491592E-02, 0.5078675101558E-02, 0.4714640931711E-03,-0.1487033096612E-02, 0.3601670753329E-02
 0.3512280914051E-02,-0.5225256841749E-03,-0.1925173384383E-02, 0.1222348269410E-02,-0.1781554661139E-02, 0.4816503375599E-02, 0.2334190213126E-03,-0.1708960340072E-02, 0.3301147829486E-02
 0.3249436794988E-02,-0.7574981362232E-03,-0.2149812098356E-02, 0.9454739011848E-03,-0.1931970428789E-02, 0.4605948175426E-02, 0.2810493677572E-04,-0.1910764437927E-02, 0.3023786134785E-02
 0.3266751574930E-02,-0.7570449360776E-03,-0.2157483694212E-02, 0.9319449321762E-03,-0.1945048629053E-02, 0.4673678723594E-02, 0.4233251185142E-04,-0.1925169122272E-02, 0.3045800844540E-02
 0.2943187319433E-02,-0.1046940463896E-02,-0.2430120851497E-02, 0.5480447740354E-03,-0.2312548590086E-02, 0.4265870087708E-02,-0.1771764266704E-03,-0.2110756596868E-02, 0.2637719405864E-02
 0.2851086990518E-02,-0.1086553879398E-02,-0.2478178790743E-02, 0.4642907454818E-03,-0.2369509194829E-02, 0.4056928457227E-02,-0.3173569150103E-03,-0.2161318460761E-02, 0.2551725855005E-02
 0.2687992926129E-02,-0.1165655302734E-02,-0.2530747267747E-02, 0.3522132616083E-03,-0.2449193433737E-02, 0.3863674114967E-02,-0.4873180797627E-03,-0.2271972902622E-02, 0.2457806822678E-02
 0.2370147620232E-02,-0.1366414613945E-02,-0.2637257404487E-02, 0.1330894634141E-03,-0.2635308270386E-02, 0.3717323820405E-02,-0.6906255249286E-03,-0.2512506463719E-02, 0.2296498290983E-02
 0.4217965221483E-02, 0.1181660524481E-03,-0.1345264165760E-02, 0.1489362758393E-02,-0.1402678034160E-02, 0.5502297794604E-02, 0.8102676768075E-03,-0.1161207151363E-02, 0.4037075843539E-02
 0.3941540664469E-02,-0.1239409424941E-03,-0.1555486356967E-02, 0.1531086852221E-02,-0.1525913091826E-02, 0.5171921743199E-02, 0.5669595697051E-03,-0.1367270362765E-02, 0.3739488157345E-02
 0.3654093320367E-02,-0.3783547937786E-03,-0.1790831424419E-02, 0.1355628851998E-02,-0.1660010322360E-02, 0.4910905625459E-02, 0.3291185767023E-03,-0.1589480207353E-02, 0.3440164539225E-02
 0.3391575724375E-02,-0.6140336804373E-03,-0.2016403001053E-02, 0.1078372327946E-02,-0.1811630865374E-02, 0.4701000397514E-02, 0.1236772666244E-03,-0.1791853464317E-02, 0.3163762659059E-02
 0.3409173802650E-02,-0.6135054470610E-03,-0.2024015470017E-02, 0.1065068120265E-02,-0.1824659339067E-02, 0.4768971388909E-02, 0.1379894887618E-03,-0.1806195749715E-02, 0.3185989589828E-02
 0.3085139917506E-02,-0.9050192760045E-03,-0.2298640213617E-02, 0.6799979892497E-03,-0.2194086447290E-02, 0.4361526435517E-02,-0.8227602945510E-04,-0.1993157332150E-02, 0.2778354792097E-02
 0.2992783190113E-02,-0.9453424175963E-03,-0.2347510403970E-02, 0.5956895274086E-03,-0.2251830804164E-02, 0.4152877629885E-02,-0.2226978090481E-03,-0.2044311416261E-02, 0.2692254122372E-02
 0.2829444605891E-02,-0.1025260938871E-02,-0.2401021982906E-02, 0.4829397843266E-03,-0.2332439959745E-02, 0.3959749828572E-02,-0.3929642932954E-03,-0.2155633592852E-02, 0.2598179480855E-02
 0.2511457184201E-02,-0.1227056202688E-02,-0.2508780199827E-02, 0.2629784453192E-03,-0.2519804230109E-02, 0.3813239697132E-02,-0.5967364449110E-03,-0.2396998856185E-02, 0.2436848756823E-02
 0.4209638945326E-02, 0.1239020070431E-03,-0.1331186992413E-02, 0.1488969712944E-02,-0.1397377475760E-02, 0.5480417339331E-02, 0.8036570017046E-03,-0.1145615809042E-02, 0.4035973204134E-02
 0.3933352691326E-02,-0.1182195737270E-03,-0.1541452315032E-02, 0.1530597231266E-02,-0.1520687647312E-02, 0.5150261557847E-02, 0.5603976491091E-03,-0.1351702562965E-02, 0.3738550237027E-02
 0.3646174005892E-02,-0.3726477795835E-03,-0.1776853647061E-02, 0.1355198944735E-02,-0.1654871284322E-02, 0.4889594505161E-02, 0.3226312046316E-03,-0.1573972448657E-02, 0.3439468688419E-02
 0.3383990196609E-02,-0.6083328603947E-03,-0.2002491406053E-02, 0.1078096883363E-02,-0.1806566816236E-02, 0.4680112109694E-02, 0.1172827946778E-03,-0.1776424303070E-02, 0.3163347604743E-02
 0.3401300288831E-02,-0.6078762859239E-03,-0.2010107615213E-02, 0.1064629078354E-02,-0.1819628517419E-02, 0.4747736905871E-02, 0.1314923494920E-03,-0.1790775189162E-02, 0.3185350313538E-02
 0.3078156436832E-02,-0.8992746463539E-03,-0.2284877875131E-02, 0.6800695561522E-03,-0.2189047282556E-02, 0.4341485004095E-02,-0.8845941603590E-04,-0.1977869265872E-02, 0.2778463017932E-02
 0.2986026716193E-02,-0.9395770160809E-03,-0.2333839556492E-02, 0.5958792209654E-03,-0.2246799903827E-02, 0.4133162231619E-02,-0.2287596915675E-03,-0.2029084075314E-02, 0.2692534337508E-02
 0.2822997126158E-02,-0.1019463655151E-02,-0.2387462541760E-02, 0.4832828963774E-03,-0.2327420109664E-02, 0.3940425623918E-02,-0.3988835040685E-03,-0.2140467463759E-02, 0.2598679112973E-02
 0.2505499185055E-02,-0.1221207027197E-02,-0.2495358585453E-02, 0.2635644261277E-03,-0.2514802394437E-02, 0.3794469414412E-02,-0.6024839211785E-03,-0.2381899701436E-02, 0.2437695629752E-02
 0.4411554146565E-02, 0.3137318331682E-03,-0.1179225982290E-02, 0.1654541515279E-02,-0.1260874961367E-02, 0.5636841014948E-02, 0.1004232838619E-02,-0.9549870346787E-03, 0.4196268061252E-02
 0.4137326630493E-02, 0.7225996904928E-04,-0.1389448572634E-02, 0.1696089726694E-02,-0.1384644724444E-02, 0.5309325137149E-02, 0.7618311225141E-03,-0.1160770440432E-02, 0.3900972515329E-02
 0.3851389533456E-02,-0.1822822279449E-03,-0.1625321156126E-02, 0.1520544959191E-02,-0.1519819857840E-02, 0.5050270797698E-02, 0.5242919363670E-03,-0.1383337330996E-02, 0.3603761410005E-02
 0.3589769251850E-02,-0.4185892533220E-03,-0.1851764831304E-02, 0.1243180805889E-02,-0.1672725754143E-02, 0.4841634637726E-02, 0.3186930391756E-03,-0.1586486801061E-02, 0.3329092040884E-02
 0.3607671680310E-02,-0.4179777570695E-03,-0.1859300709165E-02, 0.1230136727083E-02,-0.1685682901396E-02, 0.4909804952534E-02, 0.3330987643765E-03,-0.1600721244469E-02, 0.3351541171616E-02
 0.3283584720519E-02,-0.7112757712545E-03,-0.2136049850875E-02, 0.8440887143617E-03,-0.2057031405803E-02, 0.4503443420746E-02, 0.1116271476514E-03,-0.1789729858461E-02, 0.2945207693657E-02
 0.3190989180289E-02,-0.7524931802494E-03,-0.2185880431821E-02, 0.7591765625090E-03,-0.2115681049289E-02, 0.4295358158407E-02,-0.2925674170052E-04,-0.1841807237357E-02, 0.2859135853805E-02
 0.3027522973923E-02,-0.8334079224682E-03,-0.2240510029603E-02, 0.6457117940124E-03,-0.2197343678436E-02, 0.4102599626087E-02,-0.2000405856125E-03,-0.1954165983148E-02, 0.2765059479343E-02
 0.2709784739102E-02,-0.1036355922815E-02,-0.2349693871268E-02, 0.4249629994333E-03,-0.2386030623661E-02, 0.3956157698224E-02,-0.4044738782097E-03,-0.2196789195904E-02, 0.2604040002432E-02
 0.4465149648528E-02, 0.3597982220267E-03,-0.1140437016871E-02, 0.1692579090423E-02,-0.1204730146399E-02, 0.5705114633968E-02, 0.1070692631624E-02,-0.9102877395645E-03, 0.4234105805226E-02
 0.4191731928627E-02, 0.1186936146178E-03,-0.1350416639319E-02, 0.1734160818265E-02,-0.1328660683327E-02, 0.5378614492675E-02, 0.8286522123752E-03,-0.1115768507304E-02, 0.3939717428478E-02
 0.3906469178466E-02,-0.1356766311069E-03,-0.1586218220833E-02, 0.1558770911504E-02,-0.1464132346864E-02, 0.5120343176622E-02, 0.5913182361492E-03,-0.1338190655553E-02, 0.3643371474165E-02
 0.3645355185034E-02,-0.3719589782235E-03,-0.1812717350331E-02, 0.1281592724452E-02,-0.1617388791806E-02, 0.4912278634106E-02, 0.3857842787577E-03,-0.1541326560095E-02, 0.3369443008408E-02
 0.3663284054873E-02,-0.3713395477699E-03,-0.1820225509605E-02, 0.1268590232575E-02,-0.1630324813578E-02, 0.4980404815622E-02, 0.4001948699835E-03,-0.1555526143657E-02, 0.3391908850145E-02
 0.3339548616310E-02,-0.6648458289360E-03,-0.2097310608956E-02, 0.8826049267352E-03,-0.2002230645074E-02, 0.4574681662883E-02, 0.1784907237245E-03,-0.1744829141189E-02, 0.2986338807050E-02
 0.3246963603436E-02,-0.7062512595305E-03,-0.2147350021372E-02, 0.7976047594610E-03,-0.2061174173209E-02, 0.4366867853116E-02, 0.3750043335463E-04,-0.1797080391561E-02, 0.2900362372681E-02
 0.3083585779010E-02,-0.7873578828225E-03,-0.2202228073118E-02, 0.6840463970502E-03,-0.2143167692179E-02, 0.4174333072796E-02,-0.1333878417190E-03,-0.1909601387578E-02, 0.2806393422209E-02
 0.2766161398627E-02,-0.9904605907159E-03,-0.2311702352136E-02, 0.4632643273582E-03,-0.2332237394364E-02, 0.4028044256085E-02,-0.3379258335976E-03,-0.2152344458561E-02, 0.2645649735405E-02
 0.4524739979920E-02, 0.4123573851106E-03,-0.1085131603695E-02, 0.1749137761702E-02,-0.1126454675642E-02, 0.5781919244563E-02, 0.1137057043164E-02,-0.8575168780106E-03, 0.4284806309062E-02
 0.4252287192034E-02, 0.1717162853127E-03,-0.1294910762245E-02, 0.1790748850443E-02,-0.1250612631478E-02, 0.5456605658772E-02, 0.8955191372052E-03,-0.1062622632226E-02, 0.3991449999077E-02
 0.3967791955521E-02,-0.8242463376437E-04,-0.1530673341792E-02, 0.1615507190429E-02,-0.1386466419537E-02, 0.5199216507156E-02, 0.6584944918368E-03,-0.1284856605437E-02, 0.3696093110581E-02
 0.3707229614674E-02,-0.3186565293902E-03,-0.1757263666458E-02, 0.1338497542020E-02,-0.1540175787472E-02, 0.4991768549624E-02, 0.4530955980076E-03,-0.1487960549318E-02, 0.3423006496644E-02
 0.3725234893170E-02,-0.3180182266611E-03,-0.1764732160208E-02, 0.1325572351400E-02,-0.1553084488307E-02, 0.5059909268224E-02, 0.4675247494659E-03,-0.1502118063434E-02, 0.3445528375260E-02
 0.3401804997148E-02,-0.6117578793661E-03,-0.2042304847633E-02, 0.9395133214591E-03,-0.1925800253583E-02, 0.4654763256450E-02, 0.2456250287617E-03,-0.1691745355793E-02, 0.3040727504714E-02
 0.3309211155990E-02,-0.6533786518119E-03,-0.2092617366508E-02, 0.8543552916993E-03,-0.1985134145418E-02, 0.4447213765147E-02, 0.1045418935391E-03,-0.1744195311361E-02, 0.2954823837655E-02
 0.3145893723795E-02,-0.7347078380310E-03,-0.2147812003524E-02, 0.7406243319380E-03,-0.2067568995786E-02, 0.4254878132667E-02,-0.6643978050629E-04,-0.1856905879680E-02, 0.2860933951467E-02
 0.2828750773482E-02,-0.9379916996245E-03,-0.2257654383143E-02, 0.5197237044138E-03,-0.2257169694196E-02, 0.4108690175488E-02,-0.2710699721919E-03,-0.2099793744151E-02, 0.2700450267346E-02
 0.4616420743101E-02, 0.5021371538396E-03,-0.9788073437862E-03, 0.1860384252865E-02,-0.1002072196541E-02, 0.5873152085989E-02, 0.1218515931092E-02,-0.7614153935735E-03, 0.4378895825100E-02
 0.4345348737108E-02, 0.2621031550806E-03,-0.1188582004168E-02, 0.1901956701515E-02,-0.1126627489562E-02, 0.5549531164092E-02, 0.9777736165028E-03,-0.9661008447153E-03, 0.4086909603134E-02
 0.4061824444422E-02, 0.8173907500591E-05,-0.1424528961767E-02, 0.1726752591568E-02,-0.1263134402954E-02, 0.5293296606607E-02, 0.7412133603838E-03,-0.1188232268272E-02, 0.3792854184065E-02
 0.3801864328391E-02,-0.2281318072917E-03,-0.1651463325560E-02, 0.1449761093048E-02,-0.1417621913007E-02, 0.5086575385497E-02, 0.5360003800226E-03,-0.1391472896040E-02, 0.3520848757823E-02
 0.3820096325132E-02,-0.2274386420379E-03,-0.1658865958160E-02, 0.1437019942516E-02,-0.1430485181985E-02, 0.5154905211839E-02, 0.5504929993304E-03,-0.1405566193338E-02, 0.3543542688083E-02
 0.3496702479673E-02,-0.5217975120783E-03,-0.1937554707631E-02, 0.1050372610387E-02,-0.1804654628251E-02, 0.4750180840259E-02, 0.3282771157263E-03,-0.1595934691393E-02, 0.3139464643545E-02
 0.3404000970978E-02,-0.5638109928665E-03,-0.1988388496103E-02, 0.9648275709877E-03,-0.1864627101458E-02, 0.4542888342266E-02, 0.1870625320094E-03,-0.1648770699125E-02, 0.3053553631726E-02
 0.3240618852515E-02,-0.6455695499565E-03,-0.2044174225905E-02, 0.8506537984658E-03,-0.1947794479454E-02, 0.4350689241597E-02, 0.1592964098900E-04,-0.1761896670568E-02, 0.2959639035097E-02
 0.2923605959126E-02,-0.8492916763775E-03,-0.2154731804319E-02, 0.6293051420142E-03,-0.2138324883038E-02, 0.4204451198932E-02,-0.1888838120283E-03,-0.2005227523476E-02, 0.2799327642392E-02
 0.5040598653680E-02, 0.3560374131373E-03,-0.1605847315276E-02, 0.2078422630746E-02,-0.1357941147234E-02, 0.6496580372657E-02, 0.1266459610596E-02,-0.1182706487998E-02, 0.4860088586744E-02
 0.4747613749215E-02, 0.1056849098129E-03,-0.1819553281830E-02, 0.2113697743373E-02,-0.1484347996397E-02, 0.6146534534622E-02, 0.1012890755796E-02,-0.1393948478275E-02, 0.4541050313638E-02
 0.4446028040787E-02,-0.1548282861807E-03,-0.2056680829592E-02, 0.1929654308741E-02,-0.1620145364430E-02, 0.5870278826379E-02, 0.7670251927890E-03,-0.1619965883134E-02, 0.4226929351801E-02
 0.4171400081059E-02,-0.3952228803616E-03,-0.2282958589615E-02, 0.1642870226745E-02,-0.1773150956910E-02, 0.5647907616501E-02, 0.5551742940832E-03,-0.1825077226633E-02, 0.3939784640882E-02
 0.4193043837056E-02,-0.3913249580678E-03,-0.2288620374139E-02, 0.1632860086453E-02,-0.1783508315397E-02, 0.5720806372595E-02, 0.5732061126780E-03,-0.1837310254302E-02, 0.3965985200373E-02
 0.3845251618356E-02,-0.6945390853581E-03,-0.2565879270651E-02, 0.1227391720238E-02,-0.2162057637519E-02, 0.5285196166137E-02, 0.3387619796013E-03,-0.2029855825802E-02, 0.3534659730379E-02
 0.3745554216103E-02,-0.7372508144371E-03,-0.2614330953395E-02, 0.1137676628335E-02,-0.2221223110362E-02, 0.5065555031514E-02, 0.1928581963082E-03,-0.2082114859295E-02, 0.3441878774742E-02
 0.3573107333290E-02,-0.8201257657462E-03,-0.2667227391915E-02, 0.1018948619030E-02,-0.2303431388906E-02, 0.4861705702480E-02, 0.1654215170122E-04,-0.2195425077621E-02, 0.3340842063665E-02
 0.3241660444950E-02,-0.1026759542668E-02,-0.2774406481931E-02, 0.7904359235969E-03,-0.2493608511155E-02, 0.4704634737950E-02,-0.1941465371788E-03,-0.2440640002449E-02, 0.3170467030764E-02
 0.5151856894842E-02, 0.4814614633965E-03,-0.1480037586493E-02, 0.2193859318209E-02,-0.1227926337805E-02, 0.6613394889496E-02, 0.1371722263120E-02,-0.1139917571469E-02, 0.4882464591052E-02
 0.4860009198255E-02, 0.2310024415535E-03,-0.1694477251960E-02, 0.2228685575651E-02,-0.1355295217953E-02, 0.6265005577121E-02, 0.1118425512176E-02,-0.1351029825770E-02, 0.4565192901942E-02
 0.4559041739402E-02,-0.3016342878922E-04,-0.1932724271791E-02, 0.2044165803424E-02,-0.1492439087567E-02, 0.5989734776648E-02, 0.8723875159744E-03,-0.1577296874893E-02, 0.4252198866229E-02
 0.4284653376478E-02,-0.2714953277042E-03,-0.2160298361384E-02, 0.1756895537627E-02,-0.1646906150561E-02, 0.5767901928193E-02, 0.6600933871401E-03,-0.1782877615686E-02, 0.3965748594655E-02
 0.4306558388766E-02,-0.2674972699204E-03,-0.2165918699002E-02, 0.1747137545185E-02,-0.1657191861595E-02, 0.5841059385172E-02, 0.6782423272678E-03,-0.1795061549763E-02, 0.3992178927976E-02
 0.3958409371194E-02,-0.5724939315417E-03,-0.2445506611455E-02, 0.1340485669706E-02,-0.2038002672340E-02, 0.5405827847802E-02, 0.4426771820747E-03,-0.1988615759680E-02, 0.3561543786901E-02
 0.3858565980828E-02,-0.6158934675619E-03,-0.2494833996584E-02, 0.1250287514691E-02,-0.2098012346480E-02, 0.5186598319641E-02, 0.2964768176810E-03,-0.2041244281227E-02, 0.3468972652455E-02
 0.3686026733515E-02,-0.6995751604528E-03,-0.2548756290518E-02, 0.1130952207371E-02,-0.2181225123545E-02, 0.4982968718927E-02, 0.1197860117058E-03,-0.2154930778237E-02, 0.3368079412886E-02
 0.3354630430408E-02,-0.9073005108168E-03,-0.2657358044811E-02, 0.9016234940438E-03,-0.2372812624105E-02, 0.4825735235227E-02,-0.9151693610647E-04,-0.2400589007536E-02, 0.3197856854636E-02
 0.5286513832172E-02, 0.6265179511460E-03,-0.1337728066556E-02, 0.2329013366010E-02,-0.1092652148142E-02, 0.6716352001375E-02, 0.1469181410888E-02,-0.1044741890363E-02, 0.4985405792827E-02
 0.4996274269952E-02, 0.3763081516550E-03,-0.1552662639521E-02, 0.2363634272149E-02,-0.1220743683453E-02, 0.6370075049635E-02, 0.1216587824216E-02,-0.1255635054022E-02, 0.4669828142480E-02
 0.4696303065212E-02, 0.1147820613716E-03,-0.1791799177151E-02, 0.2178876635902E-02,-0.1359039573235E-02, 0.6096145028945E-02, 0.9707510349332E-03,-0.1482135475401E-02, 0.4358215672362E-02
 0.4422429689415E-02,-0.1272701709218E-03,-0.2020479969053E-02, 0.1891320193232E-02,-0.1514818061000E-02, 0.5875106413719E-02, 0.7583163725342E-03,-0.1688230126213E-02, 0.4072810961101E-02
 0.4444672905220E-02,-0.1231657724688E-03,-0.2026048127117E-02, 0.1881857040728E-02,-0.1525034133375E-02, 0.5948568715691E-02, 0.7765902472288E-03,-0.1700353798297E-02, 0.4099515485761E-02
 0.4096294310503E-02,-0.4297924664091E-03,-0.2307843474092E-02, 0.1474129832482E-02,-0.1907935804524E-02, 0.5513881297320E-02, 0.5402347463719E-03,-0.1895150003000E-02, 0.3669595129669E-02
 0.3996307013274E-02,-0.4738897258084E-03,-0.2358049854121E-02, 0.1383430189715E-02,-0.1968777354134E-02, 0.5295097928161E-02, 0.3938246533732E-03,-0.1948296451448E-02, 0.3577084503491E-02
 0.3823665656725E-02,-0.5583812754593E-03,-0.2412995308040E-02, 0.1263470397717E-02,-0.2052977151146E-02, 0.5091718914220E-02, 0.2168519639291E-03,-0.2062547708214E-02, 0.3476190125242E-02
 0.3492339500254E-02,-0.7671447772226E-03,-0.2522971827512E-02, 0.1033357575761E-02,-0.2245912542189E-02, 0.4934382927392E-02, 0.5079370664456E-05,-0.2308889124509E-02, 0.3306075536104E-02
 0.5422549356552E-02, 0.7696041713545E-03,-0.1201078261922E-02, 0.2460956178700E-02,-0.9693373059225E-03, 0.6804695912501E-02, 0.1562815231983E-02,-0.9243667483199E-03, 0.5118482547862E-02
 0.5134074328396E-02, 0.5198490579427E-03,-0.1416280013923E-02, 0.2495541756060E-02,-0.1097922303531E-02, 0.6460639413958E-02, 0.1311095263014E-02,-0.1135005795201E-02, 0.4804484925199E-02
 0.4835276755535E-02, 0.2581929255750E-03,-0.1656053041456E-02, 0.2310738872314E-02,-0.1237126172969E-02, 0.6188180467998E-02, 0.1065649389111E-02,-0.1361706209581E-02, 0.4494333693575E-02
 0.4562084496545E-02, 0.1563990153876E-04,-0.1885596438759E-02, 0.2023080583304E-02,-0.1393980967570E-02, 0.5968059141672E-02, 0.8532541600519E-03,-0.1568293406971E-02, 0.4210126274138E-02
 0.4584666064549E-02, 0.1984112291249E-04,-0.1891111047692E-02, 0.2013902455310E-02,-0.1404134949575E-02, 0.6041805039189E-02, 0.8716417041959E-03,-0.1580354352171E-02, 0.4237095210550E-02
 0.4236227354473E-02,-0.2881403123889E-03,-0.2174790719623E-02, 0.1605330012847E-02,-0.1788771545598E-02, 0.5607789616132E-02, 0.6347218355878E-03,-0.1776429812835E-02, 0.3807932556425E-02
 0.4136125193599E-02,-0.3328719952666E-03,-0.2225785607735E-02, 0.1514181163642E-02,-0.1850347465359E-02, 0.5389456947005E-02, 0.4881526447578E-03,-0.1830142493717E-02, 0.3715421282101E-02
 0.3963414851337E-02,-0.4180909403976E-03,-0.2281646400836E-02, 0.1393666925184E-02,-0.1935415343798E-02, 0.5186353019186E-02, 0.3109634858158E-03,-0.1945024893976E-02, 0.3614477492663E-02
 0.3632226986565E-02,-0.6277418065150E-03,-0.2392823653827E-02, 0.1162900037522E-02,-0.2129503834553E-02, 0.5028998341836E-02, 0.9884089697681E-04,-0.2192132064172E-02, 0.3444484009512E-02
 0.5410987410092E-02, 0.7731579654638E-03,-0.1188042986870E-02, 0.2457786581240E-02,-0.9657347469378E-03, 0.6779717326735E-02, 0.1553916942623E-02,-0.9100075229259E-03, 0.5114284191934E-02
 0.5122711520440E-02, 0.5234057292667E-03,-0.1403284615116E-02, 0.2492310702274E-02,-0.1094389182814E-02, 0.6435936852400E-02, 0.1302262411732E-02,-0.1120670817929E-02, 0.4800512724031E-02
 0.4824271874031E-02, 0.2617721698064E-03,-0.1643119395505E-02, 0.2307637149770E-02,-0.1233661875153E-02, 0.6163901663293E-02, 0.1056927790849E-02,-0.1347427057434E-02, 0.4490684677571E-02
 0.4551519096279E-02, 0.1925987870566E-04,-0.1872735332666E-02, 0.2020218733988E-02,-0.1390566301017E-02, 0.5944296773462E-02, 0.8446725639437E-03,-0.1554083448727E-02, 0.4206845841524E-02
 0.4573743469814E-02, 0.2336118717613E-04,-0.1878263684242E-02, 0.2010823146817E-02,-0.1400768474431E-02, 0.6017715232843E-02, 0.8629227245757E-03,-0.1566165918878E-02, 0.4233521756872E-02
 0.4226476648403E-02,-0.2843905319254E-03,-0.2162062695822E-02, 0.1602958553625E-02,-0.1785324261557E-02, 0.5585117947831E-02, 0.6264382279340E-03,-0.1762325515841E-02, 0.3805318956541E-02
 0.4126637819925E-02,-0.3290720206332E-03,-0.2213115348923E-02, 0.1511972524150E-02,-0.1846887001032E-02, 0.5367142208421E-02, 0.4800223394747E-03,-0.1816073230829E-02, 0.3713028019353E-02
 0.3954300712975E-02,-0.4142209630645E-03,-0.2269044658684E-02, 0.1391670152374E-02,-0.1931939665893E-02, 0.5164477488715E-02, 0.3030162790560E-03,-0.1930996115974E-02, 0.3612365406486E-02
 0.3623750420969E-02,-0.6237598078160E-03,-0.2380313631841E-02, 0.1161242151217E-02,-0.2126007820576E-02, 0.5007800216786E-02, 0.9112677793560E-04,-0.2178162208180E-02, 0.3442816108529E-02
 0.5610675730000E-02, 0.9634549890239E-03,-0.1033395824388E-02, 0.2623493716950E-02,-0.8274605745263E-03, 0.6934520949334E-02, 0.1754519606485E-02,-0.7167672959894E-03, 0.5273324140874E-02
 0.5324940861887E-02, 0.7146245303782E-03,-0.1248493000898E-02, 0.2658224778880E-02,-0.9563856499674E-03, 0.6593838665208E-02, 0.1504015805276E-02,-0.9270103450197E-03, 0.4961978676962E-02
 0.5028220178989E-02, 0.4531497412024E-03,-0.1488687630030E-02, 0.2473725821503E-02,-0.1096475120781E-02, 0.6323810445292E-02, 0.1259185160904E-02,-0.1153942178651E-02, 0.4654289074736E-02
 0.4756451500063E-02, 0.2102640397070E-03,-0.1719006068829E-02, 0.2186354125814E-02,-0.1254436886473E-02, 0.6105361599245E-02, 0.1046917780604E-02,-0.1361186874205E-02, 0.4372133875665E-02
 0.4779403024366E-02, 0.2145674619663E-03,-0.1724446923057E-02, 0.2177506570496E-02,-0.1264511490586E-02, 0.6179341365268E-02, 0.1065422555688E-02,-0.1373149785006E-02, 0.4399385508424E-02
 0.4431521429163E-02,-0.9480642740032E-04,-0.2010119803609E-02, 0.1768421643469E-02,-0.1650808900529E-02, 0.5746903267392E-02, 0.8276332411546E-03,-0.1571111160354E-02, 0.3971940852862E-02
 0.4331384518535E-02,-0.1403241921781E-03,-0.2062045130112E-02, 0.1676814049143E-02,-0.1713220326657E-02, 0.5529365575394E-02, 0.6807528600970E-03,-0.1625700689423E-02, 0.3879597439051E-02
 0.4158807048444E-02,-0.2264082385980E-03,-0.2118992637660E-02, 0.1555749931937E-02,-0.1799261712608E-02, 0.5326859881448E-02, 0.5032171483591E-03,-0.1741556138554E-02, 0.3778795360411E-02
 0.3828294536883E-02,-0.4369920122797E-03,-0.2231544732477E-02, 0.1324457576265E-02,-0.1994542818701E-02, 0.5169814447128E-02, 0.2906536635971E-03,-0.1989813254797E-02, 0.3609314069527E-02
 0.5662299149178E-02, 0.1008869726744E-02,-0.9942435931395E-03, 0.2660544954630E-02,-0.7714315499655E-03, 0.7000285375964E-02, 0.1819997054961E-02,-0.6718191975735E-03, 0.5309714177104E-02
 0.5377542332087E-02, 0.7604896030285E-03,-0.1209067721536E-02, 0.2695414309259E-02,-0.9004553608282E-03, 0.6660820994686E-02, 0.1569954970991E-02,-0.8817281524027E-03, 0.4999381625287E-02
 0.5081679234447E-02, 0.4992791423090E-03,-0.1449160925985E-02, 0.2511195525192E-02,-0.1040776198149E-02, 0.6391763047493E-02, 0.1325437591312E-02,-0.1108480486805E-02, 0.4692667752728E-02
 0.4810592192958E-02, 0.2565082649499E-03,-0.1679506700107E-02, 0.2224135363775E-02,-0.1199024643465E-02, 0.6174054281035E-02, 0.1113336903376E-02,-0.1315678228500E-02, 0.4411358161782E-02
 0.4833589846209E-02, 0.2608181448868E-03,-0.1684925470558E-02, 0.2215341411258E-02,-0.1209080808943E-02, 0.6248005620658E-02, 0.1131844606300E-02,-0.1327610153835E-02, 0.4438630929667E-02
 0.4486275625228E-02,-0.4863505823052E-04,-0.1970889931843E-02, 0.1806477954280E-02,-0.1595826684237E-02, 0.5816455276929E-02, 0.8939535525205E-03,-0.1525818044637E-02, 0.4012094234154E-02
 0.4386214865273E-02,-0.9430505014833E-04,-0.2023014729742E-02, 0.1714828250569E-02,-0.1658505370101E-02, 0.5599287377479E-02, 0.7470212205262E-03,-0.1580568652484E-02, 0.3919889867088E-02
 0.4213811883279E-02,-0.1805378801369E-03,-0.2080200986271E-02, 0.1593724427045E-02,-0.1744845575570E-02, 0.5397105816803E-02, 0.5694449117159E-03,-0.1696567756563E-02, 0.3819243777581E-02
 0.3883761250762E-02,-0.3912065115857E-03,-0.2193028204384E-02, 0.1362486393329E-02,-0.1940454607610E-02, 0.5240334547679E-02, 0.3568619717612E-03,-0.1944911379160E-02, 0.3650110875428E-02
 0.5720194764459E-02, 0.1061010756674E-02,-0.9382637391591E-03, 0.2716249750882E-02,-0.6930213845064E-03, 0.7074815374102E-02, 0.1885679531921E-02,-0.6185565093503E-03, 0.5359099289621E-02
 0.5436588140591E-02, 0.8131893413391E-03,-0.1152852731926E-02, 0.2751263631685E-02,-0.8221972390055E-03, 0.6736759616441E-02, 0.1636247947298E-02,-0.8280523302151E-03, 0.5049918753966E-02
 0.5141687268528E-02, 0.5523100971859E-03,-0.1392869470938E-02, 0.2567336565878E-02,-0.9628231222150E-03, 0.6468782174788E-02, 0.1392151450920E-02,-0.1054575107999E-02, 0.4744315047205E-02
 0.4871333231822E-02, 0.3096867741444E-03,-0.1623270743647E-02, 0.2280590849628E-02,-0.1121449497635E-02, 0.6251862152897E-02, 0.1180288476066E-02,-0.1261701976452E-02, 0.4463959679914E-02
 0.4894447478433E-02, 0.3140185432478E-03,-0.1628657438930E-02, 0.2271897624771E-02,-0.1131479002484E-02, 0.6325852761114E-02, 0.1198819237869E-02,-0.1273595302698E-02, 0.4491304714860E-02
 0.4547629998690E-02, 0.4462891115983E-05,-0.1915054039966E-02, 0.1863132650459E-02,-0.1518905579106E-02, 0.5895110783418E-02, 0.9608568240378E-03,-0.1472076520368E-02, 0.4065680006061E-02
 0.4447631427793E-02,-0.4138560767925E-04,-0.1967443438766E-02, 0.1771376101918E-02,-0.1581945589368E-02, 0.5678313922275E-02, 0.8138833680394E-03,-0.1527014606402E-02, 0.3973593471382E-02
 0.4275375455864E-02,-0.1277972921757E-03,-0.2024937336561E-02, 0.1650159091767E-02,-0.1668691468614E-02, 0.5476434599124E-02, 0.6362732961019E-03,-0.1643184534249E-02, 0.3873074633547E-02
 0.3945742509295E-02,-0.3385762730088E-03,-0.2138115232274E-02, 0.1418899998276E-02,-0.1864766633821E-02, 0.5319871555661E-02, 0.4236779612630E-03,-0.1891634778229E-02, 0.3704272614068E-02
 0.5810286606693E-02, 0.1150678133530E-02,-0.8304910516389E-03, 0.2826707040360E-02,-0.5679895519065E-03, 0.7164259168274E-02, 0.1966908178118E-02,-0.5213174750898E-03, 0.5451741165779E-02
 0.5528327439396E-02, 0.9036110763390E-03,-0.1045021635808E-02, 0.2861843580705E-02,-0.6974463911652E-03, 0.6828180397755E-02, 0.1718420644850E-02,-0.7303298900422E-03, 0.5144112662045E-02
 0.5234662343330E-02, 0.6430932745140E-03,-0.1285161700802E-02, 0.2678164331760E-02,-0.8386119762727E-03, 0.6561598914223E-02, 0.1474930539371E-02,-0.9566831152018E-03, 0.4839981926824E-02
 0.4965146280566E-02, 0.4005342021748E-03,-0.1515847850525E-02, 0.2391654035936E-02,-0.9979093730986E-03, 0.6345600880884E-02, 0.1263378179867E-02,-0.1163885102963E-02, 0.4560861111394E-02
 0.4988569857859E-02, 0.4049371869328E-03,-0.1521177588915E-02, 0.2383199849016E-02,-0.1007887203669E-02, 0.6419821904259E-02, 0.1281995073676E-02,-0.1175717490412E-02, 0.4588428000811E-02
 0.4641981103235E-02, 0.9493014243398E-04,-0.1808604819775E-02, 0.1974079273280E-02,-0.1396591865383E-02, 0.5989699817616E-02, 0.1043847971529E-02,-0.1374867175872E-02, 0.4163697845009E-02
 0.4541973525795E-02, 0.4873674031596E-04,-0.1861505670009E-02, 0.1882008961293E-02,-0.1460233059925E-02, 0.5773290022868E-02, 0.8968005165696E-03,-0.1430177611717E-02, 0.4071664459346E-02
 0.4369762451371E-02,-0.3804830636977E-04,-0.1919580074689E-02, 0.1760432557445E-02,-0.1547665575024E-02, 0.5571662111524E-02, 0.7191023012460E-03,-0.1546737343508E-02, 0.3971180015762E-02
 0.4040407751613E-02,-0.2491730449252E-03,-0.2033447016847E-02, 0.1528861958170E-02,-0.1744582926895E-02, 0.5415132127694E-02, 0.5064064306789E-03,-0.1795573643508E-02, 0.3802632097052E-02
 0.6370629215803E-02, 0.1121825048243E-02,-0.1366706721955E-02, 0.3168374306696E-02,-0.8183923601976E-03,-0.2174704670276E-02, 0.2133459559635E-02,-0.8481615014189E-03, 0.6060485134100E-02
 0.6063475884428E-02, 0.8623487501922E-03,-0.1586887628001E-02, 0.3194990603100E-02,-0.9514268079335E-03,-0.2406561976552E-02, 0.1870022277482E-02,-0.1064874372973E-02, 0.5722865392672E-02
 0.5748515044283E-02, 0.5931775429528E-03,-0.1829428897415E-02, 0.2999879896881E-02,-0.1093504560678E-02,-0.2553814515305E-02, 0.1615215835440E-02,-0.1296191105695E-02, 0.5396396135095E-02
 0.5461320969916E-02, 0.3445785949799E-03,-0.2060382282401E-02, 0.2700948280962E-02,-0.1252847742687E-02,-0.2664222035533E-02, 0.1395196477024E-02,-0.1506266058633E-02, 0.5100299645851E-02
 0.5488088777107E-02, 0.3523777483797E-03,-0.2063644086789E-02, 0.2695042991781E-02,-0.1260075315183E-02,-0.2641758239932E-02, 0.1417504421739E-02,-0.1515919180788E-02, 0.5131265003658E-02
 0.5112530216707E-02, 0.3016615065291E-04,-0.2351732407891E-02, 0.2263246691713E-02,-0.1656218891528E-02,-0.2965541016422E-02, 0.1164143985124E-02,-0.1719308061359E-02, 0.4676114110289E-02
 0.5004123889964E-02,-0.1775989645234E-04,-0.2402887703955E-02, 0.2165746501998E-02,-0.1719948545598E-02,-0.3055979152318E-02, 0.1011217030633E-02,-0.1774727573636E-02, 0.4576106966562E-02
 0.4821127638788E-02,-0.1068350835623E-03,-0.2458770376145E-02, 0.2038215882242E-02,-0.1807418818495E-02,-0.3140135854593E-02, 0.8270352266164E-03,-0.1892241347888E-02, 0.4467363002688E-02
 0.4474604494921E-02,-0.3225613532097E-03,-0.2570185839899E-02, 0.1797456707459E-02,-0.2005413134514E-02,-0.3243410725303E-02, 0.6068577902021E-03,-0.2143970825136E-02, 0.4287286791530E-02
 0.6476555616162E-02, 0.1245113868546E-02,-0.1240575989129E-02, 0.3280995977036E-02,-0.6892286589894E-03,-0.2036108356937E-02, 0.2236301962213E-02,-0.8056849402326E-03, 0.6080331412963E-02
 0.6170912239011E-02, 0.9857473196256E-03,-0.1461396732729E-02, 0.3307368730119E-02,-0.8230709171887E-03,-0.2269196723450E-02, 0.1973352585377E-02,-0.1022197544336E-02, 0.5744690461941E-02
 0.5856934591883E-02, 0.7161504461933E-03,-0.1704970491805E-02, 0.3112054541337E-02,-0.9663459296439E-03,-0.2418016241916E-02, 0.1718592525956E-02,-0.1253696769675E-02, 0.5419534839409E-02
 0.5570323842757E-02, 0.4668298748288E-03,-0.1937142305563E-02, 0.2812922875203E-02,-0.1127009449579E-02,-0.2530092017325E-02, 0.1498331456360E-02,-0.1464179528814E-02, 0.5124296970879E-02
 0.5597408761086E-02, 0.4747536843650E-03,-0.1940358138396E-02, 0.2807325194401E-02,-0.1134145760969E-02,-0.2507579435172E-02, 0.1520782711061E-02,-0.1473774116368E-02, 0.5155556794909E-02
 0.5222007710436E-02, 0.1510441446210E-03,-0.2230660253945E-02, 0.2374684968926E-02,-0.1532325024789E-02,-0.2834112758942E-02, 0.1266544976290E-02,-0.1678083298764E-02, 0.4701304197874E-02
 0.5113583607150E-02, 0.1025183107625E-03,-0.2282653892684E-02, 0.2276812089988E-02,-0.1596836106884E-02,-0.2925520992462E-02, 0.1113431022238E-02,-0.1733837895804E-02, 0.4601593397923E-02
 0.4930662716079E-02, 0.1273857696458E-04,-0.2339521978418E-02, 0.2148799878740E-02,-0.1685239616605E-02,-0.3010806467407E-02, 0.9289954436303E-03,-0.1851695801781E-02, 0.4493082177870E-02
 0.4584505464946E-02,-0.2039189973499E-03,-0.2452303014117E-02, 0.1907420798852E-02,-0.1884528227426E-02,-0.3115678183490E-02, 0.7083573790571E-03,-0.2103833142363E-02, 0.4313277429363E-02
 0.6606472344129E-02, 0.1388218280772E-02,-0.1097610417389E-02, 0.3413525256687E-02,-0.5544894471361E-03,-0.1917306609484E-02, 0.2331877905615E-02,-0.7103887162549E-03, 0.6179545309557E-02
 0.6302857813533E-02, 0.1129345783476E-02,-0.1318821017633E-02, 0.3439929978103E-02,-0.6888794335620E-03,-0.2151156926344E-02, 0.2069856662179E-02,-0.9265882911672E-03, 0.5845886892606E-02
 0.5990296460087E-02, 0.8596422884698E-03,-0.1563182391882E-02, 0.3244681666886E-02,-0.8331393550600E-03,-0.2301213954465E-02, 0.1815515764708E-02,-0.1158226328810E-02, 0.5522381803746E-02
 0.5704588352848E-02, 0.6098397550379E-03,-0.1796368130490E-02, 0.2945577833824E-02,-0.9949592442099E-03,-0.2414710343499E-02, 0.1595309779847E-02,-0.1369136097666E-02, 0.5228431182334E-02
 0.5732047248404E-02, 0.6179004465578E-03,-0.1799531063890E-02, 0.2940351395926E-02,-0.1002004819146E-02,-0.2392173529435E-02, 0.1617923176063E-02,-0.1378663015294E-02, 0.5260025832443E-02
 0.5356932153218E-02, 0.2928654100403E-03,-0.2091907062195E-02, 0.2506993645316E-02,-0.1402039055785E-02,-0.2720951802918E-02, 0.1363120814546E-02,-0.1584103902953E-02, 0.4806797899275E-02
 0.5248513408259E-02, 0.2437334087044E-03,-0.2144742674211E-02, 0.2408738134056E-02,-0.1467318148363E-02,-0.2813179166036E-02, 0.1209897668913E-02,-0.1640340179931E-02, 0.4707263335777E-02
 0.5065681433888E-02, 0.1532510128241E-03,-0.2202593102377E-02, 0.2280234605608E-02,-0.1556636137902E-02,-0.2899444943034E-02, 0.1025288485420E-02,-0.1758719584084E-02, 0.4598866721865E-02
 0.4719921630617E-02,-0.6427215909031E-04,-0.2316686385727E-02, 0.2038278755581E-02,-0.1757152603724E-02,-0.3005724627617E-02, 0.8043180671608E-03,-0.2011473273625E-02, 0.4419320480714E-02
 0.6738391631873E-02, 0.1529593878539E-02,-0.9601882317693E-03, 0.3543156621364E-02,-0.4315007444975E-03,-0.1817237231405E-02, 0.2423953386966E-02,-0.5896562952960E-03, 0.6308627951662E-02
 0.6436955640910E-02, 0.1271415934105E-02,-0.1181564084244E-02, 0.3569764711851E-02,-0.5662133997466E-03,-0.2051520594400E-02, 0.2163023551975E-02,-0.8055019644739E-03, 0.5976851441006E-02
 0.6125987300366E-02, 0.1001830630251E-02,-0.1426460831628E-02, 0.3374768408042E-02,-0.7112182817861E-03,-0.2202520614330E-02, 0.1909281773814E-02,-0.1037236460698E-02, 0.5655095761214E-02
 0.5841344342773E-02, 0.7517600939151E-03,-0.1660416382836E-02, 0.3075866570017E-02,-0.8739644594405E-03,-0.2317172909891E-02, 0.1689300266695E-02,-0.1248543111495E-02, 0.5362603566074E-02
 0.5869164203866E-02, 0.7599472190685E-03,-0.1663527477561E-02, 0.3071002457626E-02,-0.8809291403970E-03,-0.2294626520789E-02, 0.1712064983195E-02,-0.1258002454463E-02, 0.5394514054904E-02
 0.5494465506576E-02, 0.4338518315384E-03,-0.1957655532377E-02, 0.2637141731630E-02,-0.1282476976892E-02,-0.2625176802696E-02, 0.1456906922431E-02,-0.1464606186918E-02, 0.4942380244897E-02
 0.5386081722551E-02, 0.3841719414134E-03,-0.2011245803443E-02, 0.2538550874291E-02,-0.1348431051059E-02,-0.2718074682558E-02, 0.1303617718454E-02,-0.1521373831451E-02, 0.4842965170861E-02
 0.5203371541888E-02, 0.2930643021482E-03,-0.2069973899350E-02, 0.2409619685034E-02,-0.1438549642621E-02,-0.2805158928793E-02, 0.1118891869887E-02,-0.1640336914181E-02, 0.4734638772348E-02
 0.4858062350071E-02, 0.7482098135576E-04,-0.2185207840582E-02, 0.2167207133991E-02,-0.1640107231902E-02,-0.2912621349450E-02, 0.8976981592099E-03,-0.1893773960345E-02, 0.4555369262722E-02
 0.6723427307432E-02, 0.1530740111214E-02,-0.9484331112454E-03, 0.3537038042982E-02,-0.4298061819579E-03,-0.1816277603043E-02, 0.2412577218983E-02,-0.5767663029452E-03, 0.6301133221287E-02
 0.6422257447838E-02, 0.1272589282816E-02,-0.1169841247816E-02, 0.3563600989586E-02,-0.5645780325556E-03,-0.2050522631123E-02, 0.2151736123324E-02,-0.7926353052719E-03, 0.5969653899041E-02
 0.6111729977233E-02, 0.1003073398041E-02,-0.1414793103488E-02, 0.3368813456123E-02,-0.7096268501525E-03,-0.2201552895457E-02, 0.1898151999468E-02,-0.1024412852361E-02, 0.5648308428396E-02
 0.5827633841821E-02, 0.7531014663090E-03,-0.1648812982159E-02, 0.3070259697909E-02,-0.8723888693971E-03,-0.2316258038705E-02, 0.1678368162184E-02,-0.1235769260734E-02, 0.5356281028927E-02
 0.5855017875450E-02, 0.7611534660140E-03,-0.1651946540523E-02, 0.3065140136555E-02,-0.8794227703605E-03,-0.2293753760094E-02, 0.1700952384967E-02,-0.1245259075955E-02, 0.5387861266287E-02
 0.5481891361406E-02, 0.4354254996519E-03,-0.1946154024082E-02, 0.2632190528501E-02,-0.1280797451423E-02,-0.2624251532597E-02, 0.1446374606402E-02,-0.1451899927422E-02, 0.4936917321824E-02
 0.5373769339772E-02, 0.3858294122728E-03,-0.1999780791495E-02, 0.2533809025324E-02,-0.1346713233834E-02,-0.2717150375074E-02, 0.1293274840351E-02,-0.1508688322027E-02, 0.4837767125567E-02
 0.5191480755860E-02, 0.2948358825074E-03,-0.2058551674246E-02, 0.2405152765745E-02,-0.1436785273277E-02,-0.2804248675062E-02, 0.1108778508617E-02,-0.1627669490733E-02, 0.4729781462409E-02
 0.4847026078675E-02, 0.7677588059152E-04,-0.2173846635614E-02, 0.2163189141698E-02,-0.1638275016825E-02,-0.2911744977926E-02, 0.8878896810215E-03,-0.1881126483484E-02, 0.4551067903530E-02
 0.6920286815367E-02, 0.1720981005165E-02,-0.7914869190295E-03, 0.3702503508650E-02,-0.2900789463047E-03,-0.1669046797322E-02, 0.2612666952016E-02,-0.3814167256766E-03, 0.6458403983526E-02
 0.6622180185906E-02, 0.1464058465131E-02,-0.1012620968721E-02, 0.3729616095831E-02,-0.4249018523235E-03,-0.1903770362670E-02, 0.2353301946894E-02,-0.5967194945470E-03, 0.6129671916373E-02
 0.6313902503032E-02, 0.1195007054204E-02,-0.1257802266061E-02, 0.3535349275232E-02,-0.5705664186091E-03,-0.2055912621521E-02, 0.2100526991556E-02,-0.8285251531270E-03, 0.5810759587970E-02
 0.6031250132463E-02, 0.9449395809056E-03,-0.1492406672401E-02, 0.3237159027878E-02,-0.7342104831499E-03,-0.2172014346669E-02, 0.1880993007301E-02,-0.1040337859320E-02, 0.5520667993833E-02
 0.6059473378440E-02, 0.9532575314860E-03,-0.1495449226607E-02, 0.3232702606628E-02,-0.7410801748604E-03,-0.2149453187046E-02, 0.1903909289646E-02,-0.1049699261119E-02, 0.5552915809177E-02
 0.5686006791115E-02, 0.6262076812805E-03,-0.1791388257476E-02, 0.2798832177017E-02,-0.1143988458951E-02,-0.2482259287027E-02, 0.1648251637244E-02,-0.1258001046156E-02, 0.5102950990429E-02
 0.5577807607718E-02, 0.5758654872928E-03,-0.1845862124662E-02, 0.2699941403606E-02,-0.1210694964189E-02,-0.2576061782508E-02, 0.1494821017321E-02,-0.1315592858415E-02, 0.5003858095672E-02
 0.5395516927146E-02, 0.4840417537179E-03,-0.1905625117645E-02, 0.2570639390316E-02,-0.1301692643262E-02,-0.2664244019982E-02, 0.1309939738467E-02,-0.1435449095299E-02, 0.4895833943472E-02
 0.5051354882880E-02, 0.2651134479532E-03,-0.2022152543451E-02, 0.2327981381227E-02,-0.1504291117877E-02,-0.2773250793291E-02, 0.1088549773931E-02,-0.1689887965854E-02, 0.4717297287272E-02
 0.6969686683124E-02, 0.1765521157719E-02,-0.7521606559009E-03, 0.3738382326794E-02,-0.2343920918152E-03,-0.1592375443296E-02, 0.2676887105804E-02,-0.3364208384158E-03, 0.6493133159031E-02
 0.6672744189604E-02, 0.1509144097336E-02,-0.9729823339910E-03, 0.3765760914202E-02,-0.3692397480673E-03,-0.1827406292046E-02, 0.2418097223652E-02,-0.5513494387153E-03, 0.6165530581944E-02
 0.6365516777350E-02, 0.1240462895936E-02,-0.1218022689046E-02, 0.3571914578399E-02,-0.5150579997736E-03,-0.1979985754049E-02, 0.2165757830863E-02,-0.7829315393478E-03, 0.5847710972497E-02
 0.6083727960010E-02, 0.9906135066396E-03,-0.1452617643902E-02, 0.3274170614219E-02,-0.6789127786815E-03,-0.2096591150338E-02, 0.1946505732254E-02,-0.9946547430014E-03, 0.5558574786784E-02
 0.6112036965578E-02, 0.9989383140288E-03,-0.1455643440462E-02, 0.3269767509710E-02,-0.6857654547021E-03,-0.2073991505742E-02, 0.1969424739118E-02,-0.1003989931495E-02, 0.5590858055320E-02
 0.5739360164664E-02, 0.6719539768422E-03,-0.1751815044357E-02, 0.2836298980078E-02,-0.1088995645092E-02,-0.2407789029915E-02, 0.1713810636841E-02,-0.1212474870126E-02, 0.5141954510933E-02
 0.5631304705813E-02, 0.6215000736979E-03,-0.1806472981793E-02, 0.2737418207697E-02,-0.1155937896689E-02,-0.2501989613898E-02, 0.1560389073924E-02,-0.1270209780576E-02, 0.5043045973757E-02
 0.5449278894780E-02, 0.5295763369443E-03,-0.1866457285057E-02, 0.2608136807504E-02,-0.1247196575109E-02,-0.2590623399560E-02, 0.1375538584007E-02,-0.1390186156870E-02, 0.4935228708073E-02
 0.5105740748018E-02, 0.3106424604971E-03,-0.1983233109913E-02, 0.2365626786295E-02,-0.1450058591270E-02,-0.2700214466065E-02, 0.1154224479447E-02,-0.1644672674947E-02, 0.4757120367125E-02
 0.7025640779619E-02, 0.1817022235015E-02,-0.6957242777515E-03, 0.3793024008983E-02,-0.1561117786704E-03,-0.1509746170581E-02, 0.2741633186062E-02,-0.2828711210079E-03, 0.6540970520541E-02
 0.6730053637864E-02, 0.1561312238196E-02,-0.9162644073048E-03, 0.3820684242533E-02,-0.2910219604016E-03,-0.1745053726824E-02, 0.2483574997220E-02,-0.4973382872990E-03, 0.6214651845865E-02
 0.6423996850529E-02, 0.1293078077625E-02,-0.1161180129663E-02, 0.3627288346370E-02,-0.4370540814251E-03,-0.1898074095685E-02, 0.2231781637360E-02,-0.7286395588988E-03, 0.5898070828134E-02
 0.6143131027976E-02, 0.1043486504771E-02,-0.1395785311373E-02, 0.3330014907947E-02,-0.6011983993851E-03,-0.2015207351496E-02, 0.2012882320193E-02,-0.9402436781510E-03, 0.5610006478986E-02
 0.6171633244300E-02, 0.1051839702411E-02,-0.1398785155611E-02, 0.3325726661045E-02,-0.6080224603033E-03,-0.1992563208267E-02, 0.2035832505621E-02,-0.9495443970075E-03, 0.5642387043190E-02
 0.5799614718655E-02, 0.7248981280977E-03,-0.1695319519028E-02, 0.2892549754141E-02,-0.1011784656691E-02,-0.2327412821300E-02, 0.1780282668779E-02,-0.1158235428987E-02, 0.5194543832978E-02
 0.5691704016258E-02, 0.6743074775872E-03,-0.1750226225680E-02, 0.2793619342743E-02,-0.1079053639356E-02,-0.2422038650345E-02, 0.1626877971512E-02,-0.1216139309851E-02, 0.5095802291567E-02
 0.5509919322118E-02, 0.5822542178542E-03,-0.1810500183747E-02, 0.2664290602755E-02,-0.1170675933431E-02,-0.2511157703141E-02, 0.1442060286230E-02,-0.1336262155585E-02, 0.4988163977266E-02
 0.5166931416292E-02, 0.3632896230687E-03,-0.1927597030380E-02, 0.2421863704982E-02,-0.1373928595468E-02,-0.2621378350432E-02, 0.1220822307705E-02,-0.1590814187118E-02, 0.4810461419614E-02
 0.7113838638399E-02, 0.1906281635985E-02,-0.5868330016950E-03, 0.3902398016001E-02,-0.3078089057502E-04,-0.1417978608650E-02, 0.2822367952011E-02,-0.1847902520682E-03, 0.6631826627773E-02
 0.6820191748504E-02, 0.1651492585856E-02,-0.8072412581789E-03, 0.3930360400104E-02,-0.1658348920418E-03,-0.1653465773434E-02, 0.2565419100558E-02,-0.3986946290436E-03, 0.6307258442953E-02
 0.6515663735222E-02, 0.1383788289360E-02,-0.1052202498251E-02, 0.3737439492962E-02,-0.3122742825526E-03,-0.1807000488794E-02, 0.2314389021222E-02,-0.6297444167747E-03, 0.5992335772639E-02
 0.6235890800324E-02, 0.1134415788478E-02,-0.1287019283428E-02, 0.3440633760896E-02,-0.4769651973009E-03,-0.1924814455617E-02, 0.2095937491032E-02,-0.8413489484846E-03, 0.5705669455343E-02
 0.6264832233366E-02, 0.1142864337846E-02,-0.1289968328362E-02, 0.3436643332532E-02,-0.4837251046785E-03,-0.1902130839707E-02, 0.2119005178805E-02,-0.8505893704841E-03, 0.5738322144580E-02
 0.5893154972779E-02, 0.8156543414721E-03,-0.1587429735169E-02, 0.3003361687276E-02,-0.8885661402830E-03,-0.2238206947190E-02, 0.1863409186219E-02,-0.1059859576732E-02, 0.5291549233851E-02
 0.5785365120562E-02, 0.7647734053409E-03,-0.1642827298127E-02, 0.2904197287245E-02,-0.9563913118446E-03,-0.2333332654932E-02, 0.1709995137238E-02,-0.1118112197237E-02, 0.5192932671056E-02
 0.5603752416434E-02, 0.6724099409894E-03,-0.1703658583043E-02, 0.2774599277343E-02,-0.1048646072323E-02,-0.2423044706733E-02, 0.1525159532023E-02,-0.1238590808796E-02, 0.5085396539978E-02
 0.5261160690687E-02, 0.4532021585664E-03,-0.1821402712844E-02, 0.2532006631775E-02,-0.1252640263372E-02,-0.2534068129660E-02, 0.1303911151684E-02,-0.1493466251507E-02, 0.4908029390430E-02
-0.2396796009079E-02, 0.1998917502523E-02,-0.1026439626223E-02, 0.4370672885615E-02,-0.1709006198269E-03,-0.2039360731765E-02, 0.3110930863041E-02,-0.4116472541004E-03, 0.7370746747773E-02
-0.2600317122149E-02, 0.1729429048332E-02,-0.1254420316060E-02, 0.4387413997848E-02,-0.3114502397826E-03,-0.2276149896720E-02, 0.2836732163420E-02,-0.6345474693898E-03, 0.7013116257871E-02
-0.2797388311472E-02, 0.1450800795675E-02,-0.1503182721327E-02, 0.4180232775635E-02,-0.4606038611275E-03,-0.2427031974431E-02, 0.2572204064627E-02,-0.8717916446637E-03, 0.6673470428441E-02
-0.2963329224744E-02, 0.1193251792176E-02,-0.1739347767224E-02, 0.3868280734861E-02,-0.6270344262254E-03,-0.2540571108800E-02, 0.2343305444256E-02,-0.1087413742856E-02, 0.6367889340973E-02
-0.2966902476428E-02, 0.1205232474666E-02,-0.1739912440186E-02, 0.3867040461998E-02,-0.6308401238620E-03,-0.2515606183212E-02, 0.2370146496629E-02,-0.1094178770156E-02, 0.6403710182851E-02
-0.3103098813923E-02, 0.8622677231506E-03,-0.2040369481709E-02, 0.3406670261163E-02,-0.1046418157134E-02,-0.2849877123127E-02, 0.2096232149164E-02,-0.1309927559732E-02, 0.5923241717888E-02
-0.3211756343372E-02, 0.8085468608358E-03,-0.2094743071878E-02, 0.3300696881508E-02,-0.1115304355335E-02,-0.2943213490754E-02, 0.1935668338449E-02,-0.1369018547145E-02, 0.5815503123043E-02
-0.3345332209198E-02, 0.7126376887617E-03,-0.2154165447135E-02, 0.3163634772909E-02,-0.1208677686477E-02,-0.3030396652687E-02, 0.1742963942032E-02,-0.1491301476132E-02, 0.5698532226180E-02
-0.3503128796257E-02, 0.4870133885096E-03,-0.2270491829833E-02, 0.2909751460061E-02,-0.1415306333891E-02,-0.3137470024421E-02, 0.1512527102223E-02,-0.1750253263385E-02, 0.5508112192436E-02
-0.2264368978292E-02, 0.2119562225209E-02,-0.9004935423395E-03, 0.4480015356482E-02,-0.4306398410631E-04,-0.1899718045560E-02, 0.3210897693468E-02,-0.3697619314861E-03, 0.7387842216587E-02
-0.2469115820108E-02, 0.1850427927525E-02,-0.1128993334364E-02, 0.4496788900093E-02,-0.1842417228712E-03,-0.2137663441496E-02, 0.2937427881603E-02,-0.5923750071995E-03, 0.7032418429683E-02
-0.2667993591598E-02, 0.1571630781558E-02,-0.1378674606389E-02, 0.4289703758494E-02,-0.3344184717149E-03,-0.2290054470795E-02, 0.2673190310755E-02,-0.8297174569850E-03, 0.6694278608712E-02
-0.2835950981696E-02, 0.1313604005320E-02,-0.1615955652996E-02, 0.3977843368676E-02,-0.5020047973394E-03,-0.2405214097713E-02, 0.2444274791662E-02,-0.1045669804929E-02, 0.6389726565347E-02
-0.2839512552104E-02, 0.1325738251679E-02,-0.1616465703978E-02, 0.3976948210114E-02,-0.5056951682551E-03,-0.2380200750344E-02, 0.2471291615198E-02,-0.1052362404617E-02, 0.6425959580727E-02
-0.2978899373455E-02, 0.9815944340723E-03,-0.1918990248296E-02, 0.3516130592356E-02,-0.9230484457388E-03,-0.2717131001429E-02, 0.2196769151693E-02,-0.1268926291640E-02, 0.5946601058120E-02
-0.3088577615558E-02, 0.9273728873729E-03,-0.1974156353426E-02, 0.3409909508442E-02,-0.9926428137550E-03,-0.2811408413029E-02, 0.2036139913701E-02,-0.1328312133585E-02, 0.5839242668727E-02
-0.3223357995339E-02, 0.8308741661205E-03,-0.2034515900446E-02, 0.3272504342012E-02,-0.1086866320788E-02,-0.2899691158421E-02, 0.1843315893696E-02,-0.1450898926258E-02, 0.5722586833029E-02
-0.3382965092945E-02, 0.6044987699381E-03,-0.2152139567036E-02, 0.3018209379056E-02,-0.1294654549193E-02,-0.3008323758079E-02, 0.1612589214175E-02,-0.1710208583409E-02, 0.5532558284187E-02
-0.2114113817291E-02, 0.2260170972862E-02,-0.7573991415186E-03, 0.4609446080270E-02, 0.9067795177040E-04,-0.1779793456937E-02, 0.3304184839257E-02,-0.2747395836415E-03, 0.7482856611491E-02
-0.2319991335099E-02, 0.1991806842670E-02,-0.9861546731163E-03, 0.4626546586389E-02,-0.5084477977695E-04,-0.2018424198957E-02, 0.3031893046508E-02,-0.4969250838789E-03, 0.7129726363858E-02
-0.2520643003384E-02, 0.1713187832647E-02,-0.1236493919115E-02, 0.4419861580943E-02,-0.2018137489302E-03,-0.2171986762799E-02, 0.2768315741882E-02,-0.7342911020210E-03, 0.6793528346584E-02
-0.2690623847972E-02, 0.1454946168093E-02,-0.1474671086720E-02, 0.4108357979889E-02,-0.3703781349973E-03,-0.2288510159219E-02, 0.2539671189677E-02,-0.9505645355546E-03, 0.6490526170568E-02
-0.2694159418458E-02, 0.1467255813731E-02,-0.1475122575404E-02, 0.4107892750918E-02,-0.3739498593297E-03,-0.2263476546733E-02, 0.2566895495538E-02,-0.9571768227128E-03, 0.6527168231817E-02
-0.2836793169362E-02, 0.1122123776581E-02,-0.1779556015571E-02, 0.3646762654783E-02,-0.7928898751046E-03,-0.2602555492813E-02, 0.2292053399720E-02,-0.1174741238744E-02, 0.6049163785907E-02
-0.2947590798964E-02, 0.1067399404667E-02,-0.1835516785059E-02, 0.3540293311023E-02,-0.8631776363582E-03,-0.2697627569325E-02, 0.2131427122362E-02,-0.1234564332159E-02, 0.5942107961576E-02
-0.3083691887784E-02, 0.9703183460382E-03,-0.1896807992626E-02, 0.3402544498605E-02,-0.9582314905733E-03,-0.2786864922894E-02, 0.1938549661457E-02,-0.1357619191779E-02, 0.5825691260254E-02
-0.3245217545784E-02, 0.7432696737340E-03,-0.2015668314303E-02, 0.3147892456636E-02,-0.1167110061871E-02,-0.2896866806455E-02, 0.1707641320539E-02,-0.1617462271350E-02, 0.5636080340197E-02
-0.1966370886404E-02, 0.2399314557726E-02,-0.6196959604138E-03, 0.4736339057570E-02, 0.2129281777554E-03,-0.1678631206400E-02, 0.3394327835911E-02,-0.1540913433224E-03, 0.7607385857068E-02
-0.2173204258747E-02, 0.2131915246727E-02,-0.8484873525640E-03, 0.4753919124584E-02, 0.7128020643347E-04,-0.1917622981007E-02, 0.3123368847916E-02,-0.3758015506372E-03, 0.7256463426445E-02
-0.2375431874658E-02, 0.1853692335021E-02,-0.1099235048837E-02, 0.4547811918282E-02,-0.8024675156566E-04,-0.2072063396285E-02, 0.2860620170847E-02,-0.6131390139569E-03, 0.6922331467347E-02
-0.2547241524953E-02, 0.1595442528642E-02,-0.1338066096004E-02, 0.4236835052869E-02,-0.2495659972470E-03,-0.2189685488747E-02, 0.2632403358973E-02,-0.8296939602718E-03, 0.6621074875156E-02
-0.2550744695927E-02, 0.1607917291801E-02,-0.1338463096402E-02, 0.4236801149650E-02,-0.2530306869018E-03,-0.2164648039312E-02, 0.2659824965764E-02,-0.8362289209695E-03, 0.6658074866822E-02
-0.2696358091961E-02, 0.1262049056014E-02,-0.1644486430111E-02, 0.3775542801532E-02,-0.6732345556763E-03,-0.2505406851264E-02, 0.2384851547882E-02,-0.1054817209850E-02, 0.6181527373033E-02
-0.2808224266493E-02, 0.1206874517081E-02,-0.1701157413360E-02, 0.3668865100285E-02,-0.7441279581346E-03,-0.2601128350877E-02, 0.2224263240909E-02,-0.1115127609443E-02, 0.6074727211016E-02
-0.2945584012179E-02, 0.1109282677437E-02,-0.1763277980797E-02, 0.3530828571890E-02,-0.8399044281674E-03,-0.2691161438815E-02, 0.2031379882493E-02,-0.1238707829792E-02, 0.5958516475787E-02
-0.3108903561871E-02, 0.8816994628620E-03,-0.1883204912467E-02, 0.3275929883774E-02,-0.1049696704834E-02,-0.2802309397147E-02, 0.1800386384766E-02,-0.1499135849058E-02, 0.5769350442914E-02
-0.1954034886991E-02, 0.2397831405966E-02,-0.6094550738132E-03, 0.4726930489642E-02, 0.2125035836415E-03,-0.1678837335531E-02, 0.3380291778409E-02,-0.1428998264305E-03, 0.7596410386679E-02
-0.2160946330582E-02, 0.2130491276545E-02,-0.8382663055035E-03, 0.4744601349527E-02, 0.7081225545640E-04,-0.1917790420593E-02, 0.3109452311854E-02,-0.3646281579148E-03, 0.7245865500946E-02
-0.2363300963609E-02, 0.1852395779465E-02,-0.1089052625981E-02, 0.4538808111489E-02,-0.8072546620514E-04,-0.2072259849792E-02, 0.2846917754085E-02,-0.6019901735462E-03, 0.6912231255772E-02
-0.2535254336861E-02, 0.1594314480998E-02,-0.1327928368424E-02, 0.4228267152239E-02,-0.2500174821426E-03,-0.2189932465068E-02, 0.2618967215904E-02,-0.8185688091316E-03, 0.6611540532107E-02
-0.2538787540671E-02, 0.1606610505102E-02,-0.1328358264578E-02, 0.4227837126716E-02,-0.2535786409495E-03,-0.2164929529522E-02, 0.2646159906968E-02,-0.8251503358925E-03, 0.6648239517385E-02
-0.2684579507182E-02, 0.1261272745008E-02,-0.1634405451913E-02, 0.3767807576946E-02,-0.6734960000430E-03,-0.2505634621620E-02, 0.2371934641523E-02,-0.1043707683392E-02, 0.6173121173108E-02
-0.2796515803448E-02, 0.1206220399585E-02,-0.1691096574810E-02, 0.3661402864994E-02,-0.7443219475367E-03,-0.2601342634075E-02, 0.2211575646661E-02,-0.1104016942550E-02, 0.6066619142978E-02
-0.2933958054574E-02, 0.1108793357940E-02,-0.1753241081140E-02, 0.3523720045814E-02,-0.8400149713019E-03,-0.2691374223576E-02, 0.2018973794618E-02,-0.1227586838757E-02, 0.5950798869833E-02
-0.3097398871151E-02, 0.8814763366222E-03,-0.1873202717901E-02, 0.3269388001140E-02,-0.1049682034270E-02,-0.2802543605816E-02, 0.1788368296344E-02,-0.1487992938790E-02, 0.5762317846728E-02
-0.1759783156289E-02, 0.2587489488069E-02,-0.4506214039670E-03, 0.4892007775066E-02, 0.3533654598587E-03,-0.1528770681598E-02, 0.3579323523829E-02, 0.5403828371458E-04, 0.7751372598576E-02
-0.1967684698511E-02, 0.2321718333426E-02,-0.6789988145401E-03, 0.4910437028078E-02, 0.2118727759353E-03,-0.1768097866498E-02, 0.3310317119365E-02,-0.1669490592280E-03, 0.7403918401047E-02
-0.2171809306977E-02, 0.2044425237930E-02,-0.9298603165944E-03, 0.4705512838825E-02, 0.5994583173358E-04,-0.1923587871080E-02, 0.3048925273650E-02,-0.4041633752690E-03, 0.7073045158705E-02
-0.2345886116552E-02, 0.1786554835650E-02,-0.1169182951696E-02, 0.4395718521594E-02,-0.1100315277139E-03,-0.2042578733582E-02, 0.2821509894101E-02,-0.6210409941383E-03, 0.6774566456514E-02
-0.2349336965963E-02, 0.1799200519911E-02,-0.1169515254879E-02, 0.4396217781859E-02,-0.1133767108028E-03,-0.2017535980776E-02, 0.2849127988330E-02,-0.6274737440717E-03, 0.6811937011382E-02
-0.2498812878502E-02, 0.1452860647013E-02,-0.1477119787300E-02, 0.3935452760359E-02,-0.5346021122167E-03,-0.2360415185305E-02, 0.2574056163155E-02,-0.8475314592819E-03, 0.6338047012433E-02
-0.2612065545539E-02, 0.1397162944707E-02,-0.1534611446296E-02, 0.3828639882985E-02,-0.6061516391660E-03,-0.2457004354681E-02, 0.2413515313577E-02,-0.9085972664585E-03, 0.6231740417365E-02
-0.2751043459398E-02, 0.1299021590370E-02,-0.1597696673595E-02, 0.3690421785345E-02,-0.7026985361219E-03,-0.2548096695840E-02, 0.2220688233106E-02,-0.1032972451679E-02, 0.6116013143504E-02
-0.2916645912165E-02, 0.1071029148972E-02,-0.1718809024826E-02, 0.3435584550621E-02,-0.9133587132405E-03,-0.2660734115862E-02, 0.1989767240625E-02,-0.1294228761174E-02, 0.5927823118269E-02
-0.1700261789333E-02, 0.2630932381332E-02,-0.4113155931727E-03, 0.4926631595429E-02, 0.4084827389794E-03,-0.1451390700880E-02, 0.3642012554383E-02, 0.9887378704507E-04, 0.7784227906082E-02
-0.1908339169783E-02, 0.2365814102100E-02,-0.6393311490952E-03, 0.4945410817547E-02, 0.2670516371900E-03,-0.1690984707206E-02, 0.3373708144648E-02,-0.1216900216788E-03, 0.7438031559811E-02
-0.2112878801299E-02, 0.2089011001166E-02,-0.8900020381895E-03, 0.4741046814434E-02, 0.1150615037753E-03,-0.1846879279522E-02, 0.3112888326830E-02,-0.3586264453767E-03, 0.7108371040457E-02
-0.2287494967313E-02, 0.1831475446331E-02,-0.1129268860455E-02, 0.4431856132058E-02,-0.5503828934204E-04,-0.1966345791676E-02, 0.2885883196755E-02,-0.5753621396796E-03, 0.6810958570835E-02
-0.2290926566245E-02, 0.1844130402252E-02,-0.1129589208901E-02, 0.4432471453297E-02,-0.5836620753505E-04,-0.1941272983776E-02, 0.2913506764794E-02,-0.5817723484988E-03, 0.6848395122674E-02
-0.2441414036572E-02, 0.1498016446176E-02,-0.1437352704495E-02, 0.3972260913389E-02,-0.4797693669947E-03,-0.2285080130890E-02, 0.2638637383134E-02,-0.8019379626242E-03, 0.6375726672029E-02
-0.2555019724559E-02, 0.1442252200539E-02,-0.1495007643313E-02, 0.3865503367708E-02,-0.5515182331353E-03,-0.2382049761354E-02, 0.2478172981446E-02,-0.8631249755694E-03, 0.6269649674089E-02
-0.2694406207191E-02, 0.1344065219110E-02,-0.1558290181576E-02, 0.3727361751331E-02,-0.6482825724494E-03,-0.2473574863207E-02, 0.2285455501007E-02,-0.9875915278838E-03, 0.6154181053063E-02
-0.2860586003775E-02, 0.1116155822823E-02,-0.1679614510467E-02, 0.3472777979405E-02,-0.8591323261597E-03,-0.2586770809565E-02, 0.2054715880193E-02,-0.1248847723358E-02, 0.5966507615904E-02
-0.1637153726171E-02, 0.2681571306889E-02,-0.3546466721107E-03, 0.4980096787838E-02, 0.4863673014605E-03,-0.1367818455445E-02, 0.3705567952983E-02, 0.1524975028447E-03, 0.7830284980087E-02
-0.1845371860382E-02, 0.2417241643658E-02,-0.5823218749276E-03, 0.4999257047952E-02, 0.3449776584822E-03,-0.1607643813162E-02, 0.3438129860810E-02,-0.6754614906397E-04, 0.7485517539840E-02
-0.2050328414149E-02, 0.2141015556360E-02,-0.8328082283477E-03, 0.4795504269471E-02, 0.1928791535565E-03,-0.1763941554418E-02, 0.3177994614475E-02,-0.3041393559450E-03, 0.7157228638511E-02
-0.2225509837850E-02, 0.1883861462330E-02,-0.1072029368217E-02, 0.4486963087432E-02, 0.2259176859163E-04,-0.1883903159320E-02, 0.2951469387958E-02,-0.5206973241977E-03, 0.6861007080729E-02
-0.2228916833754E-02, 0.1896555131007E-02,-0.1072328275720E-02, 0.4487770154518E-02, 0.1929755929206E-04,-0.1858796979375E-02, 0.2979136842598E-02,-0.5270749073407E-03, 0.6898578403476E-02
-0.2380493096567E-02, 0.1550642923415E-02,-0.1380370550687E-02, 0.4028014052824E-02,-0.4024697138216E-03,-0.2203583880499E-02, 0.2704477690309E-02,-0.7473683704150E-03, 0.6427121214336E-02
-0.2494470773614E-02, 0.1494788371513E-02,-0.1438252106223E-02, 0.3921259595015E-02,-0.4745051888377E-03,-0.2300962011510E-02, 0.2544094393446E-02,-0.8087022623470E-03, 0.6321264630098E-02
-0.2634290941152E-02, 0.1396526627146E-02,-0.1501798881501E-02, 0.3783133290683E-02,-0.5715847409777E-03,-0.2392954298399E-02, 0.2351483108946E-02,-0.9332856811780E-03, 0.6206029828784E-02
-0.2801092443207E-02, 0.1168674937187E-02,-0.1623404309176E-02, 0.3528746225189E-02,-0.7827390611797E-03,-0.2506752472861E-02, 0.2120916570098E-02,-0.1194556587671E-02, 0.6018839973103E-02
-0.1545882695600E-02, 0.2770125574914E-02,-0.2449765743656E-03, 0.5088139650517E-02, 0.6116452907876E-03,-0.1274634605917E-02, 0.3785543902370E-02, 0.2511152455595E-03, 0.7919014177085E-02
-0.1754359309111E-02, 0.2506902675099E-02,-0.4724264837118E-03, 0.5107772631136E-02, 0.4702699215882E-03,-0.1514579684321E-02, 0.3519396841232E-02, 0.3172978899329E-04, 0.7576213121354E-02
-0.1960002845343E-02, 0.2231393341592E-02,-0.7228626946334E-03, 0.4904736055838E-02, 0.3179155741855E-03,-0.1671338260085E-02, 0.3260196311543E-02,-0.2045140425936E-03, 0.7249782222054E-02
-0.2136091965513E-02, 0.1974629709047E-02,-0.9622066837776E-03, 0.4596918458345E-02, 0.1472232589557E-03,-0.1791933350842E-02, 0.3034268116576E-02,-0.4209832626211E-03, 0.6955131121055E-02
-0.2139461536277E-02, 0.1987451706844E-02,-0.9624573525433E-03, 0.4598124980192E-02, 0.1440127797390E-03,-0.1766801695890E-02, 0.3062093065157E-02,-0.4272962899703E-03, 0.6993017211418E-02
-0.2292721602533E-02, 0.1641468085456E-02,-0.1271303903323E-02, 0.4138494331662E-02,-0.2786112334804E-03,-0.2112725147865E-02, 0.2787531943902E-02,-0.6480659216778E-03, 0.6522806881438E-02
-0.2407274575481E-02, 0.1585384122977E-02,-0.1329646444170E-02, 0.4031590075155E-02,-0.3511504008462E-03,-0.2210587535376E-02, 0.2627211541906E-02,-0.7097198697395E-03, 0.6417163233080E-02
-0.2547772638812E-02, 0.1486882062815E-02,-0.1393717086536E-02, 0.3893288403800E-02,-0.4488001496824E-03,-0.2303155682854E-02, 0.2434659765652E-02,-0.8346178367483E-03, 0.6302110332435E-02
-0.2715555533095E-02, 0.1258899907049E-02,-0.1515914941023E-02, 0.3638887353045E-02,-0.6605824555181E-03,-0.2417725665772E-02, 0.2204179242277E-02,-0.1096136527648E-02, 0.6115332004561E-02
-0.2261553745601E-02, 0.2987948263922E-02,-0.5819757319329E-03, 0.5685778339416E-02, 0.5861536223055E-03,-0.1806872040415E-02, 0.4199096960112E-02, 0.1292669741341E-03,-0.1335794134027E-02
-0.2469645362915E-02, 0.2707535776854E-02,-0.8191309282885E-03, 0.5691177310025E-02, 0.4371728103126E-03,-0.2049364385770E-02, 0.3913229041460E-02,-0.1005631738850E-03,-0.1550258867343E-02
-0.2671090231717E-02, 0.2418628338086E-02,-0.1074954500091E-02, 0.5470855161874E-02, 0.2801228946191E-03,-0.2204532968321E-02, 0.3638190842185E-02,-0.3443851325685E-03,-0.1778875239824E-02
-0.2841016151848E-02, 0.2151363227127E-02,-0.1316891351197E-02, 0.5145039399294E-02, 0.1058327008336E-03,-0.2321804666540E-02, 0.3399700828555E-02,-0.5661572395296E-03,-0.1990609736960E-02
-0.2842411140485E-02, 0.2167780337854E-02,-0.1314451334122E-02, 0.5149309824840E-02, 0.1057290094206E-03,-0.2294026487217E-02, 0.3431343285225E-02,-0.5697301564913E-03,-0.2003519691057E-02
-0.2986822345448E-02, 0.1802309106679E-02,-0.1628884506741E-02, 0.4657837048173E-02,-0.3311532185784E-03,-0.2640364923876E-02, 0.3135239223311E-02,-0.7993852487374E-03,-0.2239299047146E-02
-0.3098709211979E-02, 0.1742214349984E-02,-0.1687012067513E-02, 0.4542657461220E-02,-0.4057991316306E-03,-0.2737120218142E-02, 0.2966415285576E-02,-0.8626815446645E-03,-0.2266341767604E-02
-0.3236084856285E-02, 0.1638837224004E-02,-0.1750541033246E-02, 0.4395299772273E-02,-0.5057276695835E-03,-0.2827886622824E-02, 0.2764523762397E-02,-0.9903154000560E-03,-0.2329583470783E-02
-0.3398573976832E-02, 0.1402499800012E-02,-0.1872456966161E-02, 0.4127419610533E-02,-0.7218243244395E-03,-0.2939434887938E-02, 0.2523060532243E-02,-0.1257198838849E-02,-0.2504824361042E-02
-0.2128242492688E-02, 0.3105448873557E-02,-0.4567260670885E-03, 0.5791329288446E-02, 0.7121903263952E-03,-0.1666679678313E-02, 0.4295734023563E-02, 0.1702805148801E-03,-0.1302282565553E-02
-0.2337489481801E-02, 0.2825663533926E-02,-0.6942529879488E-03, 0.5797152644056E-02, 0.5627868505297E-03,-0.1910226546905E-02, 0.4010861081135E-02,-0.5915897800668E-04,-0.1516459891623E-02
-0.2540672309123E-02, 0.2536873425090E-02,-0.9508558199100E-03, 0.5577255566158E-02, 0.4049130126896E-03,-0.2066823276439E-02, 0.3736384597135E-02,-0.3029781830474E-03,-0.1745148285893E-02
-0.2712553368675E-02, 0.2269402133079E-02,-0.1193782295860E-02, 0.5251812423813E-02, 0.2296551897689E-03,-0.2185647605825E-02, 0.3498127280998E-02,-0.5249871797101E-03,-0.1957165766244E-02
-0.2713933885377E-02, 0.2286007814745E-02,-0.1191276453221E-02, 0.5256426937011E-02, 0.2296955421024E-03,-0.2157820754047E-02, 0.3529975793827E-02,-0.5284705187669E-03,-0.1970076068677E-02
-0.2861459760549E-02, 0.1919710343649E-02,-0.1507597111281E-02, 0.4764985422036E-02,-0.2086669037391E-03,-0.2506690019795E-02, 0.3233560990061E-02,-0.7588148657733E-03,-0.2206460056713E-02
-0.2974334794450E-02, 0.1859224079257E-02,-0.1566459442753E-02, 0.4649702254407E-02,-0.2839373315176E-03,-0.2604345430704E-02, 0.3064806206119E-02,-0.8223573997506E-03,-0.2233827115094E-02
-0.3112878331989E-02, 0.1755384344476E-02,-0.1630864239317E-02, 0.4502154767482E-02,-0.3846212373594E-03,-0.2696170822586E-02, 0.2862943841710E-02,-0.9502465338321E-03,-0.2297429043107E-02
-0.3277130831912E-02, 0.1518496221349E-02,-0.1753990887908E-02, 0.4234079555157E-02,-0.6017240392997E-03,-0.2809226579205E-02, 0.2621379030722E-02,-0.1217427872623E-02,-0.2473082036404E-02
-0.1976671927275E-02, 0.3243025110856E-02,-0.3140396346041E-03, 0.5917148800016E-02, 0.8444751618502E-03,-0.1546054170317E-02, 0.4386330661601E-02, 0.2646294140247E-03,-0.1188440991305E-02
-0.2186965339476E-02, 0.2964317467667E-02,-0.5516589214681E-03, 0.5923684255517E-02, 0.6949575271528E-03,-0.1790183452441E-02, 0.4102910536596E-02, 0.3575331430886E-04,-0.1402347330255E-02
-0.2391836502869E-02, 0.2676021479768E-02,-0.8087624012213E-03, 0.5704557352494E-02, 0.5365096515328E-03,-0.1947862777680E-02, 0.3829358115509E-02,-0.2079533615297E-03,-0.1631227011531E-02
-0.2565663419248E-02, 0.2408631072945E-02,-0.1052442129151E-02, 0.5379806390796E-02, 0.3604750873428E-03,-0.2067974097136E-02, 0.3591607207253E-02,-0.4301584452948E-03,-0.1843734251609E-02
-0.2567020009215E-02, 0.2425458971458E-02,-0.1049867876189E-02, 0.5384867723491E-02, 0.3606695218463E-03,-0.2040127725071E-02, 0.3623716797571E-02,-0.4335434584373E-03,-0.1856565438036E-02
-0.2717696518128E-02, 0.2058542705662E-02,-0.1367898550688E-02, 0.4893585490768E-02,-0.7897989733697E-04,-0.2391020523115E-02, 0.3327245164902E-02,-0.6647351638195E-03,-0.2094248274079E-02
-0.2831657705216E-02, 0.1997668294914E-02,-0.1427496120673E-02, 0.4778208536621E-02,-0.1548583658380E-03,-0.2489434663587E-02, 0.3158617097257E-02,-0.7286610182880E-03,-0.2122198559084E-02
-0.2971482807746E-02, 0.1893379254952E-02,-0.1492769029774E-02, 0.4630482752195E-02,-0.2562770304151E-03,-0.2582177480133E-02, 0.2956833490771E-02,-0.8569542644177E-03,-0.2186462638381E-02
-0.3137597443475E-02, 0.1656029727416E-02,-0.1617039102720E-02, 0.4362279766849E-02,-0.4743155500447E-03,-0.2696550016067E-02, 0.2715251214549E-02,-0.1124571698351E-02,-0.2362929220803E-02
-0.1827484961792E-02, 0.3379420029079E-02,-0.1765584576769E-03, 0.6040855570757E-02, 0.9655764637307E-03,-0.1444154524243E-02, 0.4474172574360E-02, 0.3847448586432E-03,-0.1045588022907E-02
-0.2038649097765E-02, 0.3101977879631E-02,-0.4140560447793E-03, 0.6048199783796E-02, 0.8161579096527E-03,-0.1688549007367E-02, 0.4192350284524E-02, 0.1564877902882E-03,-0.1259200307066E-02
-0.2245008368472E-02, 0.2814385828415E-02,-0.6714146657921E-03, 0.5830009665088E-02, 0.6573627561298E-03,-0.1847019616880E-02, 0.3919875878839E-02,-0.8704335206094E-04,-0.1488256491361E-02
-0.2420583988425E-02, 0.2547274396909E-02,-0.9156086295051E-03, 0.5506129053097E-02, 0.4807657749201E-03,-0.1968153771500E-02, 0.3682772570204E-02,-0.3093945860355E-03,-0.1701260339199E-02
-0.2421912754540E-02, 0.2564314769365E-02,-0.9129725634515E-03, 0.5511665339830E-02, 0.4811016669643E-03,-0.1940305579797E-02, 0.3715138399224E-02,-0.3126865871434E-03,-0.1713980349825E-02
-0.2575469134116E-02, 0.2197015478936E-02,-0.1232399820190E-02, 0.5020671703127E-02, 0.4046541647400E-04,-0.2292762390937E-02, 0.3418772095686E-02,-0.5447413993869E-03,-0.1953126079137E-02
-0.2690466899091E-02, 0.2135799697319E-02,-0.1292652006229E-02, 0.4905229465193E-02,-0.3593941613299E-04,-0.2391794722188E-02, 0.3250296444041E-02,-0.6091010628611E-03,-0.1981723647237E-02
-0.2831512313625E-02, 0.2031126510661E-02,-0.1358694367623E-02, 0.4757371791344E-02,-0.1379923918754E-03,-0.2485299978192E-02, 0.3048628028506E-02,-0.7378501506759E-03,-0.2046723242487E-02
-0.2999363518825E-02, 0.1793446026501E-02,-0.1483941240541E-02, 0.4489143886122E-02,-0.3568022914129E-03,-0.2600768841747E-02, 0.2807109983356E-02,-0.1005937602688E-02,-0.2224094036183E-02
-0.1816239963985E-02, 0.3375094647802E-02,-0.1680588189440E-03, 0.6027700245132E-02, 0.9628240506898E-03,-0.1445696270047E-02, 0.4457293033983E-02, 0.3940039694185E-03,-0.1029279535274E-02
-0.2027478924889E-02, 0.3097752245684E-02,-0.4055585961576E-03, 0.6035486323094E-02, 0.8133843580211E-03,-0.1690053634317E-02, 0.4175629706813E-02, 0.1657385502590E-03,-0.1242885252423E-02
-0.2233960470372E-02, 0.2810357242810E-02,-0.6629333401574E-03, 0.5817752444526E-02, 0.6546209069259E-03,-0.1848548864525E-02, 0.3903439015728E-02,-0.7779089710821E-04,-0.1471959744153E-02
-0.2409674255524E-02, 0.2543496905564E-02,-0.9071460171828E-03, 0.5494345828713E-02, 0.4781045229275E-03,-0.1969724741095E-02, 0.3666683944323E-02,-0.3001309122181E-03,-0.1685005427146E-02
-0.2411025336877E-02, 0.2560309374274E-02,-0.9045590220230E-03, 0.5499161333365E-02, 0.4783095743370E-03,-0.1941914182564E-02, 0.3698752938013E-02,-0.3034907041264E-03,-0.1697681481442E-02
-0.2564757165197E-02, 0.2193729293495E-02,-0.1223937035267E-02, 0.5009903262495E-02, 0.3809625831583E-04,-0.2294289555033E-02, 0.3403332594921E-02,-0.5354288038048E-03,-0.1937020033645E-02
-0.2679807868736E-02, 0.2132677660890E-02,-0.1284186982947E-02, 0.4894825330417E-02,-0.3820776308828E-04,-0.2393293682695E-02, 0.3235132755670E-02,-0.5997625687509E-03,-0.1965740527197E-02
-0.2820917114115E-02, 0.2028225660713E-02,-0.1350226466461E-02, 0.4747423581632E-02,-0.1401345699157E-03,-0.2486780679203E-02, 0.3033806156592E-02,-0.7284675691358E-03,-0.2030856227148E-02
-0.2988874183362E-02, 0.1790906930571E-02,-0.1475470418366E-02, 0.4479883478094E-02,-0.3587513066848E-03,-0.2602251835845E-02, 0.2792769810091E-02,-0.9964798219625E-03,-0.2208306943146E-02
-0.1618833480341E-02, 0.3563638121336E-02,-0.7779963283313E-05, 0.6192405676272E-02, 0.1104501807009E-02,-0.1293168849135E-02, 0.4654735024597E-02, 0.5920001326029E-03,-0.8781223501533E-03
-0.1830944963489E-02, 0.3288239344442E-02,-0.2446531245105E-03, 0.6200893148364E-02, 0.9555400701652E-03,-0.1537761685335E-02, 0.4375292164501E-02, 0.3646796421443E-03,-0.1090919370529E-02
-0.2039077337315E-02, 0.3002016712797E-02,-0.5019179317817E-03, 0.5984362445864E-02, 0.7966381425091E-03,-0.1697157888494E-02, 0.4104602066495E-02, 0.1215014945482E-03,-0.1319748012081E-02
-0.2216807422036E-02, 0.2735701597879E-02,-0.7464127451490E-03, 0.5662191475067E-02, 0.6196530455445E-03,-0.1819551193488E-02, 0.3868687457727E-02,-0.1009556919917E-03,-0.1532965905619E-02
-0.2218091079817E-02, 0.2752964134262E-02,-0.7437095725753E-03, 0.5668463684293E-02, 0.6201433265694E-03,-0.1791706658389E-02, 0.3901311807328E-02,-0.1041338582273E-03,-0.1545557003454E-02
-0.2375368005039E-02, 0.2385719404146E-02,-0.1064445830381E-02, 0.5178440353756E-02, 0.1788614297061E-03,-0.2146104048486E-02, 0.3605275616490E-02,-0.3373927091291E-03,-0.1785999971894E-02
-0.2491699955420E-02, 0.2324134863830E-02,-0.1125441020073E-02, 0.5063027890743E-02, 0.1019097091879E-03,-0.2245954538136E-02, 0.3437054444748E-02,-0.4024250804523E-03,-0.1815304946675E-02
-0.2634302536030E-02, 0.2219096278701E-02,-0.1192362537516E-02, 0.4915185292682E-02,-0.7911925096506E-06,-0.2340466026742E-02, 0.3235673045705E-02,-0.5318526256631E-03,-0.1881081420726E-02
-0.2804352890099E-02, 0.1981309836874E-02,-0.1318665804987E-02, 0.4647358409471E-02,-0.2202752049718E-03,-0.2457347232445E-02, 0.2994518874447E-02,-0.8005647937999E-03,-0.2059289047678E-02
-0.1558772134968E-02, 0.3605761717945E-02, 0.3130501455860E-04, 0.6225764852202E-02, 0.1158822754759E-02,-0.1215356184806E-02, 0.4715623469256E-02, 0.6364641609125E-03,-0.8365052730444E-03
-0.1771024197666E-02, 0.3331135929418E-02,-0.2051454640309E-03, 0.6234596649455E-02, 0.1010021356397E-02,-0.1460161845319E-02, 0.4437022399823E-02, 0.4096260032948E-03,-0.1048875700007E-02
-0.1979534175377E-02, 0.3045536763867E-02,-0.4621584962947E-03, 0.6018754440593E-02, 0.8511597083072E-03,-0.1619917967031E-02, 0.4167056204960E-02, 0.1667905607938E-03,-0.1277432781073E-02
-0.2157768600253E-02, 0.2779686340644E-02,-0.7065404424385E-03, 0.5697376211369E-02, 0.6741529504111E-03,-0.1742747924574E-02, 0.3931694885887E-02,-0.5546213540508E-04,-0.1490517415028E-02
-0.2159038208631E-02, 0.2796963843782E-02,-0.7038294412163E-03, 0.5703941916590E-02, 0.6746628354093E-03,-0.1714883015335E-02, 0.3964328058988E-02,-0.5862043810930E-04,-0.1503070019215E-02
-0.2317276920115E-02, 0.2430120198597E-02,-0.1024636517189E-02, 0.5214563634844E-02, 0.2333646648817E-03,-0.2070122845664E-02, 0.3668666879987E-02,-0.2918991641552E-03,-0.1743632936759E-02
-0.2433943584849E-02, 0.2368518716578E-02,-0.1085769787028E-02, 0.5099236071772E-02, 0.1562547560866E-03,-0.2170330398682E-02, 0.3500596372688E-02,-0.3570265892186E-03,-0.1773088643718E-02
-0.2576932954452E-02, 0.2263494263736E-02,-0.1152859785790E-02, 0.4951513819912E-02, 0.5338558193466E-04,-0.2265250009359E-02, 0.3299411085442E-02,-0.4865114540127E-03,-0.1839014114253E-02
-0.2747530805174E-02, 0.2025888817451E-02,-0.1279331443936E-02, 0.4684061500074E-02,-0.1662044235765E-03,-0.2382655674705E-02, 0.3058553185463E-02,-0.7551673829913E-03,-0.2017312697998E-02
-0.1494910917325E-02, 0.3655315869883E-02, 0.8797585894903E-04, 0.6278007967869E-02, 0.1236045806481E-02,-0.1131116832562E-02, 0.4777737992165E-02, 0.6899456670581E-03,-0.7839351466957E-03
-0.1707263678102E-02, 0.3381613893558E-02,-0.1480623020238E-03, 0.6287241321982E-02, 0.1087404466935E-02,-0.1376092908225E-02, 0.4500150517573E-02, 0.4636970402619E-03,-0.9958013190521E-03
-0.1916147803746E-02, 0.3096735588729E-02,-0.4048178387315E-03, 0.6072164009394E-02, 0.9285543606590E-03,-0.1536201301945E-02, 0.4231021551317E-02, 0.2212783176951E-03,-0.1224044276768E-02
-0.2094907336267E-02, 0.2831403107589E-02,-0.6490861698619E-03, 0.5751645773559E-02, 0.7514755635164E-03,-0.1659482226830E-02, 0.3996280403916E-02,-0.7275994228753E-06,-0.1436982429464E-02
-0.2096160220833E-02, 0.2848734922205E-02,-0.6463566683692E-03, 0.5758592324065E-02, 0.7520279839569E-03,-0.1631594320223E-02, 0.4028973899052E-02,-0.3852935275209E-05,-0.1449489145791E-02
-0.2255428789991E-02, 0.2482264225153E-02,-0.9673428901420E-03, 0.5269765505961E-02, 0.3105522000811E-03,-0.1987722522538E-02, 0.3733678807775E-02,-0.2371694124345E-03,-0.1690217958266E-02
-0.2372450219711E-02, 0.2420623747195E-02,-0.1028675795728E-02, 0.5154481868251E-02, 0.2332012343630E-03,-0.2088315277325E-02, 0.3565759671194E-02,-0.3024170300273E-03,-0.1719848538290E-02
-0.2515852227989E-02, 0.2315584641051E-02,-0.1095999546189E-02, 0.5006827671557E-02, 0.1300714594696E-03,-0.2183677407102E-02, 0.3364760729083E-02,-0.4319837503247E-03,-0.1785953080692E-02
-0.2687039897316E-02, 0.2078133453952E-02,-0.1222705002458E-02, 0.4739696748594E-02,-0.8972658948029E-04,-0.2301649639642E-02, 0.3124181296550E-02,-0.7005955448119E-03,-0.1964380649445E-02
-0.1402267725531E-02, 0.3742866218403E-02, 0.1980741044768E-03, 0.6384505916490E-02, 0.1360918402100E-02,-0.1036790689852E-02, 0.4856694542241E-02, 0.7887895637520E-03,-0.6911393045436E-03
-0.1614817938837E-02, 0.3470476344950E-02,-0.3762511251615E-04, 0.6394354635115E-02, 0.1212470667022E-02,-0.1281806140748E-02, 0.4580595281910E-02, 0.5633110422968E-03,-0.9023747959662E-03
-0.1824324638333E-02, 0.3186519963288E-02,-0.2942155767758E-03, 0.6180246530648E-02, 0.1053534978176E-02,-0.1442304864151E-02, 0.4312585989167E-02, 0.3213554617733E-03,-0.1130308039881E-02
-0.2003932067720E-02, 0.2921765345709E-02,-0.5385006302859E-03, 0.5860737018394E-02, 0.8762097812619E-03,-0.1566158268589E-02, 0.4078602587019E-02, 0.9954159571928E-04,-0.1343196714595E-02
-0.2005159295874E-02, 0.2939268382673E-02,-0.5357210908784E-03, 0.5868254508065E-02, 0.8768736624743E-03,-0.1538253875183E-02, 0.4111506745017E-02, 0.9649068448196E-04,-0.1355631621817E-02
-0.2166026090959E-02, 0.2572934491971E-02,-0.8573678729927E-03, 0.5379735431742E-02, 0.4347846460421E-03,-0.1895414754677E-02, 0.3816457146524E-02,-0.1371858988294E-03,-0.1596871069657E-02
-0.2283603563448E-02, 0.2511132704334E-02,-0.9191248474680E-03, 0.5264389007637E-02, 0.3569899754314E-03,-0.1996467961353E-02, 0.3648678904397E-02,-0.2027183519246E-03,-0.1626820254874E-02
-0.2427659344369E-02, 0.2405930154346E-02,-0.9869321211460E-03, 0.5116654952650E-02, 0.2533601800326E-03,-0.2092380302141E-02, 0.3447822913988E-02,-0.3325508201428E-03,-0.1693276222521E-02
-0.2599786934608E-02, 0.2168469450628E-02,-0.1114165741868E-02, 0.4849665359007E-02, 0.3305996775532E-04,-0.2211083645807E-02, 0.3207433625024E-02,-0.6013239619161E-03,-0.1872063055578E-02
-0.2027818634136E-02, 0.4089162240523E-02,-0.3082571487436E-04,-0.2859065764539E-02, 0.1453931300634E-02,-0.1474346565100E-02, 0.5397870466214E-02, 0.7766542313667E-03,-0.1194788273198E-02
-0.2241252504907E-02, 0.3796897421106E-02,-0.2785744644757E-03,-0.2806664313345E-02, 0.1295577053869E-02,-0.1723348884247E-02, 0.5099415852874E-02, 0.5391272757143E-03,-0.1413438855756E-02
-0.2447767993191E-02, 0.3496882077844E-02,-0.5423306119916E-03,-0.2978107932483E-02, 0.1129788417378E-02,-0.1883489757064E-02, 0.4813072853607E-02, 0.2880555689928E-03,-0.1646214390060E-02
-0.2622328589411E-02, 0.3219135519943E-02,-0.7906221972528E-03,-0.3234907721758E-02, 0.9468472253439E-03,-0.2005120624907E-02, 0.4564264208329E-02, 0.5951175447758E-04,-0.1861895411551E-02
-0.2621238239635E-02, 0.3240251845959E-02,-0.7848786109699E-03,-0.3240329115105E-02, 0.9507095810401E-03,-0.1974211803222E-02, 0.4600883224859E-02, 0.5942897423727E-04,-0.1872847378066E-02
-0.2775439067346E-02, 0.2850525997054E-02,-0.1114923840333E-02,-0.3450620209940E-02, 0.4906345113788E-03,-0.2334258111099E-02, 0.4280940939417E-02,-0.1857016248318E-03,-0.2117096057847E-02
-0.2891102919544E-02, 0.2783463287290E-02,-0.1177353821109E-02,-0.3499706315462E-02, 0.4096177848391E-03,-0.2434974926757E-02, 0.4103256444185E-02,-0.2537467334218E-03,-0.2145854830896E-02
-0.3032877043162E-02, 0.2671973439775E-02,-0.1245570609405E-02,-0.3613085457146E-02, 0.3024740363339E-03,-0.2529902194029E-02, 0.3891538027130E-02,-0.3873271368369E-03,-0.2211483209032E-02
-0.3200789835149E-02, 0.2424115075358E-02,-0.1373774731244E-02,-0.3868362481398E-02, 0.7606318416767E-04,-0.2646623715343E-02, 0.3638271677273E-02,-0.6628750967284E-03,-0.2391054171123E-02
-0.1894163616576E-02, 0.4203018712583E-02, 0.9320742476059E-04,-0.2737995067237E-02, 0.1577701216985E-02,-0.1334110237034E-02, 0.5490747882118E-02, 0.8165126296402E-03,-0.1161176282521E-02
-0.2108656837739E-02, 0.3911682383817E-02,-0.1547372212403E-03,-0.2687154546504E-02, 0.1419155456084E-02,-0.1584037710477E-02, 0.5193579323365E-02, 0.5794968743905E-03,-0.1379502753781E-02
-0.2316815801709E-02, 0.3612101664850E-02,-0.4191054522578E-03,-0.2860478490481E-02, 0.1252767101740E-02,-0.1745502116538E-02, 0.4908088837081E-02, 0.3285463570003E-03,-0.1612309403955E-02
-0.2493246074663E-02, 0.3334449624715E-02,-0.6682350503842E-03,-0.3119216334437E-02, 0.1069069904638E-02,-0.1868596745217E-02, 0.4659780577835E-02, 0.9987535063675E-04,-0.1828236420090E-02
-0.2492136673043E-02, 0.3355790112228E-02,-0.6624108741045E-03,-0.3124626512158E-02, 0.1073110185359E-02,-0.1837637767585E-02, 0.4696665555704E-02, 0.9990321248296E-04,-0.1839155495428E-02
-0.2649342812240E-02, 0.2965623857086E-02,-0.9941294763331E-03,-0.3337931463373E-02, 0.6118839849030E-03,-0.2200049830431E-02, 0.4376727358740E-02,-0.1457710363428E-03,-0.2084012298425E-02
-0.2765949858254E-02, 0.2898291192551E-02,-0.1057225142272E-02,-0.3388235316897E-02, 0.5303365682991E-03,-0.2301613793809E-02, 0.4199254741438E-02,-0.2140059827676E-03,-0.2113110782280E-02
-0.2908841946301E-02, 0.2786479732960E-02,-0.1126244387671E-02,-0.3502378665965E-02, 0.4225437511878E-03,-0.2397547505892E-02, 0.3987722141742E-02,-0.3477846613726E-03,-0.2179106622726E-02
-0.3078453519292E-02, 0.2538290272381E-02,-0.1255555670639E-02,-0.3757767987710E-02, 0.1952987115565E-03,-0.2515709567820E-02, 0.3734557576735E-02,-0.6235589948252E-03,-0.2359067564866E-02
-0.1741799787319E-02, 0.4337026592032E-02, 0.2349400490591E-03,-0.2599771252699E-02, 0.1708074414681E-02,-0.1213212671578E-02, 0.5578263830729E-02, 0.9097838597118E-03,-0.1046293124555E-02
-0.1957225946365E-02, 0.4047107747998E-02,-0.1290285921003E-04,-0.2550433851360E-02, 0.1549673306123E-02,-0.1463592544510E-02, 0.5282846807568E-02, 0.6734890721429E-03,-0.1264296227813E-02
-0.2166959090670E-02, 0.3748367961258E-02,-0.2775854732502E-03,-0.2725639985905E-02, 0.1382954164159E-02,-0.1626027089614E-02, 0.4998566754404E-02, 0.4228084630013E-03,-0.1497239322300E-02
-0.2345231707680E-02, 0.3471120295280E-02,-0.5272993997825E-03,-0.2986355351274E-02, 0.1198704069222E-02,-0.1750311539589E-02, 0.4751020101030E-02, 0.1940857577660E-03,-0.1713604384240E-02
-0.2344096815050E-02, 0.3492740009834E-02,-0.5213916061484E-03,-0.2991745080385E-02, 0.1202942362934E-02,-0.1719330198598E-02, 0.4788230953133E-02, 0.1942362609426E-03,-0.1724449819821E-02
-0.2504325309592E-02, 0.3102353579482E-02,-0.8545876172079E-03,-0.3208176554239E-02, 0.7407593421567E-03,-0.2083611084953E-02, 0.4468512712837E-02,-0.5211103906979E-04,-0.1970528315389E-02
-0.2621970938030E-02, 0.3034759521099E-02,-0.9183470152205E-03,-0.3259805983812E-02, 0.6586997182117E-03,-0.2185886466340E-02, 0.4291302105781E-02,-0.1206659954305E-03,-0.2000190834396E-02
-0.2766090138292E-02, 0.2922644863542E-02,-0.9881584283351E-03,-0.3374636811304E-02, 0.5502788703473E-03,-0.2282689016291E-02, 0.4079991596508E-02,-0.2547741659964E-03,-0.2066824879616E-02
-0.2937488675508E-02, 0.2674224507671E-02,-0.1118503223228E-02,-0.3629710671109E-02, 0.3222695108299E-03,-0.2402101306880E-02, 0.3826984714832E-02,-0.5308721824496E-03,-0.2247558818996E-02
-0.1591644976183E-02, 0.4470158561547E-02, 0.3716877654531E-03,-0.2466281074224E-02, 0.1827620729136E-02,-0.1110936765264E-02, 0.5663438258805E-02, 0.1028912470451E-02,-0.9020109811053E-03
-0.1807828188006E-02, 0.4181837432680E-02, 0.1241533782585E-03,-0.2418277812386E-02, 0.1669569785528E-02,-0.1361461376366E-02, 0.5369906349334E-02, 0.7934033297421E-03,-0.1119663611319E-02
-0.2018933680266E-02, 0.3884138062392E-02,-0.1406037799764E-03,-0.2595164938586E-02, 0.1502737286900E-02,-0.1524578901821E-02, 0.5086976888031E-02, 0.5430675333946E-03,-0.1352725124025E-02
-0.2198849725044E-02, 0.3607481882752E-02,-0.3906678805052E-03,-0.2857657782963E-02, 0.1318137605597E-02,-0.1649791513924E-02, 0.4840317626868E-02, 0.3143542452285E-03,-0.1569531364990E-02
-0.2197687874930E-02, 0.3629375659443E-02,-0.3846852481130E-03,-0.2863024125381E-02, 0.1322561118269E-02,-0.1618806244482E-02, 0.4877843685003E-02, 0.3146203279972E-03,-0.1580288026167E-02
-0.2360666560487E-02, 0.3238984823685E-02,-0.7190535934599E-03,-0.3082321946791E-02, 0.8596941843324E-03,-0.1984510687255E-02, 0.4558480712841E-02, 0.6759184872033E-04,-0.1827721414759E-02
-0.2479302856058E-02, 0.3171169024679E-02,-0.7834005648879E-03,-0.3135197324721E-02, 0.7771971781376E-03,-0.2087362966938E-02, 0.4381549686871E-02,-0.1333769988627E-05,-0.1857998361079E-02
-0.2624588957878E-02, 0.3058808334421E-02,-0.8539099018784E-03,-0.3250620299677E-02, 0.6682403184156E-03,-0.2184884404572E-02, 0.4170488108941E-02,-0.1358168911689E-03,-0.1925331888249E-02
-0.2797648281706E-02, 0.2810277719211E-02,-0.9851263211276E-03,-0.3505229921423E-02, 0.4396163628023E-03,-0.2305330522109E-02, 0.3917704349562E-02,-0.4122534314465E-03,-0.2106923471190E-02
-0.1581693389370E-02, 0.4462775218415E-02, 0.3782146533815E-03,-0.2452328746884E-02, 0.1822336148401E-02,-0.1113992386938E-02, 0.5643556443199E-02, 0.1036004709161E-02,-0.8866362556555E-03
-0.1797948968370E-02, 0.4174604955457E-02, 0.1307019346555E-03,-0.2404468784210E-02, 0.1664293619603E-02,-0.1364480894250E-02, 0.5350231020872E-02, 0.8005024914014E-03,-0.1104281989835E-02
-0.2009167794743E-02, 0.3877186714018E-02,-0.1340405343827E-03,-0.2581513283373E-02, 0.1497545544823E-02,-0.1527614233914E-02, 0.5067659930279E-02, 0.5502031648365E-03,-0.1337371668912E-02
-0.2189208982796E-02, 0.3600878538041E-02,-0.3840884068261E-03,-0.2844158945868E-02, 0.1313091007628E-02,-0.1652853112950E-02, 0.4821438562645E-02, 0.3215455885874E-03,-0.1554227893111E-02
-0.2188072914884E-02, 0.3622476554208E-02,-0.3781766380905E-03,-0.2849556209650E-02, 0.1317341931106E-02,-0.1621916702900E-02, 0.4858629741186E-02, 0.3217160630292E-03,-0.1564986426304E-02
-0.2351194901170E-02, 0.3233024558256E-02,-0.7124029743004E-03,-0.3069040566821E-02, 0.8550588802709E-03,-0.1987490317224E-02, 0.4540426561145E-02, 0.7491112352111E-04,-0.1812530377765E-02
-0.2469866196895E-02, 0.3165422590413E-02,-0.7767219260801E-03,-0.3122030742833E-02, 0.7727002641166E-03,-0.2090297984892E-02, 0.4363813553731E-02, 0.6040625797328E-05,-0.1842863527516E-02
-0.2615195526667E-02, 0.3053348974480E-02,-0.8471970397043E-03,-0.3237479335885E-02, 0.6639183270819E-03,-0.2187781663913E-02, 0.4153151735195E-02,-0.1283585966012E-03,-0.1910256527825E-02
-0.2788337247753E-02, 0.2805287463365E-02,-0.9783646025354E-03,-0.3491955475990E-02, 0.4355668547442E-03,-0.2308203830039E-02, 0.3900958000526E-02,-0.4046564545851E-03,-0.2091913312903E-02
-0.1381633727554E-02, 0.4649685501490E-02, 0.5394909042547E-03,-0.2301048638638E-02, 0.1964512049983E-02,-0.9593815161994E-03, 0.5838842340379E-02, 0.1234520029410E-02,-0.7327384649723E-03
-0.1598605499225E-02, 0.4363865439684E-02, 0.2928305060836E-03,-0.2254762040844E-02, 0.1807255358612E-02,-0.1209932993628E-02, 0.5548153780952E-02, 0.1000195867563E-02,-0.9494974406083E-03
-0.1811320042115E-02, 0.4068018060132E-02, 0.2841232934035E-04,-0.2433595295046E-02, 0.1640642442411E-02,-0.1373819945744E-02, 0.5267474934028E-02, 0.7504791529546E-03,-0.1182248293342E-02
-0.1993239859137E-02, 0.3792615212862E-02,-0.2217277761531E-03,-0.2698084933679E-02, 0.1455954339720E-02,-0.1500153026081E-02, 0.5022426082291E-02, 0.5219105386066E-03,-0.1399190620240E-02
-0.1992039585407E-02, 0.3814800697337E-02,-0.2156690258491E-03,-0.2703420868055E-02, 0.1460578380237E-02,-0.1469177773746E-02, 0.5060268223496E-02, 0.5223103514152E-03,-0.1409826784414E-02
-0.2158545327243E-02, 0.3425030515277E-02,-0.5510303741029E-03,-0.2926179493974E-02, 0.9974767282198E-03,-0.1836600185551E-02, 0.4741699495108E-02, 0.2743802227837E-03,-0.1658448084786E-02
-0.2278445995624E-02, 0.3357014563908E-02,-0.6160271941199E-03,-0.2980558062571E-02, 0.9145548022725E-03,-0.1940207542704E-02, 0.4565250097914E-02, 0.2048794008970E-03,-0.1689409333486E-02
-0.2425207834793E-02, 0.3244488308678E-02,-0.6873138295219E-03,-0.3096804931585E-02, 0.8050858996919E-03,-0.2038667532158E-02, 0.4354729176877E-02, 0.6985303499750E-04,-0.1757487794931E-02
-0.2600352755677E-02, 0.2996180822979E-02,-0.8194348813269E-03,-0.3351155682103E-02, 0.5760013481020E-03,-0.2160427739428E-02, 0.4102626140913E-02,-0.2069752009369E-03,-0.1939855120469E-02
-0.1321268664472E-02, 0.4690273025247E-02, 0.5781513566812E-03,-0.2261578632958E-02, 0.2017811586363E-02,-0.8814176611352E-03, 0.5897659637573E-02, 0.1278398981284E-02,-0.6906949365299E-03
-0.1538334190158E-02, 0.4405357621273E-02, 0.3319859231092E-03,-0.2215754309410E-02, 0.1860826690907E-02,-0.1132113764879E-02, 0.5607966918412E-02, 0.1044625630193E-02,-0.9070053707697E-03
-0.1751376060962E-02, 0.4110282246256E-02, 0.6789239259008E-04,-0.2394987182509E-02, 0.1694370704588E-02,-0.1296303320200E-02, 0.5328174482531E-02, 0.7953272667667E-03,-0.1139459916457E-02
-0.1933752673046E-02, 0.3835488986086E-02,-0.1820668267744E-03,-0.2659847499648E-02, 0.1509774304910E-02,-0.1423022584356E-02, 0.5083831106040E-02, 0.5670361786071E-03,-0.1356245297765E-02
-0.1932543880230E-02, 0.3857695288826E-02,-0.1760032997317E-03,-0.2665172699194E-02, 0.1514422436815E-02,-0.1392037311297E-02, 0.5121695123322E-02, 0.5674546020037E-03,-0.1366843536661E-02
-0.2099943705703E-02, 0.3468517153862E-02,-0.5113326996328E-03,-0.2888731455607E-02, 0.1051482975497E-02,-0.1760195268207E-02, 0.4803686635672E-02, 0.3196049784906E-03,-0.1615555463935E-02
-0.2220155438555E-02, 0.3400538317736E-02,-0.5764376579118E-03,-0.2943444327721E-02, 0.9684487335123E-03,-0.1864130223671E-02, 0.4627466587944E-02, 0.2500394624355E-03,-0.1646664243273E-02
-0.2367276126780E-02, 0.3288091450282E-02,-0.6478586162149E-03,-0.3059954917381E-02, 0.8588662611672E-03,-0.1962967412713E-02, 0.4417234100505E-02, 0.1149951671142E-03,-0.1714884430836E-02
-0.2542929378647E-02, 0.3040071988010E-02,-0.7800965636352E-03,-0.3314476065680E-02, 0.6297686743312E-03,-0.2085209203750E-02, 0.4165553749843E-02,-0.1617120339243E-03,-0.1897322734666E-02
-0.1256884815792E-02, 0.4738524843748E-02, 0.6345891613168E-03,-0.2205543806245E-02, 0.2094108990355E-02,-0.7967917717516E-03, 0.5958082242136E-02, 0.1331519302210E-02,-0.6374317798282E-03
-0.1473997252174E-02, 0.4454680528983E-02, 0.3889214669112E-03,-0.2160247757531E-02, 0.1937417422916E-02,-0.1047581442355E-02, 0.5669565152395E-02, 0.1098415565362E-02,-0.8532112472937E-03
-0.1687356463167E-02, 0.4160484682287E-02, 0.1251716128882E-03,-0.2340002579889E-02, 0.1771107299306E-02,-0.1212058764874E-02, 0.5390773216815E-02, 0.8496187719451E-03,-0.1085320328873E-02
-0.1870205109164E-02, 0.3886360443320E-02,-0.1245939435895E-03,-0.2605379111327E-02, 0.1586567968344E-02,-0.1339173042279E-02, 0.5147198400710E-02, 0.6216541670986E-03,-0.1301929112310E-02
-0.1868985665826E-02, 0.3908638686963E-02,-0.1185125880932E-03,-0.2610684075046E-02, 0.1591271700208E-02,-0.1308174264795E-02, 0.5185147979027E-02, 0.6221087406264E-03,-0.1312480599572E-02
-0.2037341347736E-02, 0.3520019347202E-02,-0.4539063352603E-03,-0.2835280653472E-02, 0.1128359079639E-02,-0.1677109673621E-02, 0.4867667988182E-02, 0.3743225036731E-03,-0.1561326135729E-02
-0.2157884584973E-02, 0.3452056429099E-02,-0.5191786640993E-03,-0.2890469052172E-02, 0.1045134619216E-02,-0.1781399944634E-02, 0.4691675881090E-02, 0.3046677875687E-03,-0.1592612077662E-02
-0.2305390222108E-02, 0.3339659895921E-02,-0.5907971743873E-03,-0.3007195564538E-02, 0.9353521889255E-03,-0.1880648294225E-02, 0.4481716272454E-02, 0.1695820414846E-03,-0.1661007894606E-02
-0.2481592500090E-02, 0.3091900721384E-02,-0.7232134357094E-03,-0.3261494962004E-02, 0.7061533194036E-03,-0.2003412303654E-02, 0.4230426986531E-02,-0.1070135648679E-03,-0.1843552277711E-02
-0.1163147811696E-02, 0.4824777151157E-02, 0.7447578908056E-03,-0.2098947436666E-02, 0.2218225724694E-02,-0.7016004375751E-03, 0.6035756506393E-02, 0.1430274432776E-02,-0.5432379088606E-03
-0.1380375445925E-02, 0.4542468118358E-02, 0.4995638060153E-03,-0.2054493192705E-02, 0.2061927831549E-02,-0.9523287244143E-03, 0.5748942594470E-02, 0.1198069055616E-02,-0.7583430221938E-03
-0.1594273117288E-02, 0.4249416962032E-02, 0.2361133537255E-03,-0.2235270765007E-02, 0.1895720633762E-02,-0.1117108906185E-02, 0.5471470263467E-02, 0.9498650599987E-03,-0.9900911033386E-03
-0.1777893010715E-02, 0.3976074293488E-02,-0.1354562484523E-04,-0.2501732057695E-02, 0.1711109804641E-02,-0.1244720673490E-02, 0.5228824271474E-02, 0.7222100187936E-03,-0.1206601391690E-02
-0.1776653840482E-02, 0.3998576460461E-02,-0.7406959285889E-05,-0.2506997924243E-02, 0.1715962362732E-02,-0.1213709809740E-02, 0.5267038942232E-02, 0.7227555638695E-03,-0.1217079519585E-02
-0.1946508203484E-02, 0.3610316864970E-02,-0.3432977959547E-03,-0.2733513420722E-02, 0.1252699945626E-02,-0.1583557727104E-02, 0.4949950336878E-02, 0.4747370911005E-03,-0.1466385547587E-02
-0.2067579275921E-02, 0.3542264174043E-02,-0.4089495448909E-03,-0.2789633132290E-02, 0.1169098865644E-02,-0.1688276789051E-02, 0.4774189437434E-02, 0.4048388359448E-03,-0.1497997818312E-02
-0.2215705046518E-02, 0.3429786046385E-02,-0.4810034212130E-03,-0.2906566034156E-02, 0.1058894072260E-02,-0.1788041769031E-02, 0.4564466434137E-02, 0.2695436302820E-03,-0.1566743965860E-02
-0.2392794800869E-02, 0.3182150392781E-02,-0.6138731887694E-03,-0.3159807504020E-02, 0.8293308556619E-03,-0.1911486837995E-02, 0.4313471715168E-02,-0.7115343113701E-05,-0.1749614301460E-02
-0.1692661215763E-02, 0.5302491670035E-02, 0.6291294480174E-03,-0.2730048089096E-02, 0.2433033603586E-02,-0.1038747407302E-02, 0.6707241702695E-02, 0.1532126331148E-02,-0.9581367907725E-03
-0.1912245338179E-02, 0.4997442525691E-02, 0.3693287559346E-03,-0.2679079384468E-02, 0.2264343554942E-02,-0.1295100853754E-02, 0.6395271960578E-02, 0.1286113182873E-02,-0.1181609452871E-02
-0.2124561121698E-02, 0.4685482898467E-02, 0.9674108846258E-04,-0.2854869202525E-02, 0.2088954763977E-02,-0.1460928564260E-02, 0.6096822853468E-02, 0.1027099609054E-02,-0.1419070104034E-02
-0.2304436171749E-02, 0.4396470466264E-02,-0.1585084214486E-03,-0.3117146576381E-02, 0.1896553911719E-02,-0.1587571666283E-02, 0.5836956675575E-02, 0.7911451902624E-03,-0.1639182071171E-02
-0.2300549195259E-02, 0.4422482390199E-02,-0.1491671597770E-03,-0.3120504539429E-02, 0.1904627512283E-02,-0.1553205865100E-02, 0.5878660380501E-02, 0.7948389695385E-03,-0.1647822014192E-02
-0.2466174493167E-02, 0.4006717898512E-02,-0.4964924367887E-03,-0.3340080123945E-02, 0.1419462747432E-02,-0.1928668554740E-02, 0.5533222284271E-02, 0.5326521400462E-03,-0.1902013261008E-02
-0.2586187317578E-02, 0.3932119608491E-02,-0.5637864941762E-03,-0.3392292048697E-02, 0.1331459714574E-02,-0.2033913127529E-02, 0.5346091534857E-02, 0.4593052034044E-03,-0.1933044127211E-02
-0.2732982657657E-02, 0.3811896024991E-02,-0.6372844746323E-03,-0.3506951105939E-02, 0.1216437531769E-02,-0.2133601267297E-02, 0.5123923106909E-02, 0.3191717153386E-03,-0.2001636360558E-02
-0.2907075568306E-02, 0.3551689180974E-02,-0.7724882955998E-03,-0.3760520069556E-02, 0.9788605619127E-03,-0.2256217585003E-02, 0.4858070518410E-02, 0.3421196804755E-04,-0.2186153350768E-02
-0.1559212219217E-02, 0.5412225099914E-02, 0.7514215012697E-03,-0.2607935802579E-02, 0.2554079061635E-02,-0.8989834955336E-03, 0.6795948108015E-02, 0.1570545692913E-02,-0.9246358611237E-03
-0.1779733075532E-02, 0.5108434568382E-02, 0.4916297748098E-03,-0.2558485032563E-02, 0.2385454671855E-02,-0.1156104456803E-02, 0.6485580382908E-02, 0.1325181615626E-02,-0.1147734903158E-02
-0.1993570950487E-02, 0.4797251303292E-02, 0.2186255880569E-03,-0.2736092924248E-02, 0.2209715245414E-02,-0.1323126161063E-02, 0.6188289051275E-02, 0.1066425318510E-02,-0.1385178699453E-02
-0.2175205215442E-02, 0.4508657457322E-02,-0.3728425084970E-04,-0.3000243303550E-02, 0.2016793095648E-02,-0.1451122108367E-02, 0.5929204394263E-02, 0.8304699495192E-03,-0.1605493383540E-02
-0.2171292260349E-02, 0.4534950373057E-02,-0.2784395119314E-04,-0.3003584246419E-02, 0.2025083419143E-02,-0.1416702668879E-02, 0.5971285320934E-02, 0.8342996626078E-03,-0.1614084441732E-02
-0.2339780400809E-02, 0.4119166633439E-02,-0.3765936525655E-03,-0.3226106828670E-02, 0.1539129879486E-02,-0.1794330732314E-02, 0.5626176228682E-02, 0.5717345877399E-03,-0.1868839949221E-02
-0.2460678677691E-02, 0.4044423566547E-02,-0.4444725593379E-03,-0.3279508046605E-02, 0.1450700259484E-02,-0.1900357323665E-02, 0.5439404829629E-02, 0.4982621264777E-03,-0.1900195439517E-02
-0.2608528171752E-02, 0.3924025130876E-02,-0.5186870108952E-03,-0.3394926991646E-02, 0.1335146652186E-02,-0.2000986743171E-02, 0.5217582054297E-02, 0.3579958768530E-03,-0.1969138096448E-02
-0.2784236953776E-02, 0.3663728627319E-02,-0.6548765628688E-03,-0.3648642231437E-02, 0.1096925073084E-02,-0.2124959972261E-02, 0.4952048028610E-02, 0.7289288778008E-04,-0.2154017191263E-02
-0.1406585852708E-02, 0.5542137335327E-02, 0.8916483206537E-03,-0.2468296655361E-02, 0.2682094116657E-02,-0.7782506924684E-03, 0.6880002802651E-02, 0.1662332894121E-02,-0.8091480255862E-03
-0.1627896078081E-02, 0.5240132988881E-02, 0.6321840891787E-03,-0.2420296756742E-02, 0.2513901124404E-02,-0.1035666321226E-02, 0.6571708505616E-02, 0.1417869473919E-02,-0.1031852483059E-02
-0.1843164441406E-02, 0.4930168684589E-02, 0.3590814282039E-03,-0.2599707806447E-02, 0.2338098916931E-02,-0.1203521593388E-02, 0.6275936347443E-02, 0.1159561965853E-02,-0.1269358668749E-02
-0.2026510767286E-02, 0.4642332601212E-02, 0.1027827877204E-03,-0.2865752232708E-02, 0.2144869701188E-02,-0.1332589226512E-02, 0.6017888223657E-02, 0.9237188033455E-03,-0.1490041829655E-02
-0.2022566599945E-02, 0.4668966060629E-02, 0.1123279724147E-03,-0.2869072809546E-02, 0.2153410206084E-02,-0.1298140786440E-02, 0.6060373263434E-02, 0.9277024704635E-03,-0.1498558112165E-02
-0.2193916605125E-02, 0.4253397812257E-02,-0.2376326318075E-03,-0.3094630927830E-02, 0.1666859072696E-02,-0.1677452445874E-02, 0.5715771661335E-02, 0.6646592487043E-03,-0.1754440065108E-02
-0.2315791619847E-02, 0.4178529038830E-02,-0.3060913136413E-03,-0.3149329768453E-02, 0.1578023635618E-02,-0.1784132032330E-02, 0.5529409052956E-02, 0.5909396433178E-03,-0.1786335235892E-02
-0.2464798404164E-02, 0.4057984563636E-02,-0.3810092424943E-03,-0.3265426027234E-02, 0.1461959675525E-02,-0.1885570486225E-02, 0.5307962195710E-02, 0.4504292975820E-03,-0.1855885613562E-02
-0.2642199737371E-02, 0.3797708299827E-02,-0.5181053675962E-03,-0.3518838021261E-02, 0.1223160861576E-02,-0.2010712969754E-02, 0.5042770066556E-02, 0.1651300702677E-03,-0.2041484576757E-02
-0.1255947283281E-02, 0.5671491249889E-02, 0.1027144537673E-02,-0.2333324772623E-02, 0.2799686042330E-02,-0.6759660057102E-03, 0.6962146380496E-02, 0.1780017610344E-02,-0.6639457704201E-03
-0.1477871464870E-02, 0.5371444076490E-02, 0.7682059160009E-03,-0.2286605282578E-02, 0.2632120746207E-02,-0.9333804855920E-03, 0.6656045691416E-02, 0.1536529718641E-02,-0.8862233575467E-03
-0.1694367639067E-02, 0.5062888958013E-02, 0.4952372173195E-03,-0.2467615988920E-02, 0.2456461790234E-02,-0.1101788362185E-02, 0.6361922015764E-02, 0.1278758845077E-02,-0.1123766668438E-02
-0.1879226189814E-02, 0.4775987558243E-02, 0.2387772802550E-03,-0.2735352062726E-02, 0.2263115550132E-02,-0.1231670424481E-02, 0.6105023107155E-02, 0.1043100999978E-02,-0.1344813756643E-02
-0.1875251560116E-02, 0.4802952000062E-02, 0.2484170043381E-03,-0.2738652300496E-02, 0.2271894494559E-02,-0.1197211631040E-02, 0.6147873811003E-02, 0.1047230560638E-02,-0.1353247710942E-02
-0.2049191956727E-02, 0.4387792569973E-02,-0.1024609545184E-03,-0.2966980997034E-02, 0.1784986720419E-02,-0.1577780262152E-02, 0.5803890605535E-02, 0.7837084364760E-03,-0.1610371479184E-02
-0.2171997895811E-02, 0.4312832766740E-02,-0.1714284383505E-03,-0.3022899604894E-02, 0.1695812490184E-02,-0.1684985619936E-02, 0.5617949046647E-02, 0.7096911212885E-03,-0.1642854460061E-02
-0.2322103213225E-02, 0.4192193571973E-02,-0.2469609891030E-03,-0.3139574942597E-02, 0.1579320535627E-02,-0.1787089622927E-02, 0.5396899100781E-02, 0.5688982038761E-03,-0.1713069833679E-02
-0.2501070914900E-02, 0.3932046596569E-02,-0.3848082237438E-03,-0.3392522487171E-02, 0.1340077471199E-02,-0.1913191035556E-02, 0.5132097131746E-02, 0.2834084992888E-03,-0.1899464834787E-02
-0.1247500602453E-02, 0.5660860368497E-02, 0.1031466578438E-02,-0.2320422741623E-02, 0.2791672342534E-02,-0.6807254151003E-03, 0.6939121702449E-02, 0.1784710049240E-02,-0.6497850529312E-03
-0.1469492976540E-02, 0.5361022686015E-02, 0.7725804789615E-03,-0.2273847866936E-02, 0.2624153599441E-02,-0.9381009566840E-03, 0.6633282970908E-02, 0.1541250826390E-02,-0.8720569709646E-03
-0.1686087972840E-02, 0.5052839773271E-02, 0.4996663370108E-03,-0.2455010267839E-02, 0.2448643170062E-02,-0.1106510037363E-02, 0.6339592097405E-02, 0.1283560823806E-02,-0.1109626263983E-02
-0.1871050893347E-02, 0.4766393856574E-02, 0.2432672027172E-03,-0.2722890525770E-02, 0.2255518648486E-02,-0.1236396445574E-02, 0.6083224787079E-02, 0.1048013814366E-02,-0.1330716270746E-02
-0.1867113914329E-02, 0.4793020488340E-02, 0.2528076951418E-03,-0.2726211876082E-02, 0.2264074546498E-02,-0.1202001670745E-02, 0.6125765925662E-02, 0.1052013211623E-02,-0.1339171509726E-02
-0.2041141714950E-02, 0.4379041916560E-02,-0.9781384237419E-04,-0.2954726938478E-02, 0.1777937705090E-02,-0.1582376398348E-02, 0.5783163676511E-02, 0.7888438664157E-03,-0.1596351780555E-02
-0.2163962410834E-02, 0.4304341344669E-02,-0.1667231045443E-03,-0.3010738173382E-02, 0.1688944213051E-02,-0.1689517049303E-02, 0.5597570579924E-02, 0.7149150908504E-03,-0.1628861337231E-02
-0.2314086811245E-02, 0.4184052997865E-02,-0.2421841507870E-03,-0.3127438117682E-02, 0.1572682260336E-02,-0.1791558979754E-02, 0.5376968640801E-02, 0.5742521506743E-03,-0.1699106974036E-02
-0.2493105052037E-02, 0.3924498345905E-02,-0.3799264493446E-03,-0.3380296789151E-02, 0.1333802011609E-02,-0.1917602812038E-02, 0.5112882497892E-02, 0.2889763232245E-03,-0.1885544850179E-02
-0.1045294203842E-02, 0.5845575610908E-02, 0.1193283690630E-02,-0.2166159301312E-02, 0.2934029600345E-02,-0.5244090115285E-03, 0.7131662561391E-02, 0.1983198290122E-02,-0.4934879462418E-03
-0.1267807867344E-02, 0.5548529410245E-02, 0.9355089748430E-03,-0.2121075641494E-02, 0.2767630832050E-02,-0.7816418684309E-03, 0.6828904703157E-02, 0.1741179210929E-02,-0.7147696501775E-03
-0.1485707333060E-02, 0.5242353843871E-02, 0.6631630761194E-03,-0.2303920813872E-02, 0.2592549189030E-02,-0.9506299129979E-03, 0.6537537564029E-02, 0.1484330475147E-02,-0.9518933850668E-03
-0.1672380097065E-02, 0.4957203552951E-02, 0.4068869711904E-03,-0.2573539220829E-02, 0.2399442265406E-02,-0.1081464674940E-02, 0.6282705810059E-02, 0.1249102414607E-02,-0.1172973441759E-02
-0.1668370726461E-02, 0.4984524823102E-02, 0.4166199662981E-03,-0.2576812352613E-02, 0.2408482061921E-02,-0.1047017154393E-02, 0.6325911133369E-02, 0.1253395258069E-02,-0.1181293435327E-02
-0.1845595504244E-02, 0.4570597362131E-02, 0.6510804963848E-04,-0.2808473348010E-02, 0.1921782952830E-02,-0.1429040469787E-02, 0.5983227121801E-02, 0.9893096465884E-03,-0.1439459683952E-02
-0.1969577456229E-02, 0.4495621955047E-02,-0.4400524043427E-05,-0.2865853184163E-02, 0.1832317223447E-02,-0.1536922897623E-02, 0.5798015712357E-02, 0.9148294300761E-03,-0.1472594966690E-02
-0.2121055994616E-02, 0.4375037310186E-02,-0.8059230604315E-04,-0.2983329332218E-02, 0.1715461501486E-02,-0.1639882583140E-02, 0.5577785480439E-02, 0.7736473785618E-03,-0.1543512070029E-02
-0.2301966435012E-02, 0.4115472655051E-02,-0.2191701461461E-03,-0.3236017639817E-02, 0.1475991329062E-02,-0.1767180204393E-02, 0.5314008341851E-02, 0.4880290320459E-03,-0.1730601278599E-02
-0.9848662142942E-03, 0.5884405317036E-02, 0.1231313392121E-02,-0.2126259278962E-02, 0.2986086346394E-02,-0.4465817489602E-03, 0.7188138416834E-02, 0.2026277239524E-02,-0.4512052070977E-03
-0.1207414443813E-02, 0.5588411479378E-02, 0.9741177402869E-03,-0.2081612524369E-02, 0.2820083327053E-02,-0.7038761202992E-03, 0.6886545563804E-02, 0.1784887232023E-02,-0.6720092543124E-03
-0.1425577433800E-02, 0.5283166804902E-02, 0.7021815073225E-03,-0.2264824556452E-02, 0.2645287887876E-02,-0.8730960809858E-03, 0.6596234703939E-02, 0.1528543535494E-02,-0.9088046281068E-03
-0.1612646440911E-02, 0.4998778963022E-02, 0.4461656825487E-03,-0.2534780496369E-02, 0.2452398112718E-02,-0.1004254578628E-02, 0.6342265984259E-02, 0.1293676735297E-02,-0.1129696715171E-02
-0.1608633892949E-02, 0.5026140946087E-02, 0.4559017793422E-03,-0.2538046886358E-02, 0.2461470386277E-02,-0.9698073436367E-03, 0.6385522177924E-02, 0.1297988744011E-02,-0.1137982614971E-02
-0.1786667533132E-02, 0.4613004454715E-02, 0.1045392148546E-03,-0.2770464584347E-02, 0.1975127889869E-02,-0.1352438975208E-02, 0.6043595553540E-02, 0.1034096165346E-02,-0.1396192575872E-02
-0.1910931092773E-02, 0.4538123177550E-02, 0.3495710261047E-04,-0.2828164074576E-02, 0.1885599854384E-02,-0.1460613090738E-02, 0.5858694989833E-02, 0.9595857551094E-03,-0.1429465222246E-02
-0.2062733859874E-02, 0.4417686851603E-02,-0.4132962769493E-04,-0.2945896138751E-02, 0.1768690297337E-02,-0.1563912191999E-02, 0.5638849974271E-02, 0.8184305140071E-03,-0.1500510062380E-02
-0.2244103733266E-02, 0.4158526201794E-02,-0.1799650004090E-03,-0.3198756484213E-02, 0.1529309539588E-02,-0.1691639059668E-02, 0.5375634842137E-02, 0.5330068815199E-03,-0.1687643883584E-02
-0.9201936933157E-03, 0.5931131710474E-02, 0.1287279893258E-02,-0.2069462969628E-02, 0.3061196443913E-02,-0.3618548633042E-03, 0.7246618446661E-02, 0.2078815418715E-02,-0.3974451263055E-03
-0.1142720941859E-02, 0.5636373718799E-02, 0.1030681190161E-02,-0.2025316487838E-02, 0.2895634893224E-02,-0.6191497965640E-03, 0.6946379398816E-02, 0.1838185965631E-02,-0.6176823268336E-03
-0.1361129953732E-02, 0.5332178368545E-02, 0.7591884241469E-03,-0.2209009768822E-02, 0.2721133825004E-02,-0.7885789427363E-03, 0.6657240479931E-02, 0.1582440123915E-02,-0.8540930339323E-03
-0.1548604506972E-02, 0.5048618321330E-02, 0.5034587844282E-03,-0.2479439065351E-02, 0.2528443363975E-02,-0.9200641283458E-03, 0.6404193333959E-02, 0.1347990202666E-02,-0.1074771191889E-02
-0.1544585544601E-02, 0.5076087628341E-02, 0.5132147783492E-03,-0.2482692429680E-02, 0.2537589322962E-02,-0.8856120214410E-03, 0.6447572723121E-02, 0.1352344942765E-02,-0.1083013666398E-02
-0.1723485349694E-02, 0.4663694782487E-02, 0.1619176407304E-03,-0.2716090716133E-02, 0.2051494762366E-02,-0.1268889923975E-02, 0.6106340936567E-02, 0.1088627357964E-02,-0.1341305637524E-02
-0.1848050909319E-02, 0.4588890428436E-02, 0.9220563185244E-04,-0.2774251794015E-02, 0.1961832477170E-02,-0.1377382884045E-02, 0.5921751339720E-02, 0.1014063082548E-02,-0.1374747175485E-02
-0.2000204002177E-02, 0.4468574090746E-02, 0.1576308414872E-04,-0.2892188191762E-02, 0.1844789367968E-02,-0.1481054967151E-02, 0.5702271824626E-02, 0.8729121645960E-03,-0.1445954573492E-02
-0.2182072709063E-02, 0.4209783074002E-02,-0.1229871879854E-03,-0.3144813773026E-02, 0.1605423808953E-02,-0.1609250484442E-02, 0.5439566651674E-02, 0.5876760487399E-03,-0.1633165069005E-02
-0.8256439672470E-03, 0.6015783543896E-02, 0.1397155731269E-02,-0.1961256801420E-02, 0.3184207422984E-02,-0.2660780199834E-03, 0.7322746899163E-02, 0.2177162945279E-02,-0.3021266111567E-03
-0.1048183115052E-02, 0.5722806555094E-02, 0.1141186719777E-02,-0.1917911990638E-02, 0.3019261107898E-02,-0.5231906852984E-03, 0.7024445261580E-02, 0.1937576808667E-02,-0.5216307401215E-03
-0.1267026580381E-02, 0.5419997227709E-02, 0.8701474399068E-03,-0.2102561888274E-02, 0.2845069929401E-02,-0.6928183222805E-03, 0.6736841686179E-02, 0.1682569263812E-02,-0.7576175322693E-03
-0.1455178391796E-02, 0.5137435882694E-02, 0.6146651367744E-03,-0.2374004049613E-02, 0.2652498827298E-02,-0.8247116693866E-03, 0.6484903829409E-02, 0.1448560370033E-02,-0.9781385589629E-03
-0.1451140253634E-02, 0.5165197933583E-02, 0.6244921867593E-03,-0.2377229985923E-02, 0.2661839560885E-02,-0.7902483404428E-03, 0.6528596202755E-02, 0.1453030320328E-02,-0.9863098347220E-03
-0.1631423167122E-02, 0.4753378423582E-02, 0.2728804411920E-03,-0.2612455384528E-02, 0.2175676611498E-02,-0.1174298447798E-02, 0.6187895897546E-02, 0.1189218772988E-02,-0.1244989601438E-02
-0.1756479612700E-02, 0.4678569914814E-02, 0.2028414058734E-03,-0.2671531913860E-02, 0.2085712453537E-02,-0.1283181200552E-02, 0.6003644594016E-02, 0.1114458578875E-02,-0.1278749598553E-02
-0.1909209892028E-02, 0.4558263464750E-02, 0.1260191862002E-03,-0.2789654620244E-02, 0.1968332263000E-02,-0.1387329218940E-02, 0.5784508396894E-02, 0.9731619426350E-03,-0.1350292055349E-02
-0.2091902351461E-02, 0.4299725507024E-02,-0.1310026232946E-04,-0.3041182705534E-02, 0.1728750540487E-02,-0.1516146770410E-02, 0.5522197304786E-02, 0.6879712304678E-03,-0.1537786578649E-02
-0.1253003641264E-02, 0.6627946957759E-02, 0.1399537556176E-02,-0.2503272581973E-02, 0.3523738144361E-02,-0.4976171380877E-03,-0.1926232423815E-02, 0.2396833475537E-02,-0.6229500776230E-03
-0.1479581561794E-02, 0.6309174620398E-02, 0.1126191178831E-02,-0.2454479664617E-02, 0.3343729708112E-02,-0.7622016716697E-03,-0.2162157865302E-02, 0.2141525184233E-02,-0.8519086439320E-03
-0.1698459617786E-02, 0.5984426939511E-02, 0.8438468657196E-03,-0.2635363833596E-02, 0.3157869478464E-02,-0.9344597594671E-03,-0.2343509343299E-02, 0.1873860409379E-02,-0.1094612176307E-02
-0.1884359479349E-02, 0.5683350067848E-02, 0.5810165671918E-03,-0.2903843082273E-02, 0.2955195150222E-02,-0.1066791408133E-02,-0.2482255369076E-02, 0.1629842512743E-02,-0.1319669791966E-02
-0.1877356503840E-02, 0.5714406140991E-02, 0.5942377274330E-03,-0.2904864202307E-02, 0.2967707688602E-02,-0.1028648076317E-02,-0.2459445511719E-02, 0.1637586092324E-02,-0.1325662379476E-02
-0.2056111299639E-02, 0.5270793363181E-02, 0.2279458152859E-03,-0.3135258792174E-02, 0.2455554977181E-02,-0.1421275414684E-02,-0.2679805109047E-02, 0.1356760801194E-02,-0.1591283742006E-02
-0.2181071281064E-02, 0.5188107944466E-02, 0.1552167283397E-03,-0.3191486404316E-02, 0.2359949185784E-02,-0.1531630656776E-02,-0.2819377816597E-02, 0.1277552558264E-02,-0.1625116525575E-02
-0.2333535695524E-02, 0.5058544725741E-02, 0.7583580696324E-04,-0.3306717779767E-02, 0.2236381846984E-02,-0.1636695855730E-02,-0.2941594793987E-02, 0.1130251195702E-02,-0.1697231131966E-02
-0.2514590832155E-02, 0.4785148890190E-02,-0.6708896916948E-04,-0.3554945862412E-02, 0.1986774652668E-02,-0.1765946859783E-02,-0.3013040324817E-02, 0.8351205673577E-03,-0.1887326024019E-02
-0.1120321436412E-02, 0.6733094278515E-02, 0.1519562553097E-02,-0.2380537712154E-02, 0.3641611804045E-02,-0.3588460597216E-03,-0.1817043408200E-02, 0.2433530709559E-02,-0.5897937285909E-03
-0.1347686064034E-02, 0.6415939717254E-02, 0.1246459924264E-02,-0.2333200134569E-02, 0.3461948958586E-02,-0.6240108953140E-03,-0.2053683613703E-02, 0.2179026751371E-02,-0.8183154738845E-03
-0.1567936794302E-02, 0.6092330014276E-02, 0.9639238851150E-03,-0.2515816368776E-02, 0.3276010469750E-02,-0.7973077308733E-03,-0.2236179314311E-02, 0.1911773337041E-02,-0.1060943515174E-02
-0.1755459401701E-02, 0.5792015205371E-02, 0.7006377414260E-03,-0.2786079665451E-02, 0.3073072348698E-02,-0.9308587320724E-03,-0.2376240737994E-02, 0.1667897600497E-02,-0.1286150739519E-02
-0.1748420584388E-02, 0.5823444453594E-02, 0.7139806517808E-03,-0.2787075588054E-02, 0.3085847161028E-02,-0.8926561093830E-03,-0.2353406160617E-02, 0.1675806618568E-02,-0.1292086245178E-02
-0.1929863345825E-02, 0.5380270412933E-02, 0.3465483635388E-03,-0.3020320448911E-02, 0.2573301254601E-02,-0.1287211894081E-02,-0.2575901666460E-02, 0.1394787696492E-02,-0.1558194285608E-02
-0.2055637906416E-02, 0.5297563032248E-02, 0.2733270482509E-03,-0.3077697021720E-02, 0.2477381141298E-02,-0.1398271549593E-02,-0.2716211014277E-02, 0.1315526096556E-02,-0.1592316809042E-02
-0.2209078064924E-02, 0.5167971792933E-02, 0.1933281326977E-03,-0.3193677984461E-02, 0.2353410504768E-02,-0.1504200113896E-02,-0.2839308743290E-02, 0.1168166080907E-02,-0.1664748186013E-02
-0.2391646725522E-02, 0.4894751293251E-02, 0.4955672985248E-04,-0.3442088539043E-02, 0.2103368735717E-02,-0.1634707731328E-02,-0.2912046697605E-02, 0.8729871617235E-03,-0.1855169681479E-02
-0.9679732707457E-03, 0.6858390254264E-02, 0.1657728598057E-02,-0.2239921630826E-02, 0.3766831934905E-02,-0.2387187255502E-03,-0.1717765734244E-02, 0.2523427257289E-02,-0.4741475179523E-03
-0.1195952907505E-02, 0.6543417191614E-02, 0.1385211751994E-02,-0.2193960129279E-02, 0.3587913492669E-02,-0.5039916752474E-03,-0.1954732278021E-02, 0.2270025980539E-02,-0.7021838893345E-03
-0.1417459878867E-02, 0.6221435888221E-02, 0.1102823464565E-02,-0.2378273768001E-02, 0.3402202790118E-02,-0.6779609666667E-03,-0.2138062158477E-02, 0.2003421846121E-02,-0.9447804241311E-03
-0.1606536465272E-02, 0.5922263521746E-02, 0.8393711506769E-03,-0.2650321316393E-02, 0.3199223717164E-02,-0.8124444674586E-03,-0.2279196538223E-02, 0.1759841749326E-02,-0.1170268055793E-02
-0.1599456153961E-02, 0.5954094995193E-02, 0.8528470880615E-03,-0.2651292838072E-02, 0.3212313095523E-02,-0.7742015678188E-03,-0.2256353954710E-02, 0.1767943772870E-02,-0.1176121990040E-02
-0.1783567604981E-02, 0.5511614310196E-02, 0.4845041031544E-03,-0.2887453219774E-02, 0.2699556019692E-02,-0.1170225567762E-02,-0.2480643446039E-02, 0.1486661249773E-02,-0.1443240343516E-02
-0.1910243042956E-02, 0.5428923675224E-02, 0.4107995431230E-03,-0.2946085717846E-02, 0.2603345428629E-02,-0.1281868267390E-02,-0.2621557248710E-02, 0.1407234905651E-02,-0.1477871363250E-02
-0.2064755343676E-02, 0.5299353180100E-02, 0.3301985808079E-03,-0.3062726170342E-02, 0.2478991990490E-02,-0.1388534631526E-02,-0.2745412162276E-02, 0.1259727022392E-02,-0.1550871927950E-02
-0.2248902220137E-02, 0.5026425944310E-02, 0.1856644326313E-03,-0.3310847269886E-02, 0.2228576941131E-02,-0.1520116333813E-02,-0.2819318845527E-02, 0.9644944928184E-03,-0.1741946758406E-02
-0.8173441903889E-03, 0.6983450982410E-02, 0.1791451664561E-02,-0.2103878760381E-02, 0.3882078405377E-02,-0.1367963381511E-03,-0.1623531654650E-02, 0.2639210215437E-02,-0.3285378930009E-03
-0.1045764465849E-02, 0.6670818838988E-02, 0.1519708564044E-02,-0.2059121683662E-02, 0.3704091241480E-02,-0.4018959538278E-03,-0.1860630886125E-02, 0.2386997901479E-02,-0.5560502697430E-03
-0.1268325005110E-02, 0.6350650194061E-02, 0.1237691187296E-02,-0.2244927593391E-02, 0.3518801371469E-02,-0.5762651675771E-03,-0.2044588241810E-02, 0.2121144782617E-02,-0.7985800738211E-03
-0.1458755782596E-02, 0.6052789898447E-02, 0.9742916228461E-03,-0.2518555496360E-02, 0.3315955740501E-02,-0.7114304008729E-03,-0.2186600115181E-02, 0.1877946137630E-02,-0.1024333208999E-02
-0.1451636566998E-02, 0.6084991821664E-02, 0.9878893373769E-03,-0.2519505685526E-02, 0.3329349614414E-02,-0.6731653554031E-03,-0.2163749513574E-02, 0.1886233199922E-02,-0.1030100482276E-02
-0.1638147949939E-02, 0.5643373758430E-02, 0.6189142849670E-03,-0.2758313309177E-02, 0.2816584976328E-02,-0.1070254612000E-02,-0.2389572988899E-02, 0.1604693384396E-02,-0.1298333087708E-02
-0.1765681069027E-02, 0.5560734009826E-02, 0.5447915742568E-03,-0.2818126188502E-02, 0.2720143055991E-02,-0.1182361758551E-02,-0.2531010868020E-02, 0.1525052091132E-02,-0.1333524619509E-02
-0.1921208859921E-02, 0.5431234423909E-02, 0.4636711161146E-03,-0.2935324956640E-02, 0.2595478505268E-02,-0.1289630348942E-02,-0.2655530784523E-02, 0.1377365524752E-02,-0.1407151871196E-02
-0.2106808808767E-02, 0.5158695961993E-02, 0.3185216208518E-03,-0.3182982043745E-02, 0.2344802620492E-02,-0.1422083945560E-02,-0.2730468545317E-02, 0.1082107188744E-02,-0.1598945836459E-02
-0.8106263833236E-03, 0.6969401881488E-02, 0.1793338390708E-02,-0.2092227225179E-02, 0.3871143381917E-02,-0.1434480892272E-03,-0.1620470357831E-02, 0.2641273704595E-02,-0.3158485801650E-03
-0.1039105639774E-02, 0.6657043588776E-02, 0.1521686640591E-02,-0.2047618154317E-02, 0.3693248051382E-02,-0.4085020405625E-03,-0.1857530602773E-02, 0.2389119229785E-02,-0.5433556138555E-03
-0.1261743367067E-02, 0.6337340337190E-02, 0.1239773892024E-02,-0.2233565874133E-02, 0.3508181747633E-02,-0.5828512136990E-03,-0.2041502910765E-02, 0.2123402203010E-02,-0.7858997961773E-03
-0.1452250044027E-02, 0.6040051169276E-02, 0.9764904668169E-03,-0.2507321116498E-02, 0.3305646967612E-02,-0.7179911287948E-03,-0.2183554648764E-02, 0.1880381246794E-02,-0.1011677157362E-02
-0.1445184318632E-02, 0.6071929129418E-02, 0.9899536686986E-03,-0.2508294726164E-02, 0.3318760764917E-02,-0.6798112801573E-03,-0.2160737869486E-02, 0.1888495177698E-02,-0.1017473351762E-02
-0.1631712162238E-02, 0.5631751254645E-02, 0.6213728737189E-03,-0.2747257096361E-02, 0.2806981966515E-02,-0.1076625265498E-02,-0.2386565882608E-02, 0.1607462036132E-02,-0.1285715537249E-02
-0.1759235328845E-02, 0.5549403889602E-02, 0.5473429408266E-03,-0.2807139969177E-02, 0.2710765997382E-02,-0.1188644205846E-02,-0.2527988549511E-02, 0.1527947499327E-02,-0.1320922284556E-02
-0.1914752312488E-02, 0.5420309050749E-02, 0.4663371765621E-03,-0.2924363617342E-02, 0.2586392443489E-02,-0.1295821708457E-02,-0.2652512791136E-02, 0.1380443749249E-02,-0.1394563039490E-02
-0.2100362422191E-02, 0.5148504836595E-02, 0.3213592755679E-03,-0.3171976180924E-02, 0.2336184850555E-02,-0.1428175759028E-02,-0.2727506263533E-02, 0.1085486341680E-02,-0.1586369529087E-02
-0.6067834701041E-03, 0.7151331085503E-02, 0.1955232756209E-02,-0.1935330341713E-02, 0.4013369838914E-02, 0.1418878602029E-04,-0.1430723289357E-02, 0.2839183749816E-02,-0.1575341893356E-03
-0.8355512217116E-03, 0.6842241834820E-02, 0.1684984749205E-02,-0.1892097611109E-02, 0.3836958107769E-02,-0.2504827763618E-03,-0.1668286045162E-02, 0.2588759937642E-02,-0.3839224432794E-03
-0.1059265917155E-02, 0.6525026632294E-02, 0.1403913395509E-02,-0.2079590771135E-02, 0.3652637044716E-02,-0.4252092676677E-03,-0.1853291590035E-02, 0.2324169321845E-02,-0.6258962779722E-03
-0.1251281628644E-02, 0.6229456358725E-02, 0.1140993067546E-02,-0.2354951288420E-02, 0.3450387691317E-02,-0.5611300081098E-03,-0.1996659980963E-02, 0.2081720346264E-02,-0.8515528990441E-03
-0.1244125341224E-02, 0.6262060552730E-02, 0.1154710479518E-02,-0.2355877105406E-02, 0.3464110894679E-02,-0.5228715331314E-03,-0.1973726403922E-02, 0.2090211451043E-02,-0.8572091817275E-03
-0.1433632388597E-02, 0.5822334121650E-02, 0.7855029785216E-03,-0.2597840261276E-02, 0.2952028279721E-02,-0.9211115172522E-03,-0.2202165528928E-02, 0.1808481091112E-02,-0.1126303322845E-02
-0.1562233303128E-02, 0.5739880299636E-02, 0.7109636905128E-03,-0.2659057236633E-02, 0.2855442363660E-02,-0.1033802854505E-02,-0.2344617653767E-02, 0.1728504013598E-02,-0.1162104963420E-02
-0.1719009917450E-02, 0.5610678628128E-02, 0.6293183076008E-03,-0.2777024807416E-02, 0.2730575426458E-02,-0.1141829144418E-02,-0.2470316573117E-02, 0.1580601230471E-02,-0.1236378415287E-02
-0.1906381239131E-02, 0.5339114571743E-02, 0.4836343803567E-03,-0.3024419675732E-02, 0.2479919807394E-02,-0.1275341310146E-02,-0.2546847707433E-02, 0.1285507187493E-02,-0.1428764322581E-02
-0.5465384662206E-03, 0.7188178818084E-02, 0.1992423821141E-02,-0.1895172461899E-02, 0.4063965318599E-02, 0.9158834476154E-04,-0.1363861179032E-02, 0.2881247600697E-02,-0.1152068192872E-03
-0.7752682798677E-03, 0.6880308740512E-02, 0.1722851113873E-02,-0.1852340349704E-02, 0.3888086026460E-02,-0.1730461823279E-03,-0.1601504824025E-02, 0.2631541014826E-02,-0.3410805107875E-03
-0.9991684494399E-03, 0.6564190472786E-02, 0.1442286905863E-02,-0.2040156872633E-02, 0.3704194793689E-02,-0.3479200380059E-03,-0.1786759786824E-02, 0.2367553450700E-02,-0.5826856612749E-03
-0.1191506390831E-02, 0.6269538655854E-02, 0.1179717894055E-02,-0.2315811715817E-02, 0.3502301660281E-02,-0.4840896258644E-03,-0.1930477644641E-02, 0.2125560443330E-02,-0.8081151203305E-03
-0.1184351462720E-02, 0.6302227134641E-02, 0.1193438507767E-02,-0.2316734878492E-02, 0.3516064815747E-02,-0.4458415399315E-03,-0.1907510140268E-02, 0.2134073270894E-02,-0.8137425624324E-03
-0.1374565252648E-02, 0.5863492938156E-02, 0.8245122468103E-03,-0.2559395103494E-02, 0.3004549851540E-02,-0.8445416124903E-03,-0.2136708354179E-02, 0.1852660238914E-02,-0.1082818362471E-02
-0.1503411875535E-02, 0.5781192100155E-02, 0.7499386915298E-03,-0.2620912469073E-02, 0.2907956902729E-02,-0.9574822277906E-03,-0.2279467232081E-02, 0.1772691610038E-02,-0.1118741726420E-02
-0.1660470723271E-02, 0.5652210017207E-02, 0.6682429467300E-03,-0.2739125813407E-02, 0.2783101659303E-02,-0.1065803289814E-02,-0.2405518752146E-02, 0.1624865721449E-02,-0.1193123248539E-02
-0.1848242368502E-02, 0.5381174745177E-02, 0.5225687361004E-03,-0.2986694284695E-02, 0.2532645922522E-02,-0.1199682822610E-02,-0.2482510634433E-02, 0.1330048891700E-02,-0.1385520676018E-02
-0.4818146722311E-03, 0.7233153811493E-02, 0.2047678333215E-02,-0.1837811565963E-02, 0.4137633730135E-02, 0.1761267843575E-03,-0.1298410502385E-02, 0.2932981929962E-02,-0.6115553778937E-04
-0.7104412026004E-03, 0.6926705474928E-02, 0.1778815825469E-02,-0.1795439174924E-02, 0.3962357475671E-02,-0.8839854918834E-04,-0.1536023830559E-02, 0.2684137565129E-02,-0.2864170459031E-03
-0.9345010846449E-03, 0.6611814923023E-02, 0.1498808713189E-02,-0.1983683183824E-02, 0.3778923079053E-02,-0.2633885433824E-03,-0.1721461357272E-02, 0.2420855668942E-02,-0.5275893458007E-03
-0.1127164120395E-02, 0.6318152631168E-02, 0.1236631065652E-02,-0.2259756363642E-02, 0.3577385007737E-02,-0.3998038700130E-03,-0.1865491841327E-02, 0.2179380767119E-02,-0.7527591597113E-03
-0.1120005380009E-02, 0.6351012551374E-02, 0.1250376948472E-02,-0.2260671629001E-02, 0.3591245044500E-02,-0.3615581010531E-03,-0.1842495586132E-02, 0.2187946727144E-02,-0.7583479427074E-03
-0.1310978861132E-02, 0.5913194729174E-02, 0.8816604419208E-03,-0.2504241319943E-02, 0.3080215710843E-02,-0.7607532077374E-03,-0.2072406716663E-02, 0.1906830049444E-02,-0.1027438218489E-02
-0.1440091485865E-02, 0.5831039459728E-02, 0.8069996820326E-03,-0.2566200280251E-02, 0.2983549082727E-02,-0.8739694711177E-03,-0.2215445439485E-02, 0.1826847120759E-02,-0.1063514729369E-02
-0.1597458725673E-02, 0.5702251408853E-02, 0.7251953763714E-03,-0.2684602915989E-02, 0.2858632086643E-02,-0.9826184636358E-03,-0.2341831913223E-02, 0.1679076649306E-02,-0.1138038451686E-02
-0.1785668914683E-02, 0.5431694149703E-02, 0.5794775896186E-03,-0.2931923742651E-02, 0.2608317936448E-02,-0.1116903934886E-02,-0.2419286308483E-02, 0.1384531762932E-02,-0.1330476303273E-02
-0.3867353174266E-03, 0.7315897670835E-02, 0.2156893618234E-02,-0.1728287227057E-02, 0.4259204890949E-02, 0.2722047671215E-03,-0.1220658798514E-02, 0.3030601054551E-02, 0.3499982963722E-04
-0.6152500482299E-03, 0.7011501705726E-02, 0.1888838508147E-02,-0.1686658764299E-02, 0.4084782860521E-02, 0.8003399735646E-05,-0.1458122635845E-02, 0.2782961163841E-02,-0.1894549089620E-03
-0.8396203618289E-03, 0.6698257629627E-02, 0.1609458837090E-02,-0.1875772605668E-02, 0.3901879846930E-02,-0.1670637249295E-03,-0.1643763070286E-02, 0.2520578613992E-02,-0.4301274168535E-03
-0.1032848623285E-02, 0.6405822509814E-02, 0.1347686789074E-02,-0.2152767131531E-02, 0.3700665770775E-02,-0.3037838032832E-03,-0.1788206105378E-02, 0.2279689991297E-02,-0.6550701926257E-03
-0.1025667072742E-02, 0.6439064820854E-02, 0.1361524882387E-02,-0.2153660558427E-02, 0.3714784671234E-02,-0.2655226732697E-03,-0.1765186378066E-02, 0.2288404199949E-02,-0.6605898067404E-03
-0.1217888450013E-02, 0.6002007408142E-02, 0.9926942982140E-03,-0.2398951758216E-02, 0.3203984113178E-02,-0.6653316066943E-03,-0.1996003991685E-02, 0.2007340872527E-02,-0.9299765421669E-03
-0.1347446684879E-02, 0.5919954719836E-02, 0.9177666826909E-03,-0.2461800250034E-02, 0.3107094691735E-02,-0.7788910743635E-03,-0.2139375655080E-02, 0.1927215663870E-02,-0.9663528567067E-03
-0.1505339183565E-02, 0.5791280661505E-02, 0.8356459177160E-03,-0.2580362647300E-02, 0.2981930968227E-02,-0.8879680633735E-03,-0.2266184650514E-02, 0.1779370522640E-02,-0.1041186021545E-02
-0.1694297483187E-02, 0.5521091774363E-02, 0.6896528262467E-03,-0.2826546289861E-02, 0.2731561512430E-02,-0.1022807931748E-02,-0.2344272616897E-02, 0.1484990824044E-02,-0.1233857104519E-02
-0.7063616226138E-03,-0.2146292449865E-02, 0.2281575880366E-02,-0.2175840678839E-02, 0.4726165812479E-02, 0.1511427726883E-03,-0.1789168556912E-02, 0.3371414502623E-02,-0.1861779968819E-03
-0.9408152387769E-03,-0.2345957096634E-02, 0.1993160431219E-02,-0.2129998324851E-02, 0.4533807407027E-02,-0.1225874419345E-03,-0.2029912377822E-02, 0.3105984693684E-02,-0.4213153921826E-03
-0.1167051583033E-02,-0.2557978273624E-02, 0.1700112442403E-02,-0.2316759130571E-02, 0.4336551600143E-02,-0.3020457711722E-03,-0.2215181200454E-02, 0.2828941934198E-02,-0.6698562487422E-03
-0.1359715308023E-02,-0.2748563912714E-02, 0.1429062445069E-02,-0.2592198633078E-02, 0.4122746828029E-02,-0.4407638818807E-03,-0.2357285072809E-02, 0.2576192247390E-02,-0.9004097924954E-03
-0.1349284361454E-02,-0.2765054255190E-02, 0.1446433210013E-02,-0.2590606474770E-02, 0.4139964827011E-02,-0.3985262067490E-03,-0.2331980338815E-02, 0.2588234067574E-02,-0.9034449658709E-03
-0.1542903510770E-02,-0.2930260304719E-02, 0.1059478549456E-02,-0.2833415876772E-02, 0.3598884132920E-02,-0.8101061151328E-03,-0.2561238158678E-02, 0.2287196184708E-02,-0.1181991845322E-02
-0.1673427591085E-02,-0.2973988759110E-02, 0.9807360663606E-03,-0.2894582399764E-02, 0.3495019512789E-02,-0.9261710441953E-03,-0.2704280012889E-02, 0.2201565684144E-02,-0.1219112659011E-02
-0.1832229720808E-02,-0.3075816857127E-02, 0.8948645665788E-03,-0.3009664029540E-02, 0.3362219933339E-02,-0.1037244697074E-02,-0.2829947556634E-02, 0.2046478337393E-02,-0.1295275018460E-02
-0.2021053447524E-02,-0.3302879202298E-02, 0.7434925552406E-03,-0.3248818145615E-02, 0.3099750811370E-02,-0.1173886710411E-02,-0.2904677401428E-02, 0.1740407744426E-02,-0.1491595189350E-02
-0.5750113377950E-03,-0.2019080822918E-02, 0.2398808892542E-02,-0.2052906562055E-02, 0.4840410372143E-02, 0.2883981865722E-03,-0.1679197603981E-02, 0.3406110170506E-02,-0.1536297872556E-03
-0.8100729471159E-03,-0.2219740331326E-02, 0.2110902735727E-02,-0.2008437062591E-02, 0.4648712467593E-02, 0.1430517821931E-04,-0.1920595659470E-02, 0.3141657248545E-02,-0.3882523109624E-03
-0.1037503741146E-02,-0.2433325943233E-02, 0.1817917758114E-02,-0.2196819502436E-02, 0.4451679279384E-02,-0.1660103934130E-03,-0.2106955166128E-02, 0.2865197497226E-02,-0.6366433208905E-03
-0.1231627264507E-02,-0.2625698379177E-02, 0.1546643709931E-02,-0.2473929505755E-02, 0.4237890794867E-02,-0.3057913624583E-03,-0.2250328314232E-02, 0.2612749634626E-02,-0.8672785785390E-03
-0.1221147214859E-02,-0.2642166010091E-02, 0.1564162920985E-02,-0.2472301134801E-02, 0.4255416161900E-02,-0.2634861523379E-03,-0.2224998785647E-02, 0.2624992365333E-02,-0.8702426457379E-03
-0.1417246677714E-02,-0.2810246605321E-02, 0.1176387402763E-02,-0.2717834699469E-02, 0.3714367886316E-02,-0.6767208293212E-03,-0.2456324295876E-02, 0.2323964447887E-02,-0.1149184882995E-02
-0.1548501066357E-02,-0.2854979117048E-02, 0.1097257212786E-02,-0.2780097893825E-02, 0.3610316994015E-02,-0.7933999695024E-03,-0.2600074021970E-02, 0.2238360093116E-02,-0.1186556380206E-02
-0.1708185789986E-02,-0.2957981225415E-02, 0.1010878898880E-02,-0.2895912583440E-02, 0.3477255143433E-02,-0.9052461501806E-03,-0.2726593618025E-02, 0.2083296215091E-02,-0.1262996486905E-02
-0.1898401258824E-02,-0.3186725928577E-02, 0.8588173862929E-03,-0.3135287091009E-02, 0.3214568834872E-02,-0.1043027448354E-02,-0.2802584618876E-02, 0.1777284052072E-02,-0.1459597487718E-02
-0.4234864206632E-03,-0.1873794386689E-02, 0.2534358689619E-02,-0.1911755986716E-02, 0.4962394739467E-02, 0.4074773135954E-03,-0.1578975332031E-02, 0.3493711784170E-02,-0.3828116868934E-04
-0.6589566052518E-03,-0.2075248470687E-02, 0.2247329855000E-02,-0.1868565157355E-02, 0.4771784763153E-02, 0.1334922826836E-03,-0.1820633320947E-02, 0.3230585878744E-02,-0.2723071721381E-03
-0.8874381301506E-03,-0.2290267521945E-02, 0.1954769633342E-02,-0.2058512042868E-02, 0.4575297579290E-02,-0.4730986344816E-04,-0.2007765508134E-02, 0.2954997479629E-02,-0.5205522836920E-03
-0.1082929416077E-02,-0.2484353782197E-02, 0.1683579427497E-02,-0.2337269550272E-02, 0.4361757565144E-02,-0.1878630954090E-03,-0.2152158033909E-02, 0.2703048195596E-02,-0.7513606678100E-03
-0.1072392162831E-02,-0.2500786698830E-02, 0.1701267311057E-02,-0.2335608196659E-02, 0.4379661289250E-02,-0.1455010204864E-03,-0.2126822474852E-02, 0.2715531375442E-02,-0.7542324558277E-03
-0.1270934953884E-02,-0.2671736896613E-02, 0.1312914674648E-02,-0.2583908058807E-02, 0.3838816555075E-02,-0.5599586992539E-03,-0.2359868662493E-02, 0.2414473407861E-02,-0.1034043911576E-02
-0.1402999820269E-02,-0.2717500566709E-02, 0.1233410444865E-02,-0.2647372079460E-02, 0.3734604325189E-02,-0.6771392830036E-03,-0.2504195820218E-02, 0.2328796222110E-02,-0.1071883570248E-02
-0.1563655840850E-02,-0.2821717556208E-02, 0.1146544286229E-02,-0.2763821081072E-02, 0.3601299527219E-02,-0.7896406012507E-03,-0.2631445925391E-02, 0.2173691394399E-02,-0.1148844178163E-02
-0.1755315332533E-02,-0.3052191798215E-02, 0.9938806787786E-03,-0.3002921416167E-02, 0.3338453597528E-02,-0.9283868139546E-03,-0.2708575266882E-02, 0.1867783089201E-02,-0.1346017428859E-02
-0.2733641904105E-03,-0.1731278908566E-02, 0.2665785628265E-02,-0.1775056581333E-02, 0.5074907881042E-02, 0.5086645528006E-03,-0.1483710430341E-02, 0.3607136416821E-02, 0.1072223931207E-03
-0.5090703200627E-03,-0.1933320573366E-02, 0.2379810318949E-02,-0.1732971928079E-02, 0.4885557142846E-02, 0.2350520041655E-03,-0.1725434845149E-02, 0.3345436517684E-02,-0.1261610033520E-03
-0.7384008138071E-03,-0.2149545339182E-02, 0.2087886702792E-02,-0.1924277226716E-02, 0.4689791453824E-02, 0.5402499713278E-04,-0.1913132244872E-02, 0.3070836288173E-02,-0.3742141770937E-03
-0.9350611238264E-03,-0.2345127544940E-02, 0.1816988611608E-02,-0.2204477753000E-02, 0.4476655845859E-02,-0.8705849345628E-04,-0.2058347861321E-02, 0.2819484967376E-02,-0.6051696429275E-03
-0.9244706369443E-03,-0.2361520414572E-02, 0.1834834149716E-02,-0.2202789417048E-02, 0.4494933903820E-02,-0.4465633648030E-04,-0.2033008421226E-02, 0.2832201183010E-02,-0.6079476382554E-03
-0.1125193001420E-02,-0.2535061631986E-02, 0.1446164331422E-02,-0.2453585591534E-02, 0.3954455000638E-02,-0.4599630259392E-03,-0.2267514671642E-02, 0.2531126008271E-02,-0.8887175101641E-03
-0.1258028257332E-02,-0.2581777060213E-02, 0.1366344545499E-02,-0.2518177767929E-02, 0.3850128722402E-02,-0.5775364192871E-03,-0.2412340180734E-02, 0.2445326677699E-02,-0.9270797219879E-03
-0.1419601630359E-02,-0.2687114934540E-02, 0.1279065751246E-02,-0.2635157072028E-02, 0.3716639618680E-02,-0.6905667431067E-03,-0.2540229953013E-02, 0.2290158696540E-02,-0.1004617152963E-02
-0.1612582049779E-02,-0.2919167897189E-02, 0.1125937515330E-02,-0.2873794721046E-02, 0.3453728498170E-02,-0.8300861316985E-03,-0.2618361133903E-02, 0.1984405502366E-02,-0.1202417078350E-02
-0.2685981489325E-03,-0.1717991823878E-02, 0.2665010340983E-02,-0.1764864750191E-02, 0.5060842466867E-02, 0.4999306987293E-03,-0.1481790934673E-02, 0.3606349690172E-02, 0.1182172942241E-03
-0.5043489490182E-03,-0.1920086334640E-02, 0.2379174169447E-02,-0.1722930912380E-02, 0.4871649080537E-02, 0.2263755288901E-03,-0.1723479481152E-02, 0.3344745012171E-02,-0.1151569297654E-03
-0.7337270346852E-03,-0.2136415157012E-02, 0.2087416602655E-02,-0.1914362519223E-02, 0.4676201010273E-02, 0.4539743384796E-04,-0.1911191507937E-02, 0.3070347355022E-02,-0.3632077536996E-03
-0.9304257629484E-03,-0.2332121667507E-02, 0.1816701768306E-02,-0.2194665131082E-02, 0.4463480644156E-02,-0.9562251393176E-04,-0.2056443591646E-02, 0.2819252845376E-02,-0.5941628447563E-03
-0.9199107360936E-03,-0.2348542030719E-02, 0.1834369034839E-02,-0.2193011374183E-02, 0.4481402636272E-02,-0.5333308691673E-04,-0.2031135078243E-02, 0.2831747958348E-02,-0.5969866996810E-03
-0.1120558575324E-02,-0.2522241258917E-02, 0.1446256807729E-02,-0.2443905611293E-02, 0.3942152576669E-02,-0.4682636778433E-03,-0.2265634236314E-02, 0.2531357775180E-02,-0.8776964969483E-03
-0.1253354987692E-02,-0.2569049202576E-02, 0.1366569222887E-02,-0.2508542759754E-02, 0.3838109825265E-02,-0.5857215693823E-03,-0.2410434911528E-02, 0.2445727182037E-02,-0.9160533895910E-03
-0.1414882072540E-02,-0.2674474083348E-02, 0.1279454854920E-02,-0.2625546678665E-02, 0.3704982366580E-02,-0.6986266042100E-03,-0.2538315287950E-02, 0.2290801036323E-02,-0.9935782877873E-03
-0.1607822831138E-02,-0.2906604530090E-02, 0.1126576168763E-02,-0.2864183991685E-02, 0.3442646028983E-02,-0.8379954850015E-03,-0.2616482465046E-02, 0.1985449202631E-02,-0.1191352162429E-02
-0.6363706731035E-04,-0.1537943896198E-02, 0.2826512356939E-02,-0.1605681794490E-02, 0.5202676353316E-02, 0.6585009639286E-03,-0.1288887494850E-02, 0.3803123031911E-02, 0.2781124836876E-03
-0.2994043472222E-03,-0.1740512903279E-02, 0.2542405400513E-02,-0.1564978773152E-02, 0.5015333551178E-02, 0.3856018290103E-03,-0.1530967413318E-02, 0.3543567555384E-02, 0.4601031353637E-04
-0.5295953201176E-03,-0.1958079006916E-02, 0.2251790963167E-02,-0.1757787424044E-02, 0.4820945742624E-02, 0.2044744237846E-03,-0.1719614976156E-02, 0.3270608010740E-02,-0.2013209154860E-03
-0.7275706522411E-03,-0.2155419842247E-02, 0.1981703434829E-02,-0.2039534578570E-02, 0.4608781766602E-02, 0.6286206426506E-04,-0.1866102357273E-02, 0.3020361291665E-02,-0.4320225811777E-03
-0.7169338898909E-03,-0.2171743299729E-02, 0.1999706250738E-02,-0.2037821360248E-02, 0.4627496373658E-02, 0.1052695868520E-03,-0.1840695144662E-02, 0.3033333530948E-02,-0.4346870885861E-03
-0.9203170591496E-03,-0.2348536248538E-02, 0.1611246664892E-02,-0.2291551724149E-02, 0.4088200667942E-02,-0.3108442536016E-03,-0.2077685269984E-02, 0.2732473904960E-02,-0.7161027337617E-03
-0.1054091798951E-02,-0.2396490987214E-02, 0.1531150484038E-02,-0.2357474898409E-02, 0.3983877579311E-02,-0.4288938985545E-03,-0.2223475680979E-02, 0.2646480994957E-02,-0.7550208819662E-03
-0.1216767453159E-02,-0.2503249173955E-02, 0.1443497004755E-02,-0.2475181732296E-02, 0.3850353060558E-02,-0.5425688704676E-03,-0.2352495066151E-02, 0.2491288954216E-02,-0.8331351961115E-03
-0.1411318939405E-02,-0.2737215127047E-02, 0.1290052151164E-02,-0.2713552669792E-02, 0.3587742308746E-02,-0.6829899215516E-03,-0.2432165678817E-02, 0.2186023043007E-02,-0.1031403764697E-02
-0.3823720693670E-05,-0.1491734766125E-02, 0.2862656579551E-02,-0.1565439639363E-02, 0.5251605343999E-02, 0.7351794248918E-03,-0.1221397100675E-02, 0.3843956824194E-02, 0.3202809947529E-03
-0.2394669208188E-03,-0.1694271426141E-02, 0.2579333432936E-02,-0.1525090260832E-02, 0.5064943316906E-02, 0.4624318669190E-03,-0.1463524461079E-02, 0.3585216822738E-02, 0.8873891796639E-04
-0.4697505442111E-03,-0.1912021741385E-02, 0.2289336436380E-02,-0.1718167394668E-02, 0.4871136038299E-02, 0.2812559583331E-03,-0.1652390276605E-02, 0.3312969467603E-02,-0.1581737665807E-03
-0.6679600827414E-03,-0.2109679034188E-02, 0.2019703270776E-02,-0.2000154758981E-02, 0.4659474115915E-02, 0.1394824171312E-03,-0.1799199256728E-02, 0.3063284115571E-02,-0.3885998449709E-03
-0.6573281893835E-03,-0.2125974176520E-02, 0.2037711376287E-02,-0.1998442562016E-02, 0.4678254850809E-02, 0.1818700223662E-03,-0.1773767370312E-02, 0.3076283690041E-02,-0.3912396471541E-03
-0.8612988726995E-03,-0.2303487841799E-02, 0.1649679156005E-02,-0.2252795051488E-02, 0.4139748770750E-02,-0.2345346911318E-03,-0.2011465548679E-02, 0.2775876847946E-02,-0.6725633276106E-03
-0.9952770311414E-03,-0.2351735354737E-02, 0.1569592555877E-02,-0.2318994466434E-02, 0.4035473801843E-02,-0.3527846121467E-03,-0.2157544583767E-02, 0.2689934868078E-02,-0.7115842664528E-03
-0.1158185551165E-02,-0.2458802317615E-02, 0.1481938395561E-02,-0.2436934183061E-02, 0.3902028082995E-02,-0.4667027877875E-03,-0.2286897384836E-02, 0.2534874971583E-02,-0.7897828488841E-03
-0.1353067822227E-02,-0.2693131763319E-02, 0.1328578276289E-02,-0.2675479793278E-02, 0.3639739699913E-02,-0.6074197255819E-03,-0.2367006331814E-02, 0.2229977894016E-02,-0.9880227088350E-03
 0.6071052749128E-04,-0.1440135437581E-02, 0.2916957146989E-02,-0.1507711999264E-02, 0.5323572542243E-02, 0.8192376435394E-03,-0.1155144021500E-02, 0.3894664864231E-02, 0.3744058085070E-03
-0.1747321051148E-03,-0.1642598752219E-02, 0.2634471641636E-02,-0.1467769681652E-02, 0.5137693144801E-02, 0.5467262475793E-03,-0.1397203760599E-02, 0.3636899677308E-02, 0.1435310692802E-03
-0.4050736735725E-03,-0.1860525596977E-02, 0.2345159468254E-02,-0.1661207072191E-02, 0.4944518781364E-02, 0.3655420157097E-03,-0.1586217125139E-02, 0.3365477064439E-02,-0.1028900553838E-03
-0.6035135790568E-03,-0.2058514978497E-02, 0.2076035751288E-02,-0.1943544845452E-02, 0.4733378385689E-02, 0.2236165048668E-03,-0.1733307672995E-02, 0.3116421461282E-02,-0.3330007714232E-03
-0.5928781069679E-03,-0.2074773441048E-02, 0.2094078280053E-02,-0.1941827819037E-02, 0.4752285601575E-02, 0.2659965307716E-03,-0.1707856708069E-02, 0.3129489363712E-02,-0.3356043397549E-03
-0.7974860058062E-03,-0.2253077378398E-02, 0.1706414184385E-02,-0.2197004238423E-02, 0.4214515232656E-02,-0.1507321259930E-03,-0.1946214550150E-02, 0.2829509026734E-02,-0.6168638013813E-03
-0.9316875949423E-03,-0.2301645847984E-02, 0.1626288196313E-02,-0.2263619253101E-02, 0.4110232497573E-02,-0.2692077328392E-03,-0.2092555734892E-02, 0.2743596476880E-02,-0.6560191802900E-03
-0.1094855234855E-02,-0.2409053300490E-02, 0.1538578094519E-02,-0.2381729716975E-02, 0.3976802211601E-02,-0.3834019219001E-03,-0.2222225402851E-02, 0.2588648284576E-02,-0.7343357488670E-03
-0.1290105775746E-02,-0.2643785338286E-02, 0.1385253396020E-02,-0.2620014557843E-02, 0.3714789290854E-02,-0.5244529841288E-03,-0.2302776043357E-02, 0.2284115884274E-02,-0.9325724673985E-03
 0.1560314608874E-03,-0.1353874073656E-02, 0.3025140888735E-02,-0.1397162141319E-02, 0.5443334226444E-02, 0.9153303104348E-03,-0.1076095706792E-02, 0.3991232595467E-02, 0.4710924190761E-03
-0.7915407812630E-04,-0.1556340304970E-02, 0.2743662413000E-02,-0.1357888952896E-02, 0.5258577300710E-02, 0.6433056653120E-03,-0.1317951618858E-02, 0.3734849435256E-02, 0.2411129546478E-03
-0.3096616516835E-03,-0.1774673464233E-02, 0.2455171556273E-02,-0.1552088800807E-02, 0.5066181731724E-02, 0.4621825774243E-03,-0.1507117215422E-02, 0.3464502608441E-02,-0.4717619227318E-05
-0.5085368574022E-03,-0.1973303717807E-02, 0.2186629147619E-02,-0.1835236383712E-02, 0.4855588821802E-02, 0.3200695916211E-03,-0.1654576417946E-02, 0.3216191889270E-02,-0.2345177101950E-03
-0.4978690197034E-03,-0.1989507667007E-02, 0.2204793758181E-02,-0.1833497557668E-02, 0.4874804210056E-02, 0.3624749298130E-03,-0.1629111560045E-02, 0.3229450195334E-02,-0.2370488502121E-03
-0.7035725557952E-03,-0.2169176173348E-02, 0.1817232990794E-02,-0.2090273549139E-02, 0.4337576188407E-02,-0.5469189433381E-04,-0.1868311326721E-02, 0.2929677870856E-02,-0.5185000739903E-03
-0.8381657583724E-03,-0.2218278359235E-02, 0.1736908030511E-02,-0.2157742670999E-02, 0.4233164624361E-02,-0.1734565789778E-03,-0.2014965244273E-02, 0.2843683265877E-02,-0.5579328682421E-03
-0.1001797600188E-02,-0.2326282490015E-02, 0.1648951950717E-02,-0.2275980586084E-02, 0.4099590625252E-02,-0.2880237585805E-03,-0.2145038513635E-02, 0.2688738920650E-02,-0.6365285158689E-03
-0.1197709383979E-02,-0.2561782045298E-02, 0.1495454852712E-02,-0.2513088619740E-02, 0.3837684988457E-02,-0.4295533335277E-03,-0.2226202417081E-02, 0.2384501327874E-02,-0.8349383507249E-03
-0.5061147890475E-04,-0.2009477490315E-02, 0.3275893463639E-02,-0.1744702559195E-02, 0.6040476678379E-02, 0.9091575778170E-03,-0.1555395107429E-02, 0.4456063579432E-02, 0.3545874773635E-03
-0.2938572504271E-03,-0.2213464060332E-02, 0.2970860646819E-02,-0.1702619169875E-02, 0.5834694920565E-02, 0.6253336314344E-03,-0.1801691331329E-02, 0.4179674308184E-02, 0.1125552511361E-03
-0.5282784929423E-03,-0.2429860787655E-02, 0.2666139553109E-02,-0.1896072134283E-02, 0.5625077294503E-02, 0.4378807474371E-03,-0.1991508506948E-02, 0.3892522375630E-02,-0.1424345740041E-03
-0.7284713741315E-03,-0.2624578468677E-02, 0.2386211914071E-02,-0.2179262980128E-02, 0.5399251458087E-02, 0.2920591295131E-03,-0.2137547964022E-02, 0.3630374718536E-02,-0.3790487216689E-03
-0.7143057548683E-03,-0.2639074686050E-02, 0.2407975854988E-02,-0.2174774502773E-02, 0.5421466186630E-02, 0.3386981479349E-03,-0.2109437346563E-02, 0.3646971750295E-02,-0.3788154176991E-03
-0.9245567232553E-03,-0.2812619877398E-02, 0.1998663926261E-02,-0.2431664426956E-02, 0.4849485785766E-02,-0.9364949336244E-04,-0.2349099041479E-02, 0.3324159977799E-02,-0.6718168790187E-03
-0.1061280062813E-02,-0.2858634812665E-02, 0.1913328796448E-02,-0.2498729475445E-02, 0.4736676313378E-02,-0.2160359593600E-03,-0.2496126932509E-02, 0.3231536672331E-02,-0.7127381045606E-03
-0.1227107365221E-02,-0.2963749471163E-02, 0.1820359475240E-02,-0.2612924840509E-02, 0.4593941261918E-02,-0.3337608472679E-03,-0.2625796191998E-02, 0.3068037440081E-02,-0.7934983608469E-03
-0.1424526270118E-02,-0.3196291529860E-02, 0.1659810887047E-02,-0.2839166097041E-02, 0.4317799765192E-02,-0.4785618962390E-03,-0.2704461670141E-02, 0.2750263303516E-02,-0.9967083475026E-03
 0.7883939536306E-04,-0.1881360345343E-02, 0.3389816546402E-02,-0.1621998411128E-02, 0.6150629947799E-02, 0.1044376191296E-02,-0.1445072752343E-02, 0.4488479279735E-02, 0.3862659609583E-03
-0.1648064763966E-03,-0.2086278471275E-02, 0.3085589476949E-02,-0.1581185133928E-02, 0.5945866927546E-02, 0.7604377954775E-03,-0.1691939825392E-02, 0.4213256798149E-02, 0.1448415841035E-03
-0.4002144715602E-03,-0.2304173989938E-02, 0.2781216101065E-02,-0.1776124103703E-02, 0.5736804809303E-02, 0.5723358457970E-03,-0.1882773039436E-02, 0.3926878718783E-02,-0.1099090784308E-03
-0.6016771283944E-03,-0.2500617520211E-02, 0.2501323659970E-02,-0.2060846545235E-02, 0.5511297678940E-02, 0.4256311804008E-03,-0.2030016878273E-02, 0.3665210371500E-02,-0.3465229607523E-03
-0.5874455982290E-03,-0.2515085752335E-02, 0.2523269297598E-02,-0.2056307500724E-02, 0.5533859464318E-02, 0.4723489083058E-03,-0.2001879194762E-02, 0.3682042452021E-02,-0.3462017738489E-03
-0.7999365801419E-03,-0.2691431091110E-02, 0.2113490547027E-02,-0.2315766742678E-02, 0.4962364725332E-02, 0.3865705504818E-04,-0.2243514365521E-02, 0.3359464192626E-02,-0.6394881211871E-03
-0.9372924663003E-03,-0.2738422635383E-02, 0.2027883490770E-02,-0.2383864144002E-02, 0.4849518002655E-02,-0.8424073807443E-04,-0.2391208661825E-02, 0.3266955464519E-02,-0.6806125739019E-03
-0.1103894255912E-02,-0.2844679013606E-02, 0.1934530437350E-02,-0.2498769500913E-02, 0.4706676203839E-02,-0.2026344301096E-03,-0.2521689680078E-02, 0.3103571771125E-02,-0.7616030996341E-03
-0.1302563296424E-02,-0.3078856471827E-02, 0.1773467138787E-02,-0.2725270128804E-02, 0.4430533144716E-02,-0.3484405800188E-03,-0.2601574685401E-02, 0.2785974707811E-02,-0.9650383168980E-03
 0.2289935076349E-03,-0.1734806568985E-02, 0.3522198953047E-02,-0.1480761059911E-02, 0.6268937099656E-02, 0.1161965328597E-02,-0.1344284734054E-02, 0.4573384362828E-02, 0.5008524290914E-03
-0.1482160515710E-04,-0.1940442815138E-02, 0.3219174331484E-02,-0.1441106482936E-02, 0.6065638827702E-02, 0.8783810789206E-03,-0.1591322936731E-02, 0.4299735676729E-02, 0.2601566716542E-03
-0.2510430333109E-03,-0.2159690401329E-02, 0.2915533779216E-02,-0.1637449186468E-02, 0.5857471851191E-02, 0.6900032379914E-03,-0.1782846349740E-02, 0.4014472243162E-02, 0.5687345296749E-05
-0.4536588247461E-03,-0.2357771768958E-02, 0.2636002786594E-02,-0.1923654649085E-02, 0.5632527764605E-02, 0.5427073976441E-03,-0.1931037138713E-02, 0.3753524268659E-02,-0.2309727220034E-03
-0.4393481557375E-03,-0.2372205450250E-02, 0.2658161286899E-02,-0.1919069211343E-02, 0.5655522491818E-02, 0.5895045759510E-03,-0.1902892453919E-02, 0.3770652742462E-02,-0.2305432022568E-03
-0.6540256891387E-03,-0.2551325614120E-02, 0.2248171441674E-02,-0.2181115765885E-02, 0.5084674639146E-02, 0.1548640860337E-03,-0.2146149507078E-02, 0.3448295522975E-02,-0.5245337675222E-03
-0.7920869142854E-03,-0.2599322838384E-02, 0.2162312124226E-02,-0.2250346049026E-02, 0.4971812756815E-02, 0.3155819041502E-04,-0.2294384593568E-02, 0.3355815315561E-02,-0.5660771942608E-03
-0.9595433282272E-03,-0.2706759923571E-02, 0.2068597887270E-02,-0.2365853646246E-02, 0.4828881721037E-02,-0.8739662480068E-04,-0.2425559219880E-02, 0.3192508514728E-02,-0.6475296489741E-03
-0.1159502426085E-02,-0.2942606614535E-02, 0.1907109363671E-02,-0.2592096680734E-02, 0.4552797326526E-02,-0.2340449294045E-03,-0.2506538589724E-02, 0.2875188092696E-02,-0.8514414506538E-03
 0.3781089979341E-03,-0.1590930300121E-02, 0.3650809032226E-02,-0.1343824342559E-02, 0.6378333516913E-02, 0.1262044971307E-02,-0.1248335200465E-02, 0.4683998083262E-02, 0.6457238534416E-03
 0.1342949356236E-03,-0.1797076912901E-02, 0.3349149751086E-02,-0.1305155564804E-02, 0.6176645466377E-02, 0.9790598173902E-03,-0.1495352365175E-02, 0.4412036177861E-02, 0.4058115119824E-03
-0.1025400559453E-03,-0.2017447141987E-02, 0.3046440631549E-02,-0.1502695872325E-02, 0.5969524881049E-02, 0.7906544205061E-03,-0.1687358754402E-02, 0.4128019578430E-02, 0.1516817356182E-03
-0.3061124291693E-03,-0.2216946683098E-02, 0.2767466654170E-02,-0.1790180227247E-02, 0.5745278151066E-02, 0.6429981592283E-03,-0.1836300234176E-02, 0.3867905031472E-02,-0.8498607518388E-04
-0.2917272417453E-03,-0.2231343441168E-02, 0.2789827371242E-02,-0.1785557010719E-02, 0.5768714886909E-02, 0.6898603143014E-03,-0.1808153164571E-02, 0.3885327555015E-02,-0.8444959713263E-04
-0.5083351301695E-03,-0.2412956484266E-02, 0.2379864048113E-02,-0.2049920927801E-02, 0.5198631817683E-02, 0.2546105577836E-03,-0.2052771929478E-02, 0.3563209080987E-02,-0.3792181982336E-03
-0.6470651690547E-03,-0.2461882254296E-02, 0.2293803883015E-02,-0.2120214886620E-02, 0.5085783508544E-02, 0.1309938773115E-03,-0.2201471439014E-02, 0.3470708579210E-02,-0.4212378210901E-03
-0.8153256178375E-03,-0.2570407008332E-02, 0.2199795595446E-02,-0.2236218165251E-02, 0.4942805480748E-02, 0.1159307467601E-04,-0.2333251016886E-02, 0.3307464993108E-02,-0.5032073921702E-03
-0.1016454939748E-02,-0.2807769549657E-02, 0.2038007524586E-02,-0.2462000949280E-02, 0.4666863016526E-02,-0.1357185018704E-03,-0.2415188883405E-02, 0.2990497272706E-02,-0.7076375919759E-03
 0.3806988600118E-03,-0.1578720548717E-02, 0.3647152902516E-02,-0.1335313768357E-02, 0.6360917184829E-02, 0.1251041827359E-02,-0.1247736149500E-02, 0.4680139810152E-02, 0.6547895632361E-03
 0.1368607224929E-03,-0.1784920855069E-02, 0.3345690390252E-02,-0.1296794591151E-02, 0.6159481704198E-02, 0.9681314703738E-03,-0.1494719910950E-02, 0.4408320348436E-02, 0.4148944429105E-03
-0.9998315524998E-04,-0.2005391670787E-02, 0.3043220664411E-02,-0.1494438475971E-02, 0.5952797748782E-02, 0.7798123947514E-03,-0.1686736960039E-02, 0.4124587245591E-02, 0.1607912608084E-03
-0.3035465027864E-03,-0.2205009796681E-02, 0.2764509533810E-02,-0.1781991384186E-02, 0.5729088068007E-02, 0.6322674083875E-03,-0.1835706044869E-02, 0.3864823139503E-02,-0.7584284678376E-04
-0.2892651835586E-03,-0.2219426174592E-02, 0.2786643000984E-02,-0.1777417603712E-02, 0.5752065034097E-02, 0.6789823163988E-03,-0.1807594640046E-02, 0.3881956688008E-02,-0.7537379189913E-04
-0.5056865255184E-03,-0.2401195182241E-02, 0.2377426293588E-02,-0.2041808116275E-02, 0.5183482528078E-02, 0.2442309350192E-03,-0.2052175314162E-02, 0.3560732469133E-02,-0.3699952932929E-03
-0.6443442369775E-03,-0.2450183304324E-02, 0.2291541587570E-02,-0.2112116921440E-02, 0.5070994331232E-02, 0.1207609094148E-03,-0.2200836412483E-02, 0.3468450319318E-02,-0.4119869048796E-03
-0.8125167393903E-03,-0.2558775022195E-02, 0.2197753096747E-02,-0.2228141527976E-02, 0.4928460950551E-02, 0.1524993537343E-05,-0.2332590159356E-02, 0.3305517000524E-02,-0.4939139229642E-03
-0.1013546275925E-02,-0.2796225318045E-02, 0.2036304525472E-02,-0.2453968567349E-02, 0.4653191211602E-02,-0.1455753358581E-03,-0.2414542809356E-02, 0.2989062543331E-02,-0.6982702082541E-03
 0.5862566727089E-03,-0.1395666840397E-02, 0.3807785602793E-02,-0.1174188157511E-02, 0.6502135679474E-02, 0.1410155699298E-02,-0.1052168178994E-02, 0.4875228454373E-02, 0.8158294575094E-03
 0.3427133151377E-03,-0.1602233654058E-02, 0.3508410448147E-02,-0.1136726318736E-02, 0.6302902340655E-02, 0.1128209001915E-02,-0.1299396972688E-02, 0.4605802983521E-02, 0.5773844437491E-03
 0.1053570051322E-03,-0.1823830091737E-02, 0.3207414034698E-02,-0.1335548012308E-02, 0.6097574748207E-02, 0.9399941424401E-03,-0.1492222112965E-02, 0.4323842200291E-02, 0.3241725698014E-03
-0.9921922616153E-04,-0.2024980380276E-02, 0.2929618053095E-02,-0.1624355548780E-02, 0.5874685570304E-02, 0.7920648273610E-03,-0.1642320885507E-02, 0.4065221639908E-02, 0.8794416362053E-04
-0.8477025666622E-04,-0.2039312947504E-02, 0.2952184018463E-02,-0.1619700380087E-02, 0.5898726250982E-02, 0.8389526568402E-03,-0.1614121102505E-02, 0.4082970480038E-02, 0.8860313687228E-04
-0.3036593280284E-03,-0.2224039417311E-02, 0.2542914148007E-02,-0.1886737392652E-02, 0.5330353130826E-02, 0.4032776563348E-03,-0.1861048470116E-02, 0.3761503328575E-02,-0.2065609336239E-03
-0.4431801480899E-03,-0.2274166055373E-02, 0.2456733521397E-02,-0.1958272143933E-02, 0.5217644735437E-02, 0.2793077311379E-03,-0.2010644716111E-02, 0.3668964759339E-02,-0.2490705159722E-03
-0.6123739916237E-03,-0.2384058931331E-02, 0.2362516868351E-02,-0.2074951879263E-02, 0.5074798396646E-02, 0.1593901802006E-03,-0.2143486204444E-02, 0.3505906443057E-02,-0.3315339933436E-03
-0.8148452416704E-03,-0.2623244163837E-02, 0.2200651506074E-02,-0.2300463422008E-02, 0.4799481744725E-02, 0.1135245405967E-04,-0.2226890640021E-02, 0.3189778276231E-02,-0.5362882701422E-03
 0.6453877446690E-03,-0.1349025162495E-02, 0.3842674619940E-02,-0.1134036914916E-02, 0.6549203624296E-02, 0.1485819356135E-02,-0.9843039592930E-03, 0.4914621625070E-02, 0.8576329933111E-03
 0.4020689341626E-03,-0.1555530521057E-02, 0.3544204390718E-02,-0.1096871462571E-02, 0.6350810284629E-02, 0.1204155147625E-02,-0.1231534383975E-02, 0.4646119263949E-02, 0.6198022168550E-03
 0.1647280765713E-03,-0.1777278974600E-02, 0.3243948352582E-02,-0.1295894585012E-02, 0.6146215967793E-02, 0.1016005282381E-02,-0.1424535041594E-02, 0.4364992140437E-02, 0.3670683268235E-03
-0.3997999306767E-04,-0.1978714635721E-02, 0.2966721489933E-02,-0.1584876227734E-02, 0.5923976677467E-02, 0.8680154954261E-03,-0.1574917243988E-02, 0.4107050572720E-02, 0.1311732937640E-03
-0.2553796304392E-04,-0.1993023511977E-02, 0.2989297744421E-02,-0.1580224764541E-02, 0.5948141868638E-02, 0.9148748007019E-03,-0.1546702104328E-02, 0.4124833146161E-02, 0.1318537020423E-03
-0.2448784283404E-03,-0.2178424031102E-02, 0.2580615228690E-02,-0.1847794856000E-02, 0.5380787191061E-02, 0.4790990964769E-03,-0.1794271530458E-02, 0.3803965377415E-02,-0.1631323192496E-03
-0.3845538597623E-03,-0.2228830793745E-02, 0.2494492440009E-02,-0.1919576404763E-02, 0.5268178190206E-02, 0.3549844314710E-03,-0.1944130882491E-02, 0.3711524604307E-02,-0.2057218935067E-03
-0.5539237311366E-03,-0.2339014852659E-02, 0.2400329719516E-02,-0.2036472766309E-02, 0.5125476362579E-02, 0.2348821402932E-03,-0.2077279935810E-02, 0.3548659147513E-02,-0.2882412433219E-03
-0.7566457655345E-03,-0.2578533147573E-02, 0.2238631947382E-02,-0.2262158932913E-02, 0.4850619216928E-02, 0.8662973608019E-04,-0.2161094861978E-02, 0.3232999581997E-02,-0.4929193164888E-03
 0.7094899316774E-03,-0.1296767130410E-02, 0.3895778529422E-02,-0.1076141204033E-02, 0.6619208040900E-02, 0.1569104785664E-02,-0.9174829554325E-03, 0.4964084646746E-02, 0.9116110375771E-03
 0.4664843275878E-03,-0.1503164716523E-02, 0.3598287858521E-02,-0.1039318708834E-02, 0.6421798030973E-02, 0.1287821281480E-02,-0.1164595603389E-02, 0.4696679599399E-02, 0.6745126444441E-03
 0.2292030754899E-03,-0.1725051965249E-02, 0.3298858267915E-02,-0.1238620923061E-02, 0.6218026007196E-02, 0.1099785864549E-02,-0.1357696792561E-02, 0.4416508292813E-02, 0.4223393946170E-03
 0.2437388368067E-04,-0.1926783516088E-02, 0.3022271481271E-02,-0.1527871188790E-02, 0.5996483426706E-02, 0.9517507772921E-03,-0.1508318889346E-02, 0.4159319756685E-02, 0.1868252738700E-03
 0.3882209146646E-04,-0.1941063001283E-02, 0.3044895972178E-02,-0.1523216186859E-02, 0.6020812094824E-02, 0.9985997270376E-03,-0.1480093406332E-02, 0.4177189591965E-02, 0.1875414904750E-03
-0.1810174858842E-03,-0.2127198082114E-02, 0.2636753214526E-02,-0.1791509243052E-02, 0.5454452424143E-02, 0.5626905614683E-03,-0.1728255271352E-02, 0.3856887114587E-02,-0.1072896372870E-03
-0.3208671511125E-03,-0.2177915162086E-02, 0.2550643990739E-02,-0.1863674463847E-02, 0.5341907336597E-02, 0.4384069267945E-03,-0.1878352884803E-02, 0.3764523382093E-02,-0.1499907957526E-03
-0.4904394981376E-03,-0.2288422787735E-02, 0.2456483248527E-02,-0.1980719422226E-02, 0.5199303415338E-02, 0.3180873362743E-03,-0.2011794432199E-02, 0.3601831014520E-02,-0.2325991433559E-03
-0.6934495480841E-03,-0.2528308969839E-02, 0.2294907394279E-02,-0.2206130824546E-02, 0.4924861328212E-02, 0.1695815864039E-03,-0.2096023152773E-02, 0.3286637241282E-02,-0.4372232205068E-03
 0.8047629527341E-03,-0.1209185452528E-02, 0.4002558134560E-02,-0.9648592486787E-03, 0.6736767851353E-02, 0.1664924170984E-02,-0.8373779337763E-03, 0.5059280915064E-02, 0.1008519104772E-02
 0.5621811115800E-03,-0.1415529988596E-02, 0.3706296198461E-02,-0.9286147509105E-03, 0.6540785678046E-02, 0.1384311617862E-02,-0.1084215933259E-02, 0.4793450592340E-02, 0.7724195637674E-03
 0.3248986770475E-03,-0.1637763440529E-02, 0.3407901670631E-02,-0.1128551599106E-02, 0.6338073338276E-02, 0.1196492331129E-02,-0.1277403357946E-02, 0.4514546001988E-02, 0.5209420862950E-03
 0.1197820710294E-03,-0.1840079286637E-02, 0.3132089074297E-02,-0.1418479634431E-02, 0.6117323850810E-02, 0.1048400466310E-02,-0.1428336770334E-02, 0.4258274065871E-02, 0.2858352360398E-03
 0.1342788269896E-03,-0.1854315203394E-02, 0.3154874376909E-02,-0.1413798575551E-02, 0.6141972918131E-02, 0.1095291536407E-02,-0.1400104217226E-02, 0.4276389550405E-02, 0.2866323205338E-03
-0.8648796789248E-04,-0.2041732074627E-02, 0.2747067769016E-02,-0.1683548631125E-02, 0.5576485507871E-02, 0.6591356245130E-03,-0.1649027808199E-02, 0.3956455843814E-02,-0.8272328079286E-05
-0.2266665958213E-03,-0.2092972463957E-02, 0.2660835597967E-02,-0.1756523853792E-02, 0.5463927522664E-02, 0.5346246766414E-03,-0.1799412836079E-02, 0.3864074414858E-02,-0.5122285119688E-04
-0.3966330369333E-03,-0.2204056766956E-02, 0.2566506856413E-02,-0.1873659158649E-02, 0.5321300616049E-02, 0.4139939913953E-03,-0.1933232198584E-02, 0.3701470426252E-02,-0.1340737062917E-03
-0.6002063468818E-03,-0.2444660921210E-02, 0.2404869875677E-02,-0.2097854245181E-02, 0.5047122503841E-02, 0.2650930292303E-03,-0.2018041892207E-02, 0.3386713117222E-02,-0.3388017718178E-03
 0.7158877142239E-03,-0.1774681115577E-02, 0.4382703493035E-02,-0.1207413427220E-02,-0.2716117262603E-02, 0.1777593880523E-02,-0.1222032962059E-02, 0.5650634740988E-02, 0.1001408411279E-02
 0.4629002386469E-03,-0.1983715760680E-02, 0.4059491746721E-02,-0.1169923469819E-02,-0.2642591933381E-02, 0.1482697156058E-02,-0.1474648210935E-02, 0.5362444401867E-02, 0.7517433335068E-03
 0.2194386159709E-03,-0.2205147266752E-02, 0.3742123896387E-02,-0.1370920941742E-02,-0.2767381868562E-02, 0.1286433478833E-02,-0.1669671762282E-02, 0.5064451005104E-02, 0.4896736282094E-03
 0.1092738599180E-04,-0.2404616025270E-02, 0.3452663600025E-02,-0.1662692444008E-02,-0.2984854778802E-02, 0.1132775088858E-02,-0.1820248664930E-02, 0.4792228097188E-02, 0.2464173231206E-03
 0.2912325442448E-04,-0.2416818505207E-02, 0.3479076902636E-02,-0.1655032332575E-02,-0.3020725546278E-02, 0.1184111124714E-02,-0.1789015984176E-02, 0.4813544529692E-02, 0.2502234065854E-03
-0.1995457366909E-03,-0.2600226865564E-02, 0.3045720301173E-02,-0.1927703943651E-02,-0.3275320367094E-02, 0.7291631306903E-03,-0.2040642719454E-02, 0.4467387933856E-02,-0.5878297549595E-04
-0.3431181267080E-03,-0.2649040369245E-02, 0.2953202230805E-02,-0.2001651379928E-02,-0.3323339485833E-02, 0.5998326727118E-03,-0.2192196449795E-02, 0.4367223995039E-02,-0.1040234652365E-03
-0.5166733132158E-03,-0.2758014416891E-02, 0.2852519268970E-02,-0.2114209460575E-02,-0.3393791948111E-02, 0.4748049184181E-03,-0.2326439475522E-02, 0.4194714870101E-02,-0.1899394656145E-03
-0.7235304792445E-03,-0.2996765374711E-02, 0.2682070957538E-02,-0.2323615325645E-02,-0.3552109599289E-02, 0.3210691350201E-03,-0.2409710416636E-02, 0.3864473598026E-02,-0.4007174393922E-03
 0.8428735097333E-03,-0.1646134565058E-02, 0.4492797776814E-02,-0.1085368147204E-02,-0.2587966048980E-02, 0.1910258407506E-02,-0.1111797860101E-02, 0.5680519655754E-02, 0.1031951262416E-02
 0.5897234562003E-03,-0.1856013145552E-02, 0.4170719673680E-02,-0.1049025236954E-02,-0.2515872980042E-02, 0.1615527162086E-02,-0.1364877099990E-02, 0.5393703021547E-02, 0.7830023238821E-03
 0.3455124757483E-03,-0.2078852989445E-02, 0.3854016009191E-02,-0.1251347550645E-02,-0.2642423311395E-02, 0.1418849627945E-02,-0.1560820089533E-02, 0.5096686944663E-02, 0.5212767224786E-03
 0.1359486648805E-03,-0.2279963304589E-02, 0.3564878907362E-02,-0.1544485964043E-02,-0.2861728823736E-02, 0.1264511398669E-02,-0.1712516831742E-02, 0.4825132789946E-02, 0.2781173834340E-03
 0.1542313720994E-03,-0.2292130218060E-02, 0.3591504954705E-02,-0.1536757234587E-02,-0.2897565787501E-02, 0.1315940099441E-02,-0.1681252560837E-02, 0.4846749867054E-02, 0.2820320935951E-03
-0.7640506208951E-04,-0.2478232180042E-02, 0.3158072887747E-02,-0.1811814593021E-02,-0.3155052514178E-02, 0.8599952290630E-03,-0.1934731586223E-02, 0.4501055706387E-02,-0.2713080666330E-04
-0.2204986599699E-03,-0.2527986056738E-02, 0.3065411386840E-02,-0.1886717935339E-02,-0.3204097594825E-02, 0.7302690148626E-03,-0.2086897833082E-02, 0.4401095366059E-02,-0.7251968137136E-04
-0.3947053183533E-03,-0.2638057534402E-02, 0.2964481718247E-02,-0.1999956356025E-02,-0.3275770072670E-02, 0.6046891163898E-03,-0.2221900479871E-02, 0.4228795482534E-02,-0.1586106807717E-03
-0.6026514654193E-03,-0.2878375094273E-02, 0.2793712001749E-02,-0.2209661649942E-02,-0.3435848877898E-02, 0.4500993351390E-03,-0.2306337391727E-02, 0.3898862297687E-02,-0.3695480085537E-03
 0.9911106868824E-03,-0.1498815318177E-02, 0.4621462248832E-02,-0.9444920702523E-03,-0.2455550252441E-02, 0.2025919042927E-02,-0.1010830181201E-02, 0.5762338982734E-02, 0.1145304856926E-02
 0.7380642288878E-03,-0.1709308873413E-02, 0.4300945873719E-02,-0.9091649336732E-03,-0.2384765375880E-02, 0.1731818554743E-02,-0.1263968413837E-02, 0.5477363580638E-02, 0.8972381292847E-03
 0.4933091076553E-03,-0.1933392378594E-02, 0.3985314006835E-02,-0.1112702221746E-02,-0.2512960538638E-02, 0.1535100428348E-02,-0.1460497525431E-02, 0.5181726572777E-02, 0.6359507849551E-03
 0.2828351682936E-03,-0.2136039454081E-02, 0.3696843029531E-02,-0.1407131260391E-02,-0.2734002400760E-02, 0.1380372542475E-02,-0.1613049593233E-02, 0.4911134175777E-02, 0.3928922331838E-03
 0.3012258451348E-03,-0.2148168097927E-02, 0.3723733954772E-02,-0.1399337026788E-02,-0.2769793901173E-02, 0.1431909898501E-02,-0.1581773822449E-02, 0.4933115536638E-02, 0.3969372487693E-03
 0.6869021561732E-04,-0.2336918797425E-02, 0.3290489269069E-02,-0.1676773893094E-02,-0.3030092863267E-02, 0.9753190072344E-03,-0.1836750906461E-02, 0.4587908080866E-02, 0.8725914430409E-04
-0.7598875653529E-04,-0.2387641621788E-02, 0.3197709908020E-02,-0.1752729029229E-02,-0.3080155233019E-02, 0.8452897401484E-03,-0.1989410948768E-02, 0.4488086014165E-02, 0.4150967620700E-04
-0.2509175449319E-03,-0.2498845588975E-02, 0.3096558459951E-02,-0.1866530567186E-02,-0.3153037887413E-02, 0.7192539235466E-03,-0.2125059711816E-02, 0.4315990130876E-02,-0.4497449218525E-04
-0.4599802638481E-03,-0.2740749979758E-02, 0.2925557100005E-02,-0.2075996398440E-02,-0.3314847470685E-02, 0.5639578950253E-03,-0.2210534043314E-02, 0.3986519578182E-02,-0.2562779242654E-03
 0.1138720480805E-02,-0.1354055901877E-02, 0.4746736834794E-02,-0.8077378981635E-03,-0.2335279765269E-02, 0.2124521341962E-02,-0.9145490395559E-03, 0.5869690532247E-02, 0.1289011407934E-02
 0.8859450331530E-03,-0.1564956973126E-02, 0.4427930132309E-02,-0.7732535966810E-03,-0.2265617790883E-02, 0.1831274179778E-02,-0.1167556537879E-02, 0.5586684246385E-02, 0.1041891664077E-02
 0.6408427752363E-03,-0.1790053879852E-02, 0.4113552589132E-02,-0.9778004787832E-03,-0.2395214277955E-02, 0.1634747626410E-02,-0.1364465924183E-02, 0.5292577224073E-02, 0.7811141929874E-03
 0.4296519038576E-03,-0.1994017059297E-02, 0.3825927790473E-02,-0.1273317411824E-02,-0.2617736779966E-02, 0.1479846912130E-02,-0.1517678166267E-02, 0.5023076253593E-02, 0.5382083785646E-03
 0.4481460416528E-03,-0.2006108061579E-02, 0.3853078103494E-02,-0.1265468465859E-02,-0.2653476159983E-02, 0.1531482086503E-02,-0.1486397977784E-02, 0.5045412533979E-02, 0.5423798679809E-03
 0.2139571079263E-03,-0.2197223985328E-02, 0.3420230767550E-02,-0.1545016900136E-02,-0.2916230042731E-02, 0.1074543921916E-02,-0.1742615088973E-02, 0.4700719621275E-02, 0.2321292553137E-03
 0.6872526501082E-04,-0.2248840782726E-02, 0.3327376678460E-02,-0.1621958683780E-02,-0.2967199002746E-02, 0.9442962165554E-03,-0.1895696386965E-02, 0.4600991213278E-02, 0.1859592391634E-03
-0.1068790477292E-03,-0.2361085372018E-02, 0.3226060717267E-02,-0.1736214527721E-02,-0.3041157617126E-02, 0.8179069596133E-03,-0.2031905653065E-02, 0.4429098106158E-02, 0.9902818882938E-04
-0.3169429601871E-03,-0.2604421929934E-02, 0.3054939268708E-02,-0.1945223957439E-02,-0.3204486962327E-02, 0.6620680925315E-03,-0.2118282445035E-02, 0.4100191821491E-02,-0.1126694440637E-03
 0.1138912327540E-02,-0.1343130121074E-02, 0.4739981248308E-02,-0.8011291351338E-03,-0.2326115786312E-02, 0.2111065208741E-02,-0.9154561159083E-03, 0.5862563410990E-02, 0.1295914191895E-02
 0.8861404507242E-03,-0.1554084563062E-02, 0.4421439882918E-02,-0.7667889046539E-03,-0.2256567852348E-02, 0.1817917136607E-02,-0.1168430707480E-02, 0.5579755177095E-02, 0.1048825007434E-02
 0.6410780287334E-03,-0.1779273881865E-02, 0.4107389784626E-02,-0.9714085936538E-03,-0.2386275776572E-02, 0.1621524030439E-02,-0.1365342116948E-02, 0.5286018188821E-02, 0.7881065655586E-03
 0.4299545353670E-03,-0.1983342641727E-02, 0.3820121833732E-02,-0.1266951083940E-02,-0.2608898212528E-02, 0.1466792800196E-02,-0.1518567000776E-02, 0.5016970038098E-02, 0.5452770545409E-03
 0.4483092124342E-03,-0.1995456437609E-02, 0.3846976053555E-02,-0.1259172521174E-02,-0.2644663387378E-02, 0.1518238010783E-02,-0.1487333684130E-02, 0.5038980527122E-02, 0.5493527891527E-03
 0.2144422297033E-03,-0.2186696741609E-02, 0.3415095895346E-02,-0.1538655995594E-02,-0.2907521233816E-02, 0.1061943607323E-02,-0.1743463817381E-02, 0.4695410617018E-02, 0.2393575781720E-03
 0.6932083458214E-04,-0.2238355457524E-02, 0.3322468127569E-02,-0.1615577843391E-02,-0.2958549167560E-02, 0.9318779369640E-03,-0.1896489412393E-02, 0.4595945638542E-02, 0.1932426163362E-03
-0.1061475291989E-03,-0.2350646612415E-02, 0.3221436816928E-02,-0.1729848861503E-02,-0.3032577884304E-02, 0.8056989663410E-03,-0.2032652831111E-02, 0.4424429082447E-02, 0.1063900351121E-03
-0.3160404669901E-03,-0.2594053702524E-02, 0.3050756705566E-02,-0.1938946231681E-02,-0.3195999759749E-02, 0.6501422572170E-03,-0.2119018847963E-02, 0.4096164899485E-02,-0.1051757682159E-03
 0.1344542859503E-02,-0.1157546668808E-02, 0.4899276051369E-02,-0.6384060757681E-03,-0.2196814288163E-02, 0.2270333151566E-02,-0.7177228248177E-03, 0.6055381540132E-02, 0.1457652231942E-02
 0.1092416642192E-02,-0.1368726403571E-02, 0.4583211967022E-02,-0.6049219683739E-03,-0.2128597358350E-02, 0.1978489509969E-02,-0.9707607581705E-03, 0.5775338566819E-02, 0.1212215579278E-02
 0.8471782715977E-03,-0.1594897001308E-02, 0.4270990306933E-02,-0.8104898456290E-03,-0.2259754203464E-02, 0.1782478200982E-02,-0.1168323027073E-02, 0.5483740934707E-02, 0.9525825551139E-03
 0.6353361019428E-03,-0.1800366979097E-02, 0.3984946524443E-02,-0.1107068595025E-02,-0.2483833025293E-02, 0.1627588896402E-02,-0.1322547614422E-02, 0.5216158480817E-02, 0.7103305809970E-03
 0.6539210776256E-03,-0.1812397907333E-02, 0.4012368649529E-02,-0.1099173311348E-02,-0.2519468203767E-02, 0.1679279887764E-02,-0.1291227804708E-02, 0.5238884494069E-02, 0.7146414820080E-03
 0.4178737823376E-03,-0.2006439143149E-02, 0.3580734405630E-02,-0.1381094260205E-02,-0.2784949406253E-02, 0.1222334987660E-02,-0.1549535676048E-02, 0.4895318455795E-02, 0.4042794690893E-03
 0.2720203880980E-03,-0.2059204765601E-02, 0.3487930503584E-02,-0.1459169763605E-02,-0.2836991346131E-02, 0.1091871894679E-02,-0.1703426591345E-02, 0.4795726360215E-02, 0.3576975078692E-03
 0.9567389890955E-04,-0.2172747289159E-02, 0.3386586671473E-02,-0.1574041431574E-02,-0.2912201720595E-02, 0.9651081973755E-03,-0.1840611590307E-02, 0.4624251201670E-02, 0.2703693828820E-03
-0.1154743892209E-03,-0.2417784619442E-02, 0.3215646883068E-02,-0.1782775052134E-02,-0.3077214980887E-02, 0.8087365118137E-03,-0.1928362793438E-02, 0.4296566724472E-02, 0.5851367393533E-04
 0.1402741071772E-02,-0.1110677665996E-02, 0.4932705558665E-02,-0.5985218082465E-03,-0.2141590549307E-02, 0.2344689537497E-02,-0.6497442463606E-03, 0.6093123093620E-02, 0.1498881870248E-02
 0.1150954327335E-02,-0.1321756422504E-02, 0.4617679584293E-02,-0.5652662421335E-03,-0.2073818684537E-02, 0.2053276026702E-02,-0.9027253211488E-03, 0.5814122175551E-02, 0.1254122396442E-02
 0.9058551172352E-03,-0.1548035394568E-02, 0.4306335261715E-02,-0.7709561107689E-03,-0.2205433592170E-02, 0.1857458166175E-02,-0.1100408292918E-02, 0.5523487252021E-02, 0.9950367080485E-03
 0.6939981644985E-03,-0.1753748500113E-02, 0.4020988745314E-02,-0.1067630720414E-02,-0.2429965983181E-02, 0.1702622371514E-02,-0.1254867269034E-02, 0.5256707696692E-02, 0.7531855903128E-03
 0.7125759022049E-03,-0.1765760472760E-02, 0.4048427106888E-02,-0.1059740548907E-02,-0.2465557523619E-02, 0.1754277412439E-02,-0.1223541412462E-02, 0.5279484926537E-02, 0.7575159597501E-03
 0.4762299232215E-03,-0.1960412783332E-02, 0.3617553748586E-02,-0.1342091387774E-02,-0.2731906059234E-02, 0.1297442642188E-02,-0.1482409663776E-02, 0.4936672185291E-02, 0.4474302078000E-03
 0.3302771861645E-03,-0.2013441111835E-02, 0.3524860674741E-02,-0.1420379090651E-02,-0.2784308748044E-02, 0.1166896913025E-02,-0.1636531055467E-02, 0.4837226185224E-02, 0.4007947242424E-03
 0.1538189639864E-03,-0.2127252352395E-02, 0.3423630512370E-02,-0.1535447974208E-02,-0.2859932263983E-02, 0.1040013784623E-02,-0.1773990991824E-02, 0.4666008150311E-02, 0.3134436075063E-03
-0.5748954894415E-04,-0.2372585595611E-02, 0.3252948232816E-02,-0.1744355239354E-02,-0.3025475902008E-02, 0.8835181398045E-03,-0.1862118284184E-02, 0.4338903176603E-02, 0.1017190288583E-03
 0.1466168059830E-02,-0.1057965159213E-02, 0.4984372931194E-02,-0.5406579928102E-03,-0.2065260636491E-02, 0.2426910359977E-02,-0.5825940370350E-03, 0.6141122310312E-02, 0.1552489379912E-02
 0.1214822861556E-02,-0.1268889453826E-02, 0.4670482187008E-02,-0.5076696054983E-03,-0.1997982369980E-02, 0.2136039880062E-02,-0.8353940050710E-03, 0.5863353490628E-02, 0.1308537299437E-02
 0.9699168249178E-03,-0.1495256912035E-02, 0.4360120872997E-02,-0.7135432582043E-03,-0.2130178836977E-02, 0.1940474312603E-02,-0.1033118137199E-02, 0.5573813802575E-02, 0.1050091935804E-02
 0.7580626180525E-03,-0.1701218082424E-02, 0.4075559087437E-02,-0.1010390716632E-02,-0.2355326286275E-02, 0.1785712824709E-02,-0.1187764368344E-02, 0.5307916780418E-02, 0.8086973619813E-03
 0.7766526304447E-03,-0.1713206041159E-02, 0.4103063248394E-02,-0.1002495755368E-02,-0.2390868663514E-02, 0.1837357647906E-02,-0.1156435824197E-02, 0.5330810648097E-02, 0.8130658274240E-03
 0.5399603661794E-03,-0.1908523754065E-02, 0.3672914494779E-02,-0.1285454113466E-02,-0.2658379126953E-02, 0.1380598756063E-02,-0.1415814867388E-02, 0.4988704870856E-02, 0.5032368756283E-03
 0.3938892295670E-03,-0.1961845333612E-02, 0.3580292630330E-02,-0.1364087627529E-02,-0.2711249355031E-02, 0.1249947477471E-02,-0.1570144282585E-02, 0.4889387251323E-02, 0.4565164733644E-03
 0.2172925115053E-03,-0.2075957536055E-02, 0.3479127333390E-02,-0.1479279468243E-02,-0.2787412642452E-02, 0.1122912448163E-02,-0.1707865948471E-02, 0.4718408313154E-02, 0.3691098476625E-03
 0.5786031245249E-05,-0.2321618956705E-02, 0.3308660813653E-02,-0.1687897472776E-02,-0.2953666879853E-02, 0.9662529772329E-03,-0.1796371970222E-02, 0.4391877899747E-02, 0.1574974104881E-03
 0.1561101894062E-02,-0.9693337136210E-03, 0.5089376618379E-02,-0.4289391466849E-03,-0.1944990419398E-02, 0.2522168705854E-02,-0.5016762092333E-03, 0.6234624412839E-02, 0.1649303551299E-02
 0.1310369441348E-02,-0.1180130104974E-02, 0.4776957664292E-02,-0.3964213317160E-03,-0.1878429412896E-02, 0.2232174646700E-02,-0.7541136742289E-03, 0.5958640067552E-02, 0.1406468922850E-02
 0.1065647492451E-02,-0.1406765480599E-02, 0.4467864585214E-02,-0.6027811587981E-03,-0.2011584616984E-02, 0.2036996437237E-02,-0.9518426365433E-03, 0.5670573530299E-02, 0.1148839058562E-02
 0.8536712740971E-03,-0.1613238491447E-02, 0.4184287214809E-02,-0.9001537199070E-03,-0.2237792025869E-02, 0.1882321748063E-02,-0.1106729530607E-02, 0.5405776581748E-02, 0.9079615137174E-03
 0.8723340367935E-03,-0.1625188043488E-02, 0.4212003744987E-02,-0.8922225000009E-03,-0.2273271339500E-02, 0.1934033315235E-02,-0.1075397295756E-02, 0.5428973399356E-02, 0.9124257921143E-03
 0.6348969359276E-03,-0.1821692022625E-02, 0.3782438934679E-02,-0.1176477412107E-02,-0.2542707434852E-02, 0.1477233612967E-02,-0.1335442851701E-02, 0.5087398573422E-02, 0.6026536035011E-03
 0.4885683340464E-03,-0.1875516160191E-02, 0.3689776079374E-02,-0.1255867888044E-02,-0.2596319955791E-02, 0.1346424157952E-02,-0.1490028163980E-02, 0.4988139363562E-02, 0.5557171137864E-03
 0.3116566074192E-03,-0.1990175878123E-02, 0.3588526437729E-02,-0.1371108081878E-02,-0.2673350986489E-02, 0.1219146511029E-02,-0.1628094910145E-02, 0.4817343900409E-02, 0.4681103012005E-03
 0.9969512888492E-04,-0.2236499175710E-02, 0.3418119277611E-02,-0.1578470967115E-02,-0.2840787001044E-02, 0.1062182222002E-02,-0.1717139839745E-02, 0.4491395096842E-02, 0.2564716908930E-03
 0.1594313683945E-02,-0.1438988063350E-02, 0.5601884304054E-02,-0.5618787156463E-03,-0.2586266380624E-02, 0.2757068679992E-02,-0.7860604484895E-03, 0.6955067055314E-02, 0.1755886361858E-02
 0.1330603904605E-02,-0.1653829001833E-02, 0.5258928471835E-02,-0.5298423359490E-03,-0.2513843252595E-02, 0.2450093011951E-02,-0.1045793064204E-02, 0.6654228404571E-02, 0.1497830486314E-02
 0.1077219887903E-02,-0.1880984407107E-02, 0.4927939373561E-02,-0.7392698065455E-03,-0.2642193297545E-02, 0.2244184163845E-02,-0.1246707710093E-02, 0.6344659324221E-02, 0.1228032809488E-02
 0.8595802811153E-03,-0.2085851615413E-02, 0.4628281211409E-02,-0.1040485090912E-02,-0.2864436042270E-02, 0.2081942404516E-02,-0.1402448596902E-02, 0.6061676092684E-02, 0.9775381070831E-03
 0.8820865721743E-03,-0.2095456730342E-02, 0.4659504364872E-02,-0.1029385371703E-02,-0.2898594333635E-02, 0.2138248217061E-02,-0.1367768808652E-02, 0.6087808661425E-02, 0.9852105233955E-03
 0.6332088863817E-03,-0.2290310786094E-02, 0.4200414504175E-02,-0.1319574954862E-02,-0.3163077738236E-02, 0.1658861227556E-02,-0.1632985936270E-02, 0.5716732289720E-02, 0.6586367283411E-03
 0.4821243783976E-03,-0.2342456728139E-02, 0.4100143491770E-02,-0.1401411730397E-02,-0.3213509598565E-02, 0.1521959508339E-02,-0.1789629643822E-02, 0.5608494529252E-02, 0.6085502097947E-03
 0.3001257782398E-03,-0.2455885199512E-02, 0.3991153261727E-02,-0.1511570701955E-02,-0.3286914014064E-02, 0.1388974675441E-02,-0.1929040460147E-02, 0.5426396477119E-02, 0.5169123274504E-03
 0.8297692208656E-04,-0.2701599918858E-02, 0.3810073230214E-02,-0.1700147594770E-02,-0.3449964894940E-02, 0.1225524958967E-02,-0.2017606197890E-02, 0.5082925844068E-02, 0.2978774730476E-03
 0.1718273111331E-02,-0.1310496483865E-02, 0.5707651116920E-02,-0.4409197789759E-03,-0.2457051747123E-02, 0.2886672690588E-02,-0.6763606104240E-03, 0.6982191313436E-02, 0.1785026752281E-02
 0.1454668513756E-02,-0.1526068816197E-02, 0.5366188543158E-02,-0.4098870535839E-03,-0.2386025049299E-02, 0.2580173362605E-02,-0.9364263848881E-03, 0.6682950057512E-02, 0.1527810849975E-02
 0.1200802699051E-02,-0.1754516276524E-02, 0.5036205201723E-02,-0.6204523507022E-03,-0.2516079160623E-02, 0.2374112350724E-02,-0.1138141031306E-02, 0.6374569862007E-02, 0.1258478060000E-02
 0.9823550377797E-03,-0.1960916385637E-02, 0.4737181138838E-02,-0.9228437042786E-03,-0.2740092028711E-02, 0.2211417078618E-02,-0.1294896583231E-02, 0.6092452703981E-02, 0.1008191966362E-02
 0.1004973359320E-02,-0.1970475516710E-02, 0.4768678465972E-02,-0.9116532858188E-03,-0.2774207636012E-02, 0.2267834283634E-02,-0.1260178494863E-02, 0.6119005739030E-02, 0.1015997838560E-02
 0.7544316578008E-03,-0.2167884633396E-02, 0.4309931033617E-02,-0.1204016716597E-02,-0.3041505825646E-02, 0.1787833448437E-02,-0.1527098537817E-02, 0.5748615408602E-02, 0.6894142041118E-03
 0.6029509242475E-03,-0.2220924819222E-02, 0.4209652619915E-02,-0.1286720963347E-02,-0.3092941499520E-02, 0.1650663667452E-02,-0.1684289019127E-02, 0.5640665001295E-02, 0.6392417117868E-03
 0.4204389125936E-03,-0.2335393791797E-02, 0.4100559077597E-02,-0.1397524019834E-02,-0.3167539528898E-02, 0.1517255647219E-02,-0.1824395253012E-02, 0.5458865772393E-02, 0.5474920595482E-03
 0.2023816860456E-03,-0.2582585110211E-02, 0.3919365740745E-02,-0.1586441123063E-02,-0.3332307292703E-02, 0.1353119691249E-02,-0.1914059301894E-02, 0.5115846985505E-02, 0.3283741830607E-03
 0.1864051342646E-02,-0.1162923179938E-02, 0.5832052428964E-02,-0.3008515018760E-03,-0.2323309278829E-02, 0.2999973205328E-02,-0.5756074752231E-03, 0.7060545608011E-02, 0.1896672863854E-02
 0.1600857167366E-02,-0.1378979751137E-02, 0.5492544161156E-02,-0.2706687906398E-03,-0.2253544140374E-02, 0.2694411490804E-02,-0.8355958257463E-03, 0.6763432372129E-02, 0.1640514679886E-02
 0.1346748592613E-02,-0.1608534416865E-02, 0.5164002779607E-02,-0.4822321750377E-03,-0.2385173765963E-02, 0.2488569350020E-02,-0.1037770242215E-02, 0.6456716639715E-02, 0.1371798918751E-02
 0.1127661970278E-02,-0.1816344177945E-02, 0.4865977477799E-02,-0.7856937200518E-03,-0.2610848026213E-02, 0.2325705843445E-02,-0.1195269887192E-02, 0.6175822604027E-02, 0.1121780926489E-02
 0.1150425076629E-02,-0.1825856859130E-02, 0.4897803256109E-02,-0.7744121991330E-03,-0.2644914718599E-02, 0.2382268208772E-02,-0.1160531755223E-02, 0.6202822371073E-02, 0.1129745825383E-02
 0.8982999904238E-03,-0.2025756989454E-02, 0.4439671887340E-02,-0.1068919551858E-02,-0.2914929933158E-02, 0.1901950974802E-02,-0.1428801512925E-02, 0.5833196395853E-02, 0.8028596327585E-03
 0.7463688148625E-03,-0.2079717846001E-02, 0.4339422301189E-02,-0.1152581433129E-02,-0.2967362084725E-02, 0.1764594764261E-02,-0.1586427553849E-02, 0.5725501619755E-02, 0.7523942084450E-03
 0.5632829880052E-03,-0.2195256993633E-02, 0.4230257726633E-02,-0.1263901554481E-02,-0.3043143973043E-02, 0.1630846889309E-02,-0.1727121391784E-02, 0.5544041578744E-02, 0.6603303998895E-03
 0.3443016141969E-03,-0.2443930925269E-02, 0.4049040317831E-02,-0.1452599113293E-02,-0.3209592301625E-02, 0.1466152989745E-02,-0.1817753760458E-02, 0.5201683160137E-02, 0.4409718076347E-03
 0.2009660049002E-02,-0.1017767911531E-02, 0.5953468408623E-02,-0.1646983846467E-03,-0.2201704969620E-02, 0.3096732493435E-02,-0.4793553163225E-03, 0.7164185719080E-02, 0.2038676755565E-02
 0.1747040199055E-02,-0.1234102453787E-02, 0.5616045479450E-02,-0.1351930869871E-03,-0.2133012989688E-02, 0.2792306036874E-02,-0.7390798991050E-03, 0.6869343899188E-02, 0.1783652333300E-02
 0.1492881867874E-02,-0.1464534154469E-02, 0.5289112991742E-02,-0.3475508710809E-03,-0.2265973552294E-02, 0.2586896059099E-02,-0.9415108603829E-03, 0.6564467707285E-02, 0.1515639881997E-02
 0.1273344828451E-02,-0.1673532847364E-02, 0.4992251142398E-02,-0.6518824419576E-03,-0.2493053836129E-02, 0.2424064445033E-02,-0.1099561893180E-02, 0.6284947962059E-02, 0.1265956579958E-02
 0.1296249466484E-02,-0.1683002584518E-02, 0.5024393379149E-02,-0.6405221721972E-03,-0.2527068178858E-02, 0.2480765359617E-02,-0.1064812881640E-02, 0.6312354544715E-02, 0.1274074905411E-02
 0.1042773716843E-02,-0.1885110544946E-02, 0.4567060146390E-02,-0.9369097641781E-03,-0.2799442282247E-02, 0.2000383847727E-02,-0.1334178945425E-02, 0.5943541086403E-02, 0.9468461368867E-03
 0.8904201126860E-03,-0.1939919450960E-02, 0.4466875453555E-02,-0.1021468746078E-02,-0.2852761990200E-02, 0.1862911950677E-02,-0.1492172505080E-02, 0.5836068067667E-02, 0.8960251314974E-03
 0.7068023730667E-03,-0.2056438483135E-02, 0.4357688975851E-02,-0.1133195225708E-02,-0.2929595299164E-02, 0.1728912568210E-02,-0.1633372230475E-02, 0.5654965122933E-02, 0.8035952109797E-03
 0.4870064205660E-03,-0.2306440207483E-02, 0.4176543972042E-02,-0.1321442165968E-02,-0.3097514667449E-02, 0.1563805885460E-02,-0.1724840229150E-02, 0.5313394598156E-02, 0.5839825809140E-03
 0.2007235727484E-02,-0.1008340742941E-02, 0.5943417349954E-02,-0.1602125680868E-03,-0.2193634072910E-02, 0.3080648886791E-02,-0.4819638584810E-03, 0.7153610453571E-02, 0.2043183818990E-02
 0.1744655452415E-02,-0.1224725704135E-02, 0.5606338898032E-02,-0.1308408846467E-03,-0.2125057821689E-02, 0.2776353134461E-02,-0.7416524503717E-03, 0.6859029995758E-02, 0.1788209414916E-02
 0.1490597133596E-02,-0.1455235851065E-02, 0.5279828703438E-02,-0.3432315458378E-03,-0.2258126786642E-02, 0.2571133629040E-02,-0.9440710552026E-03, 0.6554610161731E-02, 0.1520297731237E-02
 0.1271197879778E-02,-0.1664319464482E-02, 0.4983426804082E-02,-0.6475350386594E-03,-0.2485301229420E-02, 0.2408540541387E-02,-0.1102113184055E-02, 0.6275650605202E-02, 0.1270743733029E-02
 0.1293919822980E-02,-0.1673823465625E-02, 0.5015234718889E-02,-0.6362722302473E-03,-0.2519332092298E-02, 0.2465002703999E-02,-0.1067426677674E-02, 0.6302760129635E-02, 0.1278731206588E-02
 0.1040925002146E-02,-0.1876000213784E-02, 0.4559108042709E-02,-0.9324824671911E-03,-0.2791807595052E-02, 0.1985434302825E-02,-0.1336642058152E-02, 0.5935310939496E-02, 0.9518886533141E-03
 0.8887252759430E-03,-0.1930834054342E-02, 0.4459196790827E-02,-0.1016981704640E-02,-0.2845171065707E-02, 0.1848183347396E-02,-0.1494559361567E-02, 0.5828133730322E-02, 0.9011536955995E-03
 0.7052984421823E-03,-0.2047376609763E-02, 0.4350357731813E-02,-0.1128713774257E-02,-0.2922057630739E-02, 0.1714444994100E-02,-0.1635688536167E-02, 0.5647463609696E-02, 0.8088439130975E-03
 0.4857558138888E-03,-0.2297412683238E-02, 0.4169770945915E-02,-0.1317090538577E-02,-0.3090054467013E-02, 0.1549702612613E-02,-0.1727112052155E-02, 0.5306684582187E-02, 0.5894318961459E-03
 0.2212415571280E-02,-0.8207105211182E-03, 0.6100865044544E-02, 0.3764368999456E-05,-0.2061574803965E-02, 0.3239676466629E-02,-0.2825710211651E-03, 0.7343546510880E-02, 0.2205166115356E-02
 0.1950870731158E-02,-0.1037145750752E-02, 0.5766685831409E-02, 0.3250848296250E-04,-0.1994249818497E-02, 0.2937058943932E-02,-0.5421059926278E-03, 0.7052128793695E-02, 0.1952070539649E-02
 0.1697007760633E-02,-0.1268459726815E-02, 0.5442394856873E-02,-0.1805712444063E-03,-0.2128674422832E-02, 0.2732522196062E-02,-0.7449883887456E-03, 0.6750254911757E-02, 0.1685460107012E-02
 0.1477213321184E-02,-0.1478784237644E-02, 0.5147554104915E-02,-0.4856652190702E-03,-0.2357214098611E-02, 0.2570014142635E-02,-0.9038755488088E-03, 0.6473113729033E-02, 0.1436674336893E-02
 0.1500247233358E-02,-0.1488194491853E-02, 0.5180028199398E-02,-0.4742355397826E-03,-0.2391124622243E-02, 0.2626810807002E-02,-0.8690959002870E-03, 0.6500949465423E-02, 0.1444958031272E-02
 0.1245376681442E-02,-0.1692992016946E-02, 0.4724471204645E-02,-0.7726575341361E-03,-0.2666100591059E-02, 0.2146875797568E-02,-0.1140293517934E-02, 0.6133784917110E-02, 0.1117934862010E-02
 0.1092591179731E-02,-0.1748882965354E-02, 0.4624523843417E-02,-0.8582263268284E-03,-0.2720462306042E-02, 0.2009341199971E-02,-0.1298990685440E-02, 0.6026645183984E-02, 0.1066791983698E-02
 0.9084445465074E-03,-0.1866611037596E-02, 0.4515508342888E-02,-0.9704986571354E-03,-0.2798510407995E-02, 0.1875123902445E-02,-0.1441061423670E-02, 0.5846220331874E-02, 0.9740756954279E-03
 0.6878495240581E-03,-0.2118160547172E-02, 0.4334826554127E-02,-0.1158465860688E-02,-0.2968050452765E-02, 0.1709694592578E-02,-0.1533791819194E-02, 0.5506284185124E-02, 0.7544925101656E-03
 0.2269431407274E-02,-0.7738232486138E-03, 0.6132628818052E-02, 0.4320594037193E-04,-0.2005788678516E-02, 0.3312436355755E-02,-0.2147430075825E-03, 0.7379426226332E-02, 0.2245611263979E-02
 0.2008355931722E-02,-0.9901071182420E-03, 0.5799635063992E-02, 0.7179993488952E-04,-0.1938889727658E-02, 0.3010413342372E-02,-0.4741496928722E-03, 0.7089182087413E-02, 0.1993264715218E-02
 0.1754771802507E-02,-0.1221473861705E-02, 0.5476367638720E-02,-0.1413097306594E-03,-0.2073741201880E-02, 0.2806213340443E-02,-0.6770853821358E-03, 0.6788404278029E-02, 0.1727281042005E-02
 0.1535094523540E-02,-0.1431987643262E-02, 0.5182359733812E-02,-0.4464089002119E-03,-0.2302699397987E-02, 0.2643885924940E-02,-0.8361463942351E-03, 0.6512192104101E-02, 0.1478973475037E-02
 0.1558122943600E-02,-0.1441383315570E-02, 0.5214866798382E-02,-0.4349842222821E-03,-0.2336569137216E-02, 0.2700641205580E-02,-0.8013700252252E-03, 0.6540114782811E-02, 0.1487276370347E-02
 0.1303122531995E-02,-0.1646712977699E-02, 0.4760255251395E-02,-0.7337191270769E-03,-0.2612361143074E-02, 0.2221047153101E-02,-0.1073029662389E-02, 0.6173861886294E-02, 0.1160639582623E-02
 0.1150299432080E-02,-0.1702844350443E-02, 0.4660473825669E-02,-0.8194603998059E-03,-0.2667070589836E-02, 0.2083498242735E-02,-0.1231918049027E-02, 0.6066915904473E-02, 0.1109473342292E-02
 0.9661127860479E-03,-0.1820813256317E-02, 0.4551634393235E-02,-0.9319073979599E-03,-0.2745515423787E-02, 0.1949233416424E-02,-0.1374224223396E-02, 0.5886814626558E-02, 0.1016771434305E-02
 0.7454584863831E-03,-0.2072613492408E-02, 0.4371308041321E-02,-0.1120046335960E-02,-0.2915557898210E-02, 0.1783780499435E-02,-0.1467288150014E-02, 0.5547582016937E-02, 0.7973817549807E-03
 0.2331940881512E-02,-0.7208636174129E-03, 0.6182617704317E-02, 0.1008380970596E-03,-0.1928526725275E-02, 0.3393303065019E-02,-0.1475066367350E-03, 0.7425743735841E-02, 0.2298622144032E-02
 0.2071451061717E-02,-0.9369338952077E-03, 0.5850931388658E-02, 0.1292524144608E-03,-0.1862101722208E-02, 0.3092003222793E-02,-0.4066554389098E-03, 0.7136880294724E-02, 0.2047167996891E-02
 0.1818209788450E-02,-0.1168325871898E-02, 0.5528814667100E-02,-0.8393145400547E-04,-0.1997496500578E-02, 0.2888208243002E-02,-0.6095602083882E-03, 0.6837342925709E-02, 0.1781914976540E-02
 0.1598673815415E-02,-0.1379027812038E-02, 0.5235744491585E-02,-0.3890935863025E-03,-0.2227024902349E-02, 0.2726087400881E-02,-0.7687444710869E-03, 0.6562145245681E-02, 0.1534149703347E-02
 0.1621724267611E-02,-0.1388402901351E-02, 0.5268345033383E-02,-0.3776599681860E-03,-0.2260850618511E-02, 0.2782836380689E-02,-0.7339720047310E-03, 0.6590229144130E-02, 0.1542496210288E-02
 0.1366544784857E-02,-0.1594314640878E-02, 0.4814651586438E-02,-0.6768729542416E-03,-0.2537737943967E-02, 0.2303545230597E-02,-0.1006045579813E-02, 0.6224823420120E-02, 0.1216228879920E-02
 0.1213665593412E-02,-0.1650716348206E-02, 0.4715004027432E-02,-0.7629163293679E-03,-0.2592901759597E-02, 0.2165960731382E-02,-0.1165105243974E-02, 0.6118060703563E-02, 0.1165008230882E-02
 0.1029411633394E-02,-0.1768957725504E-02, 0.4606296783461E-02,-0.8754572758718E-03,-0.2671868737491E-02, 0.2031615861764E-02,-0.1307635877495E-02, 0.5938268772020E-02, 0.1072288810150E-02
 0.8086591664564E-03,-0.2021039378794E-02, 0.4426285644016E-02,-0.1063292126708E-02,-0.2842587601939E-02, 0.1866097050980E-02,-0.1401036152494E-02, 0.5599726616140E-02, 0.8530766576173E-03
 0.2426245185246E-02,-0.6314566471421E-03, 0.6285467810131E-02, 0.2126986807742E-03,-0.1806542594708E-02, 0.3487712758260E-02,-0.6602357367567E-04, 0.7517227725175E-02, 0.2395022819724E-02
 0.2166578600958E-02,-0.8473052792523E-03, 0.5955520596164E-02, 0.2407663589335E-03,-0.1740804118810E-02, 0.3187516224224E-02,-0.3247044383442E-03, 0.7230376677589E-02, 0.2144819678049E-02
 0.1913726628764E-02,-0.1078868489515E-02, 0.5634925702275E-02, 0.2726530753080E-04,-0.1877098536772E-02, 0.2984295684423E-02,-0.5275171275451E-03, 0.6932534933832E-02, 0.1880516249027E-02
 0.1694251285953E-02,-0.1289993461102E-02, 0.5343065651074E-02,-0.2782488847607E-03,-0.2107618181372E-02, 0.2822417373937E-02,-0.6868581941274E-03, 0.6658631482865E-02, 0.1633390709609E-02
 0.1717407002318E-02,-0.1299329885719E-02, 0.5375932036985E-02,-0.2667620756941E-03,-0.2141388644230E-02, 0.2879266077284E-02,-0.6520814219225E-03, 0.6687070403809E-02, 0.1641855288672E-02
 0.1461678557634E-02,-0.1506317420925E-02, 0.4923080167179E-02,-0.5670943373170E-03,-0.2420102481594E-02, 0.2400152381223E-02,-0.9247116708317E-03, 0.6322355415155E-02, 0.1315786007388E-02
 0.1308621736053E-02,-0.1563192104203E-02, 0.4823486719678E-02,-0.6538328666518E-03,-0.2475993916862E-02, 0.2262486541268E-02,-0.1083988007099E-02, 0.6215744059041E-02, 0.1264387830715E-02
 0.1124140467991E-02,-0.1681943162260E-02, 0.4714789585060E-02,-0.7663756311312E-03,-0.2555807841852E-02, 0.2127974013559E-02,-0.1226823925181E-02, 0.6036244311239E-02, 0.1171516302361E-02
 0.9030516472994E-03,-0.1934621524497E-02, 0.4534961350764E-02,-0.9529179055856E-03,-0.2727661481274E-02, 0.1962246454079E-02,-0.1320714312480E-02, 0.5698426539114E-02, 0.9523643213469E-03
 0.2585278345410E-02,-0.9993372659380E-03, 0.6933397945082E-02, 0.1935137982694E-03,-0.2358974545012E-02, 0.3847851788797E-02,-0.2450261304377E-03,-0.1685159576432E-02, 0.2619160710982E-02
 0.2309840653103E-02,-0.1220774106210E-02, 0.6569126858117E-02, 0.2192121153016E-03,-0.2288381551419E-02, 0.3527769150744E-02,-0.5127096888891E-03,-0.1893209582328E-02, 0.2351939381460E-02
 0.2045630209576E-02,-0.1454371789499E-02, 0.6223540335259E-02, 0.4386183714551E-06,-0.2420989517668E-02, 0.3311366289722E-02,-0.7202281174816E-03,-0.2097578225169E-02, 0.2073751368061E-02
 0.1818033810617E-02,-0.1665313353182E-02, 0.5913012186039E-02,-0.3111140106041E-03,-0.2648679001203E-02, 0.3139787570973E-02,-0.8817819846979E-03,-0.2271864222090E-02, 0.1815410421165E-02
 0.1845114519708E-02,-0.1672009364053E-02, 0.5949137060702E-02,-0.2963157781184E-03,-0.2680832507021E-02, 0.3201346253875E-02,-0.8433359458447E-03,-0.2275313853581E-02, 0.1827230033354E-02
 0.1574230329551E-02,-0.1879960271240E-02, 0.5462626246625E-02,-0.6057859370232E-03,-0.2956824749908E-02, 0.2695680021251E-02,-0.1123798308933E-02,-0.2424583146701E-02, 0.1481524728393E-02
 0.1414967420443E-02,-0.1935997175914E-02, 0.5354044749145E-02,-0.6965366147181E-03,-0.3010191397669E-02, 0.2550568085740E-02,-0.1286114774711E-02,-0.2538456251521E-02, 0.1426060982663E-02
 0.1223804564461E-02,-0.2054498826811E-02, 0.5236168122986E-02,-0.8035262960944E-03,-0.3087119728218E-02, 0.2408962458627E-02,-0.1431305088826E-02,-0.2678155252831E-02, 0.1328130568930E-02
 0.9954973857376E-03,-0.2307957060775E-02, 0.5043719285522E-02,-0.9672268766704E-03,-0.3255634116941E-02, 0.2235021951537E-02,-0.1525870485700E-02,-0.2844292751739E-02, 0.1100143935865E-02
 0.2705660611522E-02,-0.8713947077592E-03, 0.7034353532111E-02, 0.3129634054288E-03,-0.2229141831742E-02, 0.3973888302212E-02,-0.1363139810708E-03,-0.1642547618288E-02, 0.2646631758069E-02
 0.2430625428397E-02,-0.1093425059793E-02, 0.6671967379749E-02, 0.3378219609716E-03,-0.2159892187254E-02, 0.3654625924956E-02,-0.4041749292975E-03,-0.1850635130365E-02, 0.2380389663746E-02
 0.2166229782005E-02,-0.1328171644321E-02, 0.6327748741888E-02, 0.1181233535553E-03,-0.2294125425195E-02, 0.3438360304850E-02,-0.6123503412818E-03,-0.2055451001018E-02, 0.2102803505220E-02
 0.1938096363997E-02,-0.1540511984083E-02, 0.6018184448398E-02,-0.1943886208967E-03,-0.2523498813408E-02, 0.3266577571492E-02,-0.7747925134574E-03,-0.2230402496573E-02, 0.1844798178542E-02
 0.1965318976584E-02,-0.1547148126598E-02, 0.6054697554920E-02,-0.1794733229114E-03,-0.2555597674249E-02, 0.3328264715127E-02,-0.7362988553652E-03,-0.2233859803842E-02, 0.1856780159476E-02
 0.1693106979743E-02,-0.1757484020264E-02, 0.5568966214010E-02,-0.4908774872144E-03,-0.2834295112022E-02, 0.2822405283400E-02,-0.1018286324117E-02,-0.2384341427690E-02, 0.1511229604944E-02
 0.1533585311809E-02,-0.1814357599879E-02, 0.5460517355341E-02,-0.5823952380521E-03,-0.2888633499308E-02, 0.2677166435911E-02,-0.1181071366758E-02,-0.2498516177767E-02, 0.1455749783911E-02
 0.1342061093437E-02,-0.1933829362995E-02, 0.5342682009956E-02,-0.6899862425736E-03,-0.2966718122707E-02, 0.2535280129208E-02,-0.1326880494358E-02,-0.2638605297942E-02, 0.1357778783104E-02
 0.1113045899704E-02,-0.2188654166474E-02, 0.5150340183555E-02,-0.8540687822024E-03,-0.3136888540312E-02, 0.2360837120603E-02,-0.1422462701978E-02,-0.2805441923528E-02, 0.1129795984806E-02
 0.2848446970900E-02,-0.7240897181143E-03, 0.7153950597558E-02, 0.4517817818773E-03,-0.2094506289320E-02, 0.4084401982787E-02,-0.3617417441968E-04,-0.1548543336399E-02, 0.2756094264564E-02
 0.2574162587637E-02,-0.9464451682989E-03, 0.6793944126451E-02, 0.4759789462073E-03,-0.2026450445772E-02, 0.3766414659509E-02,-0.3037961058580E-03,-0.1756693546211E-02, 0.2491107569151E-02
 0.2309856906489E-02,-0.1182133362743E-02, 0.6451568971251E-02, 0.2555270005875E-03,-0.2162165632414E-02, 0.3550650890723E-02,-0.5122822475988E-03,-0.1962030984720E-02, 0.2214339288023E-02
 0.2081383197878E-02,-0.1395729135040E-02, 0.6143364572907E-02,-0.5780709341826E-04,-0.2393101360512E-02, 0.3378940187000E-02,-0.6753375138083E-03,-0.2137758211895E-02, 0.1956789905390E-02
 0.2108794678718E-02,-0.1402305699448E-02, 0.6180283881780E-02,-0.4276802190126E-04,-0.2425143148651E-02, 0.3440816305360E-02,-0.6368104500520E-03,-0.2141182463879E-02, 0.1968966962904E-02
 0.1835344779967E-02,-0.1614942747564E-02, 0.5695625810576E-02,-0.3560538803315E-03,-0.2706432486141E-02, 0.2934996017019E-02,-0.9199750762983E-03,-0.2293192272116E-02, 0.1623349772444E-02
 0.1675521840567E-02,-0.1672676869868E-02, 0.5587364514140E-02,-0.4484220944988E-03,-0.2761735302041E-02, 0.2789698759768E-02,-0.1083125924741E-02,-0.2407893750000E-02, 0.1567654061535E-02
 0.1483587268459E-02,-0.1793142445079E-02, 0.5469619248092E-02,-0.5564773281176E-03,-0.2840965346159E-02, 0.2647599400735E-02,-0.1229452952318E-02,-0.2548610125935E-02, 0.1469458254818E-02
 0.1253859204331E-02,-0.2049324404855E-02, 0.5277472992858E-02,-0.7203624354210E-03,-0.3012749413119E-02, 0.2472758949716E-02,-0.1325922259781E-02,-0.2716360349573E-02, 0.1241375102656E-02
 0.2991566575261E-02,-0.5790368735087E-03, 0.7270982022795E-02, 0.5869193689504E-03,-0.1971955554330E-02, 0.4178960755774E-02, 0.5968377723018E-04,-0.1429835003176E-02, 0.2895855595651E-02
 0.2718192952651E-02,-0.8015129867010E-03, 0.6913467123100E-02, 0.6106268727269E-03,-0.1904901520519E-02, 0.3862417577106E-02,-0.2075172080326E-03,-0.1638059256742E-02, 0.2632213037702E-02
 0.2454165404044E-02,-0.1037913675860E-02, 0.6573089555423E-02, 0.3896226289574E-03,-0.2041854036919E-02, 0.3647346561391E-02,-0.4161148596306E-03,-0.1843915878496E-02, 0.2356364758490E-02
 0.2225534145242E-02,-0.1252545174372E-02, 0.6266396561338E-02, 0.7566288371386E-04,-0.2274098895172E-02, 0.3475888243574E-02,-0.5795944382418E-03,-0.2020415750159E-02, 0.2099353548399E-02
 0.2253133200343E-02,-0.1259068266730E-02, 0.6303680748099E-02, 0.9081261161562E-04,-0.2306083643622E-02, 0.3537955001098E-02,-0.5410447505174E-03,-0.2023782537523E-02, 0.2111719318668E-02
 0.1978661360255E-02,-0.1473725533011E-02, 0.5820253260252E-02,-0.2240981269073E-03,-0.2589608803806E-02, 0.3032371841419E-02,-0.8251404192156E-03,-0.2177388770084E-02, 0.1766013497107E-02
 0.1818560527155E-02,-0.1532250571709E-02, 0.5712211372503E-02,-0.3172614696622E-03,-0.2645769424109E-02, 0.2887071091135E-02,-0.9885943283132E-03,-0.2292711883964E-02, 0.1710036645183E-02
 0.1626252380081E-02,-0.1653621929369E-02, 0.5594601282689E-02,-0.4256687208518E-03,-0.2726014791192E-02, 0.2744830646390E-02,-0.1135362350030E-02,-0.2434147044718E-02, 0.1611566123745E-02
 0.1395913653859E-02,-0.1911006915522E-02, 0.5402731957865E-02,-0.5891113930800E-03,-0.2899205632148E-02, 0.2569717010940E-02,-0.1232589609524E-02,-0.2602859985545E-02, 0.1383385093799E-02
 0.2986317828219E-02,-0.5713337706390E-03, 0.7257456479403E-02, 0.5890626979665E-03,-0.1965167137037E-02, 0.4160070738795E-02, 0.5517924213444E-04,-0.1413200032628E-02, 0.2897738077633E-02
 0.2713028058716E-02,-0.7938529862906E-03, 0.6900375768509E-02, 0.6126537258045E-03,-0.1898232000366E-02, 0.3843699723264E-02,-0.2119786619875E-03,-0.1621467010730E-02, 0.2634172089740E-02
 0.2449171759283E-02,-0.1030311246976E-02, 0.6560516902786E-02, 0.3916665263610E-03,-0.2035286248349E-02, 0.3628889335530E-02,-0.4205429446838E-03,-0.1827400457469E-02, 0.2358476771428E-02
 0.2220760942847E-02,-0.1244999277245E-02, 0.6254392564466E-02, 0.7779954491855E-04,-0.2267612383260E-02, 0.3457751487841E-02,-0.5839843900194E-03,-0.2003997517693E-02, 0.2101659303798E-02
 0.2248125481499E-02,-0.1251571995294E-02, 0.6291369013342E-02, 0.9281710441811E-04,-0.2299615912805E-02, 0.3519513588822E-02,-0.5455187360851E-03,-0.2007356500493E-02, 0.2113850651067E-02
 0.1974323810660E-02,-0.1466227544736E-02, 0.5809398198971E-02,-0.2217799828335E-03,-0.2583210322956E-02, 0.3014941061585E-02,-0.8293819048680E-03,-0.2161171057985E-02, 0.1768686645000E-02
 0.1814423576449E-02,-0.1524754901123E-02, 0.5701665561476E-02,-0.3148386527101E-03,-0.2639399050249E-02, 0.2869906707640E-02,-0.9927353491464E-03,-0.2276565217261E-02, 0.1712831389122E-02
 0.1622367149332E-02,-0.1646120923331E-02, 0.5584455857389E-02,-0.4232381241467E-03,-0.2719679438193E-02, 0.2727985927383E-02,-0.1139403278701E-02,-0.2418066360414E-02, 0.1614529083557E-02
 0.1392378218687E-02,-0.1903497999406E-02, 0.5393279014136E-02,-0.5868495453135E-03,-0.2892925353553E-02, 0.2553328471489E-02,-0.1236544214062E-02,-0.2586851030788E-02, 0.1386628904279E-02
 0.3190522125804E-02,-0.3821459254369E-03, 0.7412519478123E-02, 0.7539539403116E-03,-0.1830659052983E-02, 0.4318485280002E-02, 0.2557160663835E-03,-0.1225059272367E-02, 0.3059504192329E-02
 0.2918696587318E-02,-0.6045059730828E-03, 0.7058791965740E-02, 0.7771707564900E-03,-0.1764862892899E-02, 0.4004194852238E-02,-0.1103514707307E-04,-0.1433410269355E-02, 0.2798066424355E-02
 0.2655441802441E-02,-0.8415570105449E-03, 0.6721585916481E-02, 0.5557821076684E-03,-0.1903151028175E-02, 0.3790387213302E-02,-0.2198462936308E-03,-0.1639991205154E-02, 0.2523908930496E-02
 0.2426987712342E-02,-0.1057295391423E-02, 0.6417392137066E-02, 0.2413974344700E-03,-0.2136727937786E-02, 0.3619591984228E-02,-0.3839538693204E-03,-0.1817573823928E-02, 0.2268068369668E-02
 0.2454764998988E-02,-0.1063753121104E-02, 0.6455044926377E-02, 0.2566498229845E-03,-0.2168608548848E-02, 0.3681809615184E-02,-0.3453775512336E-03,-0.1820817740962E-02, 0.2280636187331E-02
 0.2179401381154E-02,-0.1280819597830E-02, 0.5974004614656E-02,-0.5992222256631E-04,-0.2454565995920E-02, 0.3177157239802E-02,-0.6310042922188E-03,-0.1976831087066E-02, 0.1935484682778E-02
 0.2019078455561E-02,-0.1340343614254E-02, 0.5866404775760E-02,-0.1539549185542E-03,-0.2511725099224E-02, 0.3031959911700E-02,-0.7950361908457E-03,-0.2093161500061E-02, 0.1879288049144E-02
 0.1826476575355E-02,-0.1462815529781E-02, 0.5749185522443E-02,-0.2628291003925E-03,-0.2593133916476E-02, 0.2889670552810E-02,-0.9425515139983E-03,-0.2235726386288E-02, 0.1780655611918E-02
 0.1595651404577E-02,-0.1721565312129E-02, 0.5558085332734E-02,-0.4259894487344E-03,-0.2767859696023E-02, 0.2714460117988E-02,-0.1040909486482E-02,-0.2405850709957E-02, 0.1552712913502E-02
 0.3246108773438E-02,-0.3354534725807E-03, 0.7442410868938E-02, 0.7927790454958E-03,-0.1774523158747E-02, 0.4389363337645E-02, 0.3231249282592E-03,-0.1180522867868E-02, 0.3098953861940E-02
 0.2974897581669E-02,-0.5576004998586E-03, 0.7090031766831E-02, 0.8159343410566E-03,-0.1709125229677E-02, 0.4075849677324E-02, 0.5658684792544E-04,-0.1388671024103E-02, 0.2838345777555E-02
 0.2712077069464E-02,-0.7946362100516E-03, 0.6754001491615E-02, 0.5946205520804E-03,-0.1847797661877E-02, 0.3862537623130E-02,-0.1521970990738E-03,-0.1595215813951E-02, 0.2564904771993E-02
 0.2483886640948E-02,-0.1010497937592E-02, 0.6450779526541E-02, 0.2803340813911E-03,-0.2081746074861E-02, 0.3692063540099E-02,-0.3164060829379E-03,-0.1772887419252E-02, 0.2309629942895E-02
 0.2511663286253E-02,-0.1016944579072E-02, 0.6488499693606E-02, 0.2955838192433E-03,-0.2113588729230E-02, 0.3754235347785E-02,-0.2778420316771E-03,-0.1776105972782E-02, 0.2322218559210E-02
 0.2236353651491E-02,-0.1234448782439E-02, 0.6008598459825E-02,-0.2117129383158E-04,-0.2400293321252E-02, 0.3250174747678E-02,-0.5638158420579E-03,-0.1932531803563E-02, 0.1977575204670E-02
 0.2076061095652E-02,-0.1294185947453E-02, 0.5901219899693E-02,-0.1153318238822E-03,-0.2457782809441E-02, 0.3105038296185E-02,-0.7279927330285E-03,-0.2049015961295E-02, 0.1921388968765E-02
 0.1883498109957E-02,-0.1416864635785E-02, 0.5784239974890E-02,-0.2243551722454E-03,-0.2539566907260E-02, 0.2962779998735E-02,-0.8756969659985E-03,-0.2191754001025E-02, 0.1822812714308E-02
 0.1652724902565E-02,-0.1675810118629E-02, 0.5593601675303E-02,-0.3876845314360E-03,-0.2714758639434E-02, 0.2787654498500E-02,-0.9743380417619E-03,-0.2362105351464E-02, 0.1595133360782E-02
 0.3307459952249E-02,-0.2824569750547E-03, 0.7490478475472E-02, 0.8499816649685E-03,-0.1696577225378E-02, 0.4468590439851E-02, 0.3902004253369E-03,-0.1128102710310E-02, 0.3151140689961E-02
 0.3036994799911E-02,-0.5043187634964E-03, 0.7139597462360E-02, 0.8730559935049E-03,-0.1631623947520E-02, 0.4155998433740E-02, 0.1240109303177E-03,-0.1335996697132E-02, 0.2891519901558E-02
 0.2774682858032E-02,-0.7413031575058E-03, 0.6804894128132E-02, 0.6517918700452E-03,-0.1770788041922E-02, 0.3943259250534E-02,-0.8465696877559E-04,-0.1542482617454E-02, 0.2618910599727E-02
 0.2546786519797E-02,-0.9572805453425E-03, 0.6502767343021E-02, 0.3375666332291E-03,-0.2005247618180E-02, 0.3773136696944E-02,-0.2489136261370E-03,-0.1720242583282E-02, 0.2364274061550E-02
 0.2574600656962E-02,-0.9637083088081E-03, 0.6540623326546E-02, 0.3528333287312E-03,-0.2037048921993E-02, 0.3835309570624E-02,-0.2103583918342E-03,-0.1723429145430E-02, 0.2376915476427E-02
 0.2299290226990E-02,-0.1181695855538E-02, 0.6061838901082E-02, 0.3574217408637E-04,-0.2324765654649E-02, 0.3331796705460E-02,-0.4966346324403E-03,-0.1880313099487E-02, 0.2032764384493E-02
 0.2139010632113E-02,-0.1241675434811E-02, 0.5954662007562E-02,-0.5867107027871E-04,-0.2382690902037E-02, 0.3186701109499E-02,-0.6609393952276E-03,-0.1996977637842E-02, 0.1976557964369E-02
 0.1946458688642E-02,-0.1364591943637E-02, 0.5837885548253E-02,-0.1677562068447E-03,-0.2464973189642E-02, 0.3044440873138E-02,-0.8088242306003E-03,-0.2139920422542E-02, 0.1878006584919E-02
 0.1715695859369E-02,-0.1623762117093E-02, 0.5647666185089E-02,-0.3307666473656E-03,-0.2640797183046E-02, 0.2869355316186E-02,-0.9077520631795E-03,-0.2310535498222E-02, 0.1650577317445E-02
 0.3400844624439E-02,-0.1925518887667E-03, 0.7590793127939E-02, 0.9616910246941E-03,-0.1573207545308E-02, 0.4561870472278E-02, 0.4719961753687E-03,-0.1032960254445E-02, 0.3246804859565E-02
 0.3131435821452E-02,-0.4140795498503E-03, 0.7241944783270E-02, 0.9845584434038E-03,-0.1508895506931E-02, 0.4250628476223E-02, 0.2063981833897E-03,-0.1240643352937E-02, 0.2988583544529E-02
 0.2869738525392E-02,-0.6511198977857E-03, 0.6909037924767E-02, 0.7631663641995E-03,-0.1648880909031E-02, 0.4038665466761E-02,-0.2065156708549E-05,-0.1447229788957E-02, 0.2717072025628E-02
 0.2642101989041E-02,-0.8674145420421E-03, 0.6608361105956E-02, 0.4487823329003E-03,-0.1884243314541E-02, 0.3868952812722E-02,-0.1663817470647E-03,-0.1625303213327E-02, 0.2463210553405E-02
 0.2670065229727E-02,-0.8737989987505E-03, 0.6646531135434E-02, 0.4641272910831E-03,-0.1915990272538E-02, 0.3931269438601E-02,-0.1278165014472E-03,-0.1628428149478E-02, 0.2476000879216E-02
 0.2394408206582E-02,-0.1092733157393E-02, 0.6168851801507E-02, 0.1461085972928E-03,-0.2205417387524E-02, 0.3428164046236E-02,-0.4145262871051E-03,-0.1786245630407E-02, 0.2132198751163E-02
 0.2234040399277E-02,-0.1153149535984E-02, 0.6061842126168E-02, 0.5107067689615E-04,-0.2264047227468E-02, 0.3283069686161E-02,-0.5790009619970E-03,-0.1903312114593E-02, 0.2075858484125E-02
 0.2041357875993E-02,-0.1276529951824E-02, 0.5945184416934E-02,-0.5796548520895E-04,-0.2347146018250E-02, 0.3140722001021E-02,-0.7271442322467E-03,-0.2046710783946E-02, 0.1977208620769E-02
 0.1810385057786E-02,-0.1536218897396E-02, 0.5755270159941E-02,-0.2196480440073E-03,-0.2524044071273E-02, 0.2965530985434E-02,-0.8265063419369E-03,-0.2217893139517E-02, 0.1749934146814E-02
 0.3689070281672E-02,-0.4532508772338E-03,-0.1880668783723E-02, 0.1059905478220E-02,-0.2031348414645E-02, 0.5049929148132E-02, 0.4031597017067E-03,-0.1546629251549E-02, 0.3591872105697E-02
 0.3400870821538E-02,-0.6821073231816E-03,-0.2093971921978E-02, 0.1078371038206E-02,-0.1963344537294E-02, 0.4715704592272E-02, 0.1266602593313E-03,-0.1758981076884E-02, 0.3314695264826E-02
 0.3124910432768E-02,-0.9228974563663E-03,-0.2319060620248E-02, 0.8493061227592E-03,-0.2100939116736E-02, 0.4487942370052E-02,-0.8819961033148E-04,-0.1967408516994E-02, 0.3027439408782E-02
 0.2886521141042E-02,-0.1140617028029E-02,-0.2526055347709E-02, 0.5264884616415E-03,-0.2334782795529E-02, 0.4306245343335E-02,-0.2562360315194E-03,-0.2145362175811E-02, 0.2760630697839E-02
 0.2918417213860E-02,-0.1144100469272E-02,-0.2539148329867E-02, 0.5452185430105E-03,-0.2364635808135E-02, 0.4373257958246E-02,-0.2137080228419E-03,-0.2146688145679E-02, 0.2776854461734E-02
 0.2623783951428E-02,-0.1366827491756E-02,-0.2766244766909E-02, 0.2147058214473E-03,-0.2653820021403E-02, 0.3839458323868E-02,-0.5111030254218E-03,-0.2303650565292E-02, 0.2410459352351E-02
 0.2455650191163E-02,-0.1427327050038E-02,-0.2790092008315E-02, 0.1140035420281E-03,-0.2710665786759E-02, 0.3685511641649E-02,-0.6796925237122E-03,-0.2420573291389E-02, 0.2349087288749E-02
 0.2254585844858E-02,-0.1551538296238E-02,-0.2849451109426E-02, 0.1095885073730E-04,-0.2791712240158E-02, 0.3534633295752E-02,-0.8312901065056E-03,-0.2563882603664E-02, 0.2244293327396E-02
 0.2014275555709E-02,-0.1813547833081E-02,-0.3019079699119E-02,-0.1237795816676E-03,-0.2966446321426E-02, 0.3349401124659E-02,-0.9325738365098E-03,-0.2734479176073E-02, 0.2006654240405E-02
 0.3805327524175E-02,-0.3263554259571E-03,-0.1756159954487E-02, 0.1177432294124E-02,-0.1901349231600E-02, 0.5171920288054E-02, 0.5104288060758E-03,-0.1503791956291E-02, 0.3617409446372E-02
 0.3517858872471E-02,-0.5556409947553E-03,-0.1970164497867E-02, 0.1195240283729E-02,-0.1834617619018E-02, 0.4838883514467E-02, 0.2339334052849E-03,-0.1716138527085E-02, 0.3341366680067E-02
 0.3242041808328E-02,-0.7974090524740E-03,-0.2196508734309E-02, 0.9654887228454E-03,-0.1973735457651E-02, 0.4611571053648E-02, 0.1858378006836E-04,-0.1924972367924E-02, 0.3054865486010E-02
 0.3003414531346E-02,-0.1016367051047E-02,-0.2405005595733E-02, 0.6419552017873E-03,-0.2209152490443E-02, 0.4429942788316E-02,-0.1501928967636E-03,-0.2103556934140E-02, 0.2788534485182E-02
 0.3035486353591E-02,-0.1019773050554E-02,-0.2418061584722E-02, 0.6608337269177E-03,-0.2238935341509E-02, 0.4497122408194E-02,-0.1076051240991E-03,-0.2104875386914E-02, 0.2804955335661E-02
 0.2739882137265E-02,-0.1244682678489E-02,-0.2647708921222E-02, 0.3286526404104E-03,-0.2530683110283E-02, 0.3963578374983E-02,-0.4063187140335E-03,-0.2263032064026E-02, 0.2438897547140E-02
 0.2571643213432E-02,-0.1305950120008E-02,-0.2672484940430E-02, 0.2272952277238E-03,-0.2588458390069E-02, 0.3809653497297E-02,-0.5752859825981E-03,-0.2380239148858E-02, 0.2377586363653E-02
 0.2370386413856E-02,-0.1431047532352E-02,-0.2732926185727E-02, 0.1236984139158E-03,-0.2670612463910E-02, 0.3658645379584E-02,-0.7274131645528E-03,-0.2523914030844E-02, 0.2272830408722E-02
 0.2129584695123E-02,-0.1694292579740E-02,-0.2904069398444E-02,-0.1146428585556E-04,-0.2846924442416E-02, 0.3473112927333E-02,-0.8296180149755E-03,-0.2695172797906E-02, 0.2035292460998E-02
 0.3944594162832E-02,-0.1798464238699E-03,-0.1615380167873E-02, 0.1314567426243E-02,-0.1766259271374E-02, 0.5279232917300E-02, 0.6095538180062E-03,-0.1408897335756E-02, 0.3724213244280E-02
 0.3658251603536E-02,-0.4092683874335E-03,-0.1829823671370E-02, 0.1331923932327E-02,-0.1700632522235E-02, 0.4947837064629E-02, 0.3334848079700E-03,-0.1621248780425E-02, 0.3449645899533E-02
 0.3382889211349E-02,-0.6517825289298E-03,-0.2057227176758E-02, 0.1101691239369E-02,-0.1841114016890E-02, 0.4721332421648E-02, 0.1179964557218E-03,-0.1830545797445E-02, 0.3164185732912E-02
 0.3144247219550E-02,-0.8718141033965E-03,-0.2267094087425E-02, 0.7776113781945E-03,-0.2077969600626E-02, 0.4540035644769E-02,-0.5124247382850E-04,-0.2009854191483E-02, 0.2898519281678E-02
 0.3176564764706E-02,-0.8751415912027E-03,-0.2280098627421E-02, 0.7966547032893E-03,-0.2107681995057E-02, 0.4607457488248E-02,-0.8602460204522E-05,-0.2011135948415E-02, 0.2915179550725E-02
 0.2880085370235E-02,-0.1102130571391E-02,-0.2512231738140E-02, 0.4628782744990E-03,-0.2401866416482E-02, 0.4074332314973E-02,-0.3082970051959E-03,-0.2170768329274E-02, 0.2549313674412E-02
 0.2711710533911E-02,-0.1164186333171E-02,-0.2537940245680E-02, 0.3607902099149E-03,-0.2460563099495E-02, 0.3920488202139E-02,-0.4775484923002E-03,-0.2288479681728E-02, 0.2487873023749E-02
 0.2510223217162E-02,-0.1290186785581E-02,-0.2599470761762E-02, 0.2567885190742E-03,-0.2543812186609E-02, 0.3769403520250E-02,-0.6301125409627E-03,-0.2432753098065E-02, 0.2382991850145E-02
 0.2268936015501E-02,-0.1554641682702E-02,-0.2772119951701E-02, 0.1217987386527E-03,-0.2721653843357E-02, 0.3583644066480E-02,-0.7331114616415E-03,-0.2604882984419E-02, 0.2145508684908E-02
 0.4084743018380E-02,-0.3539994531534E-04,-0.1480201552311E-02, 0.1448282309824E-02,-0.1643153533670E-02, 0.5371234876657E-02, 0.7046496498981E-03,-0.1288965171595E-02, 0.3861192006819E-02
 0.3799681873749E-02,-0.2647564753919E-03,-0.1694862508909E-02, 0.1465358330902E-02,-0.1578435940191E-02, 0.5041621328575E-02, 0.4291834537605E-03,-0.1501328701390E-02, 0.3588202926427E-02
 0.3524955445846E-02,-0.5077897207329E-03,-0.1923080497226E-02, 0.1234841742228E-02,-0.1720037613487E-02, 0.4816091350397E-02, 0.2137500646089E-03,-0.1711081220879E-02, 0.3303903175444E-02
 0.3286473647049E-02,-0.7286773543989E-03,-0.2134081669684E-02, 0.9104066624267E-03,-0.1958082529529E-02, 0.4635283041085E-02, 0.4423209972086E-04,-0.1891104529854E-02, 0.3039000349245E-02
 0.3319040842069E-02,-0.7319345728344E-03,-0.2147030558521E-02, 0.9296017051275E-03,-0.1987727987636E-02, 0.4702949631669E-02, 0.8691261446900E-04,-0.1892333577775E-02, 0.3055893336369E-02
 0.3021883586274E-02,-0.9607264789481E-03,-0.2381338176716E-02, 0.5944775039474E-03,-0.2283997993734E-02, 0.4170383824910E-02,-0.2135270881548E-03,-0.2053490715426E-02, 0.2690215852708E-02
 0.2853390221711E-02,-0.1023504428671E-02,-0.2407887471945E-02, 0.4917083943763E-03,-0.2343512391698E-02, 0.4016660512112E-02,-0.3830060981031E-03,-0.2171798917939E-02, 0.2628578180293E-02
 0.2651702463168E-02,-0.1150322777823E-02,-0.2470398065277E-02, 0.3874150720354E-03,-0.2427729508783E-02, 0.3865554981458E-02,-0.5359358768740E-03,-0.2316761613981E-02, 0.2523524462042E-02
 0.2410023682248E-02,-0.1415835132250E-02,-0.2644380409431E-02, 0.2528566425129E-03,-0.2606898051400E-02, 0.3679667421912E-02,-0.6396047930794E-03,-0.2489812118838E-02, 0.2286115375651E-02
 0.4076456751803E-02,-0.2964594317135E-04,-0.1466128138920E-02, 0.1447872204285E-02,-0.1637845598479E-02, 0.5349386359197E-02, 0.6980533126812E-03,-0.1273334957241E-02, 0.3860227703907E-02
 0.3791536591544E-02,-0.2590332675756E-03,-0.1680814213424E-02, 0.1464853060522E-02,-0.1573249245629E-02, 0.5019990533382E-02, 0.4226422627389E-03,-0.1485744556809E-02, 0.3587349680532E-02
 0.3517069569568E-02,-0.5020953071047E-03,-0.1909100793517E-02, 0.1234415039281E-02,-0.1714940998166E-02, 0.4794797639145E-02, 0.2072709091706E-03,-0.1695576559881E-02, 0.3303266079983E-02
 0.3278906173529E-02,-0.7230020904761E-03,-0.2120193360218E-02, 0.9101515080429E-03,-0.1953046875500E-02, 0.4614402096823E-02, 0.3782891613269E-04,-0.1875693655922E-02, 0.3038633528252E-02
 0.3311179129245E-02,-0.7263304000632E-03,-0.2133159284697E-02, 0.9291741678522E-03,-0.1982721890728E-02, 0.4681719500519E-02, 0.8039738734373E-04,-0.1876932899546E-02, 0.3055303433992E-02
 0.3014892209879E-02,-0.9550300036140E-03,-0.2367618377521E-02, 0.5945213855079E-03,-0.2279005082192E-02, 0.4150380749276E-02,-0.2197083317282E-03,-0.2038233884780E-02, 0.2690348075206E-02
 0.2846657775649E-02,-0.1017784147496E-02,-0.2394270158419E-02, 0.4919071081032E-03,-0.2338530012120E-02, 0.3996965492443E-02,-0.3890587979328E-03,-0.2156598163434E-02, 0.2628871116824E-02
 0.2645293645931E-02,-0.1144562848874E-02,-0.2456886380695E-02, 0.3876390463019E-03,-0.2422760898062E-02, 0.3846238014036E-02,-0.5418536470846E-03,-0.2301620904260E-02, 0.2524039316399E-02
 0.2404066275310E-02,-0.1410014432215E-02,-0.2630970739258E-02, 0.2528764698754E-03,-0.2601954293739E-02, 0.3660916439403E-02,-0.6453852452568E-03,-0.2474748871775E-02, 0.2287003658325E-02
 0.4279178663089E-02, 0.1606011438220E-03,-0.1314136348053E-02, 0.1613337072350E-02,-0.1501194724642E-02, 0.5506778148859E-02, 0.8992134231673E-03,-0.1082067338994E-02, 0.4021308455374E-02
 0.3996186467675E-02,-0.6838263385237E-04,-0.1528731441784E-02, 0.1630224765605E-02,-0.1437595093300E-02, 0.5179906341095E-02, 0.6244984201528E-03,-0.1294465004130E-02, 0.3750830415314E-02
 0.3722755625330E-02,-0.3117925903775E-03,-0.1757649970733E-02, 0.1399698986551E-02,-0.1580371194881E-02, 0.4956061395536E-02, 0.4091266740042E-03,-0.1504847710771E-02, 0.3468541751219E-02
 0.3484925485514E-02,-0.5335291296464E-03,-0.1969797493515E-02, 0.1075213240621E-02,-0.1819589457302E-02, 0.4776277966863E-02, 0.2392211484017E-03,-0.1685866777745E-02, 0.3205112345270E-02
 0.3517739575001E-02,-0.5367077855099E-03,-0.1982663488148E-02, 0.1094554717212E-02,-0.1849126865319E-02, 0.4844150841652E-02, 0.2819305786616E-03,-0.1686995030445E-02, 0.3222254537156E-02
 0.3220224711296E-02,-0.7675835719874E-03,-0.2219401755048E-02, 0.7581758698595E-03,-0.2147618176331E-02, 0.4313034278917E-02,-0.1969938644489E-04,-0.1850419268004E-02, 0.2857510836528E-02
 0.3051738975718E-02,-0.8312612232610E-03,-0.2246975879049E-02, 0.6546939932087E-03,-0.2208074631068E-02, 0.4159596971195E-02,-0.1896107791478E-03,-0.1969689612136E-02, 0.2795767627737E-02
 0.2850013116854E-02,-0.9590518669304E-03,-0.2310653765731E-02, 0.5500211446568E-03,-0.2293389353667E-02, 0.4008626920344E-02,-0.3431449917559E-03,-0.2115734226507E-02, 0.2690690438766E-02
 0.2608184716477E-02,-0.1225715032241E-02,-0.2486127240487E-02, 0.4157456909128E-03,-0.2473984997415E-02, 0.3822882300889E-02,-0.4477935765581E-03,-0.2290136764293E-02, 0.2453750011691E-02
 0.4333094083591E-02, 0.2068824608712E-03,-0.1275163601430E-02, 0.1651372770966E-02,-0.1444924734083E-02, 0.5575491689519E-02, 0.9659320341102E-03,-0.1037081228285E-02, 0.4059551091766E-02
 0.4050875919543E-02,-0.2181484363875E-04,-0.1489557235952E-02, 0.1668298958425E-02,-0.1381686419243E-02, 0.5249591601210E-02, 0.6915289046335E-03,-0.1249250736729E-02, 0.3789992463710E-02
 0.3778051704696E-02,-0.2651283791373E-03,-0.1718474779117E-02, 0.1437965485664E-02,-0.1524792400528E-02, 0.5026414356329E-02, 0.4762783614501E-03,-0.1459570792734E-02, 0.3508520134322E-02
 0.3540647704899E-02,-0.4869098294371E-03,-0.1930757214284E-02, 0.1113693362844E-02,-0.1764322751313E-02, 0.4847105710026E-02, 0.3063561274549E-03,-0.1640654652523E-02, 0.3245753874776E-02
 0.3573466578671E-02,-0.4900796740808E-03,-0.1943590327924E-02, 0.1133035715404E-02,-0.1793824442922E-02, 0.4914933290958E-02, 0.3490449325087E-03,-0.1641760299589E-02, 0.3262921299244E-02
 0.3276205413855E-02,-0.7212832096899E-03,-0.2180780694075E-02, 0.7966172076594E-03,-0.2092976854878E-02, 0.4384677233752E-02, 0.4719947860845E-04,-0.1805566808337E-02, 0.2898818649895E-02
 0.3107824482030E-02,-0.7851417549565E-03,-0.2208599157011E-02, 0.6930570573204E-03,-0.2153741721201E-02, 0.4231379593644E-02,-0.1228036528439E-03,-0.1924977491707E-02, 0.2837122984141E-02
 0.2906223714844E-02,-0.9130990346910E-03,-0.2272538261035E-02, 0.5882634976293E-03,-0.2239404851746E-02, 0.4080524853342E-02,-0.2764731278187E-03,-0.2071178097284E-02, 0.2732148053360E-02
 0.2664568128928E-02,-0.1179893172175E-02,-0.2448285125441E-02, 0.4538225079453E-03,-0.2420421037408E-02, 0.3894986888683E-02,-0.3813463004430E-03,-0.2245783763990E-02, 0.2495548435439E-02
 0.4393051142406E-02, 0.2597018043144E-03,-0.1219710831651E-02, 0.1707948759285E-02,-0.1366546018801E-02, 0.5652795969841E-02, 0.1032597334731E-02,-0.9839628823387E-03, 0.4110685221997E-02
 0.4111754004796E-02, 0.3137438546349E-04,-0.1433888724406E-02, 0.1724904957564E-02,-0.1303713108016E-02, 0.5328031335344E-02, 0.7586477044505E-03,-0.1195847530105E-02, 0.3842218739045E-02
 0.3839620016971E-02,-0.2117975690947E-03,-0.1662835479198E-02, 0.1494759026846E-02,-0.1447245397396E-02, 0.5105608281030E-02, 0.5436116315153E-03,-0.1406076309939E-02, 0.3561689618919E-02
 0.3602678019743E-02,-0.4336092992182E-03,-0.1875313257948E-02, 0.1170685784296E-02,-0.1687213335048E-02, 0.4926807946012E-02, 0.3737290575697E-03,-0.1587219387477E-02, 0.3299667539158E-02
 0.3635550368096E-02,-0.4367594453731E-03,-0.1888102616870E-02, 0.1190056042558E-02,-0.1716673879612E-02, 0.4994649712513E-02, 0.4164062392535E-03,-0.1588295823470E-02, 0.3316901492630E-02
 0.3338485360342E-02,-0.6683330455939E-03,-0.2125910534993E-02, 0.8534566323501E-03,-0.2016737947599E-02, 0.4465199990318E-02, 0.1143841732238E-03,-0.1752529098213E-02, 0.2953423210894E-02
 0.3170191430811E-02,-0.7324008491827E-03,-0.2154035809449E-02, 0.7496987444552E-03,-0.2077914425537E-02, 0.4312025396655E-02,-0.5569665947536E-04,-0.1872107182626E-02, 0.2891745295535E-02
 0.2968686284491E-02,-0.8605551480034E-03,-0.2218310502015E-02, 0.6448786100220E-03,-0.2164045341126E-02, 0.4161252868873E-02,-0.2094962597232E-03,-0.2018494145831E-02, 0.2786841943675E-02
 0.2727160308706E-02,-0.1127507848279E-02,-0.2394433358310E-02, 0.5107712001079E-03,-0.2345639436772E-02, 0.3975869264289E-02,-0.3145995079182E-03,-0.2193335032396E-02, 0.2550571953556E-02
 0.4485232269194E-02, 0.3498223077070E-03,-0.1113388093597E-02, 0.1819216095908E-02,-0.1242122328275E-02, 0.5744663092289E-02, 0.1114450980134E-02,-0.8873817219300E-03, 0.4205287260391E-02
 0.4205243621020E-02, 0.1219606978989E-03,-0.1327409513993E-02, 0.1836121130028E-02,-0.1179870807048E-02, 0.5421520022084E-02, 0.8412345554636E-03,-0.1099004889229E-02, 0.3938383259551E-02
 0.3933966742023E-02,-0.1211330341789E-03,-0.1556613953935E-02, 0.1606055953173E-02,-0.1324126821425E-02, 0.5200089923458E-02, 0.6265309797899E-03,-0.1309281170307E-02, 0.3659113983521E-02
 0.3697499351562E-02,-0.3431392103992E-03,-0.1769611962249E-02, 0.1282036312836E-02,-0.1564889260738E-02, 0.5021875404304E-02, 0.4566981746856E-03,-0.1490690252319E-02, 0.3398014673824E-02
 0.3730569713988E-02,-0.3462353703112E-03,-0.1782334254384E-02, 0.1301517949321E-02,-0.1594290000323E-02, 0.5089909663347E-02, 0.4993970276938E-03,-0.1491712021739E-02, 0.3415437109937E-02
 0.3433383913679E-02,-0.5786101827588E-03,-0.2021430879288E-02, 0.9641966316777E-03,-0.1895928971500E-02, 0.4561103535997E-02, 0.1970765624735E-03,-0.1656825567766E-02, 0.3052466919525E-02
 0.3265095339257E-02,-0.6430713606373E-03,-0.2050106330013E-02, 0.8598928895325E-03,-0.1957778969501E-02, 0.4408024569197E-02, 0.2688036784323E-04,-0.1776788777168E-02, 0.2990704461822E-02
 0.3063562168965E-02,-0.7716356044281E-03,-0.2115007975393E-02, 0.7551763930691E-03,-0.2044686777461E-02, 0.4257252547062E-02,-0.1271238450399E-03,-0.1923607723217E-02, 0.2885762003388E-02
 0.2821966383639E-02,-0.1039017367716E-02,-0.2291922465318E-02, 0.6224295273320E-03,-0.2227280681540E-02, 0.4071864194414E-02,-0.2325993956036E-03,-0.2098976432557E-02, 0.2649748833954E-02
 0.4905732090483E-02, 0.2013860841057E-03,-0.1742019796373E-02, 0.2037911660830E-02,-0.1600344169251E-02, 0.6363357667036E-02, 0.1160119477411E-02,-0.1311911857513E-02, 0.4674186324013E-02
 0.4603746962515E-02,-0.3574459706403E-04,-0.1959676959652E-02, 0.2048203668665E-02,-0.1535722135923E-02, 0.6013945589319E-02, 0.8739088563159E-03,-0.1529249332795E-02, 0.4386255884379E-02
 0.4315123791496E-02,-0.2845053793645E-03,-0.2189120740569E-02, 0.1807883240891E-02,-0.1679062701053E-02, 0.5773942661835E-02, 0.6509462776173E-03,-0.1742328953917E-02, 0.4089253503949E-02
 0.4065089215642E-02,-0.5097312678682E-03,-0.2400270992428E-02, 0.1472867140707E-02,-0.1919797534117E-02, 0.5581323411553E-02, 0.4757392045667E-03,-0.1924501917255E-02, 0.3813360488315E-02
 0.4102099568180E-02,-0.5097047629970E-03,-0.2411309470864E-02, 0.1495781459427E-02,-0.1947046722330E-02, 0.5653932079714E-02, 0.5226550340664E-03,-0.1923383864622E-02, 0.3834252066812E-02
 0.3781692402295E-02,-0.7489183837745E-03,-0.2647370322192E-02, 0.1142414975898E-02,-0.2251176681939E-02, 0.5090134050477E-02, 0.2066214284162E-03,-0.2089532656088E-02, 0.3445627773811E-02
 0.3604066752357E-02,-0.8144668132241E-03,-0.2673159404902E-02, 0.1030717477530E-02,-0.2312070812343E-02, 0.4926735988171E-02, 0.3114363430792E-04,-0.2210003271423E-02, 0.3377809356838E-02
 0.3392405246348E-02,-0.9450406750557E-03,-0.2735131524826E-02, 0.9323964057405E-03,-0.2397853916190E-02, 0.4765939466351E-02,-0.1275018586077E-03,-0.2357445612514E-02, 0.3265576041069E-02
 0.3139144613848E-02,-0.1216431607808E-02,-0.2909304250962E-02, 0.8307197884454E-03,-0.2579590445316E-02, 0.4568597331265E-02,-0.2362313714195E-03,-0.2533110850719E-02, 0.3017592682268E-02
 0.5017327119477E-02, 0.3267338044530E-03,-0.1616660091828E-02, 0.2153106380263E-02,-0.1470638169280E-02, 0.6480847247789E-02, 0.1265490699962E-02,-0.1269104642285E-02, 0.4697526063600E-02
 0.4716426888186E-02, 0.8936571122317E-04,-0.1834960876119E-02, 0.2162946437059E-02,-0.1407198355333E-02, 0.6133007512118E-02, 0.9794917146442E-03,-0.1486380414338E-02, 0.4410899812915E-02
 0.4428295586157E-02,-0.1601735040561E-03,-0.2065600280733E-02, 0.1922201972663E-02,-0.1551936097516E-02, 0.5893786842290E-02, 0.7562312332621E-03,-0.1699812523117E-02, 0.4114822441041E-02
 0.4178342912734E-02,-0.3864507167238E-03,-0.2278195927618E-02, 0.1586736222804E-02,-0.1794108809129E-02, 0.5701532500170E-02, 0.5804539653052E-03,-0.1882567857234E-02, 0.3839565798302E-02
 0.4215569758322E-02,-0.3863248707753E-03,-0.2289193923445E-02, 0.1609833524246E-02,-0.1821268270294E-02, 0.5774383937100E-02, 0.6274449816307E-03,-0.1881431101720E-02, 0.3860687962499E-02
 0.3894612249068E-02,-0.6274866355806E-03,-0.2527726435977E-02, 0.1255093809622E-02,-0.2127788793849E-02, 0.5211311846515E-02, 0.3103279076266E-03,-0.2048715755933E-02, 0.3472602101519E-02
 0.3717036905549E-02,-0.6937226761027E-03,-0.2554413607975E-02, 0.1142864558281E-02,-0.2189559776869E-02, 0.5048087788459E-02, 0.1345760122175E-03,-0.2169447789579E-02, 0.3404929844809E-02
 0.3505357359889E-02,-0.8250849630243E-03,-0.2617433854984E-02, 0.1044046589860E-02,-0.2276389905040E-02, 0.4887317252977E-02,-0.2449719085090E-04,-0.2317230283842E-02, 0.3292822388848E-02
 0.3251850466322E-02,-0.1097559140598E-02,-0.2793076024354E-02, 0.9419023889269E-03,-0.2459608041896E-02, 0.4689897247613E-02,-0.1340382490384E-03,-0.2493522042034E-02, 0.3045048538357E-02
 0.5152545791384E-02, 0.4719154055419E-03,-0.1474674351644E-02, 0.2288130648878E-02,-0.1335538706425E-02, 0.6584555207113E-02, 0.1363199134135E-02,-0.1173688145604E-02, 0.4801197541542E-02
 0.4853175976489E-02, 0.2346300567342E-03,-0.1693344844042E-02, 0.2297753409573E-02,-0.1273093696724E-02, 0.6238749152094E-02, 0.1077840213495E-02,-0.1390890912832E-02, 0.4516289199172E-02
 0.4565891737083E-02,-0.1542914672673E-04,-0.1924969020326E-02, 0.2056826265650E-02,-0.1419051529561E-02, 0.6000664693114E-02, 0.8546360811304E-03,-0.1604709100081E-02, 0.4221498040070E-02
 0.4316276630000E-02,-0.2425700111835E-03,-0.2138863700283E-02, 0.1721114817575E-02,-0.1662513477983E-02, 0.5809020492087E-02, 0.6785671377315E-03,-0.1788118970846E-02, 0.3947134841601E-02
 0.4353799725431E-02,-0.2423400591246E-03,-0.2149811256628E-02, 0.1744424617654E-02,-0.1689583488537E-02, 0.5882178432071E-02, 0.7256353822813E-03,-0.1786941348585E-02, 0.3968548662439E-02
 0.4032388040133E-02,-0.4853279484557E-03,-0.2390731850377E-02, 0.1388401410836E-02,-0.1998354813762E-02, 0.5319927511549E-02, 0.4077564205947E-03,-0.1955618816914E-02, 0.3580935436020E-02
 0.3854850842037E-02,-0.5522678297980E-03,-0.2418325145634E-02, 0.1275574015614E-02,-0.2060993638527E-02, 0.5156934322233E-02, 0.2318139456882E-03,-0.2076823140189E-02, 0.3513229339170E-02
 0.3643131885846E-02,-0.6844278424358E-03,-0.2482402493387E-02, 0.1176416792770E-02,-0.2148856645883E-02, 0.4996232576734E-02, 0.7239627354621E-04,-0.2225167352971E-02, 0.3401106594740E-02
 0.3389391304572E-02,-0.9579426284877E-03,-0.2659497322906E-02, 0.1074417717510E-02,-0.2333502894340E-02, 0.4798764207435E-02,-0.3783443558895E-04,-0.2402279172269E-02, 0.3153557914074E-02
 0.5289235252923E-02, 0.6152473979573E-03,-0.1338212205740E-02, 0.2420022597097E-02,-0.1212274230361E-02, 0.6673646999354E-02, 0.1457164063598E-02,-0.1052948647808E-02, 0.4934856391883E-02
 0.4991546557390E-02, 0.3782432294208E-03,-0.1557030445611E-02, 0.2429596196009E-02,-0.1150624959220E-02, 0.6329992234465E-02, 0.1172615019922E-02,-0.1270079428825E-02, 0.4651784424286E-02
 0.4705286099361E-02, 0.1278877479771E-03,-0.1789393116888E-02, 0.2188679058904E-02,-0.1297561898545E-02, 0.6093186299656E-02, 0.9496537643894E-03,-0.1484268508429E-02, 0.4358416631297E-02
 0.4456176741108E-02,-0.9990268489445E-04,-0.2004349553538E-02, 0.1852907403819E-02,-0.1542069646155E-02, 0.5902281758975E-02, 0.7734690112988E-03,-0.1668317077336E-02, 0.4085063178695E-02
 0.4493999528794E-02,-0.9957845899861E-04,-0.2015244817913E-02, 0.1876418427622E-02,-0.1569056971351E-02, 0.5975734433735E-02, 0.8206025203664E-03,-0.1667087997955E-02, 0.4106765869684E-02
 0.4172302773024E-02,-0.3441229590025E-03,-0.2258241058824E-02, 0.1519345411850E-02,-0.1879735957503E-02, 0.5414387116193E-02, 0.5021838696343E-03,-0.1837197445932E-02, 0.3719639957768E-02
 0.3994818378489E-02,-0.4117045978641E-03,-0.2286653807281E-02, 0.1405963207663E-02,-0.1943142678740E-02, 0.5251652872109E-02, 0.3261006798157E-03,-0.1958962826891E-02, 0.3651829724309E-02
 0.3783086114207E-02,-0.5445807613449E-03,-0.2351683166809E-02, 0.1306580585238E-02,-0.2031915753908E-02, 0.5091061100373E-02, 0.1664029367568E-03,-0.2107954638659E-02, 0.3539646477972E-02
 0.3529193783115E-02,-0.8189865920054E-03,-0.2530058097801E-02, 0.1204997834999E-02,-0.2217793165670E-02, 0.4893612116589E-02, 0.5560003502025E-04,-0.2285930106011E-02, 0.3292359770599E-02
 0.5277721216045E-02, 0.6188257013251E-03,-0.1325190585215E-02, 0.2416841603019E-02,-0.1208656562488E-02, 0.6648706913151E-02, 0.1448282493334E-02,-0.1038553558936E-02, 0.4930825653731E-02
 0.4980231276256E-02, 0.3818090232758E-03,-0.1544035100339E-02, 0.2426359427225E-02,-0.1147127113031E-02, 0.6305315852422E-02, 0.1163806480401E-02,-0.1255730986892E-02, 0.4647908578494E-02
 0.4694317277646E-02, 0.1314625013405E-03,-0.1776469750154E-02, 0.2185592620332E-02,-0.1294135988135E-02, 0.6068925443055E-02, 0.9409444998724E-03,-0.1469994049327E-02, 0.4354833999872E-02
 0.4445631847413E-02,-0.9629974809367E-04,-0.1991519367271E-02, 0.1850078173513E-02,-0.1538676900906E-02, 0.5878534925253E-02, 0.7648830586669E-03,-0.1654125377289E-02, 0.4081841408082E-02
 0.4483086407862E-02,-0.9607440316407E-04,-0.2002430943543E-02, 0.1873360807171E-02,-0.1565708296714E-02, 0.5951641363733E-02, 0.8118696022439E-03,-0.1652917806332E-02, 0.4103252533330E-02
 0.4162557200873E-02,-0.3404149639096E-03,-0.2245562833854E-02, 0.1516954324794E-02,-0.1876329691865E-02, 0.5391750525167E-02, 0.4939078218967E-03,-0.1823123353983E-02, 0.3717060145878E-02
 0.3985370719516E-02,-0.4079422533926E-03,-0.2274037941931E-02, 0.1403782374145E-02,-0.1939725405492E-02, 0.5229355199599E-02, 0.3179853139867E-03,-0.1944927459658E-02, 0.3649456906153E-02
 0.3774025527376E-02,-0.5407383871840E-03,-0.2339136595154E-02, 0.1304447063869E-02,-0.2028485770270E-02, 0.5069194152586E-02, 0.1584628649541E-03,-0.2093962301469E-02, 0.3537558452715E-02
 0.3520727170412E-02,-0.8150201577275E-03,-0.2517599764990E-02, 0.1202630887395E-02,-0.2214349615488E-02, 0.4872444655810E-02, 0.4785796371922E-04,-0.2271998372850E-02, 0.3290749679591E-02
 0.5478415131763E-02, 0.8096285991069E-03,-0.1170457216460E-02, 0.2582562054051E-02,-0.1070164037299E-02, 0.6804643899962E-02, 0.1649540543061E-02,-0.8446457702297E-03, 0.5090758745935E-02
 0.5183361516843E-02, 0.5732952161289E-03,-0.1389112878436E-02, 0.2592275649861E-02,-0.1009462444025E-02, 0.6464269627270E-02, 0.1366086223713E-02,-0.1061684915503E-02, 0.4810533915623E-02
 0.4898964878319E-02, 0.3228793709218E-03,-0.1622072011092E-02, 0.2351761902421E-02,-0.1157379052750E-02, 0.6229601121294E-02, 0.1143499409747E-02,-0.1276375113765E-02, 0.4519528111387E-02
 0.4651021639522E-02, 0.9453769534090E-04,-0.1838076474273E-02, 0.2016352465924E-02,-0.1402868902359E-02, 0.6040101604344E-02, 0.9672000196677E-03,-0.1461301545934E-02, 0.4247979976195E-02
 0.4689148881426E-02, 0.9496258286307E-04,-0.1848894014791E-02, 0.2040068949114E-02,-0.1429737107845E-02, 0.6113806433574E-02, 0.1014372146233E-02,-0.1459984075166E-02, 0.4269996618288E-02
 0.4367681054427E-02,-0.1512966195213E-03,-0.2094188831590E-02, 0.1682173142523E-02,-0.1742388479771E-02, 0.5554462426765E-02, 0.6951431851824E-03,-0.1632203835679E-02, 0.3884211284807E-02
 0.4190453517971E-02,-0.2196622713262E-03,-0.2123601660152E-02, 0.1568250228429E-02,-0.1806667420538E-02, 0.5392215150626E-02, 0.5187935304244E-03,-0.1754869223123E-02, 0.3816420704466E-02
 0.3978962838081E-02,-0.3533625098748E-03,-0.2189763525789E-02, 0.1468583221929E-02,-0.1896457532247E-02, 0.5231960398302E-02, 0.3586534683111E-03,-0.1904871134738E-02, 0.3704364553378E-02
 0.3725290279134E-02,-0.6286740280378E-03,-0.2369557881355E-02, 0.1367280679912E-02,-0.2083632617073E-02, 0.5034906406326E-02, 0.2470408120832E-03,-0.2084104842368E-02, 0.3457796770804E-02
 0.5530415594438E-02, 0.8552808077831E-03,-0.1131108616854E-02, 0.2619646336109E-02,-0.1013979167528E-02, 0.6870913197829E-02, 0.1715296919503E-02,-0.7994050003249E-03, 0.5127587046420E-02
 0.5236312671401E-02, 0.6193193353217E-03,-0.1349535587619E-02, 0.2629503903280E-02,-0.9535924557053E-03, 0.6531714686941E-02, 0.1432267434948E-02,-0.1016182387409E-02, 0.4848379688041E-02
 0.4952707640762E-02, 0.3690944026952E-03,-0.1582464758204E-02, 0.2389312660812E-02,-0.1101772182081E-02, 0.6297897751096E-02, 0.1209909666664E-02,-0.1230774367621E-02, 0.4558301322702E-02
 0.4705363223381E-02, 0.1407991844223E-03,-0.1798576393133E-02, 0.2054246983401E-02,-0.1347501875176E-02, 0.6109039650593E-02, 0.1033690798568E-02,-0.1415732243251E-02, 0.4287525130814E-02
 0.4743512342938E-02, 0.1412321361117E-03,-0.1809368015754E-02, 0.2077974875744E-02,-0.1374335366140E-02, 0.6182707415945E-02, 0.1080834959937E-02,-0.1414396852355E-02, 0.4309572382317E-02
 0.4422507111829E-02,-0.1052294109880E-03,-0.2055068114133E-02, 0.1720189822516E-02,-0.1687545275608E-02, 0.5624508996813E-02, 0.7615384986174E-03,-0.1586950889935E-02, 0.3924571989020E-02
 0.4245463743642E-02,-0.1737387030878E-03,-0.2084716931394E-02, 0.1606242264203E-02,-0.1752105596189E-02, 0.5462481494208E-02, 0.5851574690435E-03,-0.1709739173675E-02, 0.3856869849539E-02
 0.4034190648525E-02,-0.3075592768165E-03,-0.2151128433368E-02, 0.1506485107614E-02,-0.1842211274688E-02, 0.5302431212343E-02, 0.4249429246759E-03,-0.1859876048145E-02, 0.3744966514987E-02
 0.3780823187488E-02,-0.5829270961983E-03,-0.2331173155207E-02, 0.1405020642976E-02,-0.2029752019361E-02, 0.5105722154630E-02, 0.3131721692185E-03,-0.2039283476192E-02, 0.3498823873352E-02
 0.5588742228514E-02, 0.9077070726933E-03,-0.1074968378328E-02, 0.2675409060366E-02,-0.9354222997010E-03, 0.6946014153780E-02, 0.1781301343021E-02,-0.7457875835353E-03, 0.5177442783384E-02
 0.5295755978483E-02, 0.6722133864422E-03,-0.1293145955112E-02, 0.2685414224272E-02,-0.8753914145888E-03, 0.6608178075451E-02, 0.1498844796711E-02,-0.9622393908189E-03, 0.4899441446904E-02
 0.5013038492036E-02, 0.4222343006700E-03,-0.1526067706920E-02, 0.2445562514919E-02,-0.1023918057214E-02, 0.6375308942559E-02, 0.1276813367950E-02,-0.1176697869875E-02, 0.4610428982199E-02
 0.4766334565146E-02, 0.1940073167185E-03,-0.1742339488657E-02, 0.2110849315738E-02,-0.1269996893562E-02, 0.6187127120705E-02, 0.1100733291827E-02,-0.1361676293867E-02, 0.4340513951080E-02
 0.4804575576467E-02, 0.1944637160083E-03,-0.1753095661611E-02, 0.2134624989781E-02,-0.1296787228138E-02, 0.6260829588769E-02, 0.1147865709388E-02,-0.1360316314412E-02, 0.4362645317577E-02
 0.4483946573925E-02,-0.5224034035499E-04,-0.1999356561539E-02, 0.1776819981608E-02,-0.1610789811374E-02, 0.5703706872517E-02, 0.8285321378476E-03,-0.1533246069317E-02, 0.3978410436836E-02
 0.4307075341488E-02,-0.1209205877898E-03,-0.2029305228192E-02, 0.1662734597567E-02,-0.1675731918939E-02, 0.5541889786719E-02, 0.6521303958166E-03,-0.1656183922875E-02, 0.3910767265231E-02
 0.4095991742222E-02,-0.2548912268616E-03,-0.2096041138703E-02, 0.1562988310173E-02,-0.1766268343913E-02, 0.5382011712928E-02, 0.4918427994541E-03,-0.1806485024825E-02, 0.3798986285069E-02
 0.3842875119418E-02,-0.5303418418494E-03,-0.2276434660860E-02, 0.1461870800399E-02,-0.1954322000019E-02, 0.5185580391001E-02, 0.3799055405323E-03,-0.1986095328543E-02, 0.3553259847172E-02
 0.5679434400915E-02, 0.9977571319623E-03,-0.9671783241778E-03, 0.2785951781681E-02,-0.8102793218974E-03, 0.7036185087597E-02, 0.1862955780567E-02,-0.6480557002553E-03, 0.5270657972456E-02
 0.5388038715065E-02, 0.7628807555168E-03,-0.1185143978258E-02, 0.2796073900271E-02,-0.7507553964391E-03, 0.6700270357794E-02, 0.1581392617224E-02,-0.8641782100779E-03, 0.4994395668672E-02
 0.5106446812282E-02, 0.5131331043467E-03,-0.1418261858437E-02, 0.2556531118212E-02,-0.8998889613864E-03, 0.6468626007436E-02, 0.1359836879762E-02,-0.1078615831231E-02, 0.4706818190381E-02
 0.4860448415922E-02, 0.2848514251587E-03,-0.1634994914094E-02, 0.2222104330869E-02,-0.1146633819339E-02, 0.6281212020793E-02, 0.1183928647855E-02,-0.1263799481245E-02, 0.4437985808297E-02
 0.4898969018429E-02, 0.2853793263801E-03,-0.1645692484771E-02, 0.2246037098839E-02,-0.1173353801594E-02, 0.6355156353656E-02, 0.1231101346011E-02,-0.1262390105697E-02, 0.4460358107631E-02
 0.4578391035885E-02, 0.3803496955596E-04,-0.1893158349373E-02, 0.1887722321790E-02,-0.1488772624661E-02, 0.5798915075737E-02, 0.9116150193889E-03,-0.1436128537980E-02, 0.4076797415609E-02
 0.4401643012677E-02,-0.3098821762232E-04,-0.1923650647308E-02, 0.1773178189019E-02,-0.1554349596737E-02, 0.5637303887694E-02, 0.7351602952019E-03,-0.1559426193491E-02, 0.4009122327009E-02
 0.4190651357356E-02,-0.1653068009996E-03,-0.1991000126068E-02, 0.1673593533596E-02,-0.1645614808374E-02, 0.5477523582426E-02, 0.5747288111621E-03,-0.1710127779549E-02, 0.3897365758025E-02
 0.3937593012432E-02,-0.4410848480365E-03,-0.2172144381127E-02, 0.1573864527645E-02,-0.1834580654535E-02, 0.5281178679772E-02, 0.4624869523565E-03,-0.1890219680495E-02, 0.3652007044496E-02
 0.6235367865921E-02, 0.9662119606163E-03,-0.1505824718631E-02, 0.3127690839529E-02,-0.1063519905159E-02,-0.2385199873904E-02, 0.2027015693337E-02,-0.9781376483177E-03, 0.5865896313200E-02
 0.5918573574838E-02, 0.7199230288906E-03,-0.1728531440636E-02, 0.3128980823304E-02,-0.1003095399968E-02,-0.2494179079197E-02, 0.1730170988263E-02,-0.1201175604259E-02, 0.5566415549935E-02
 0.5616377924216E-02, 0.4623862548451E-03,-0.1962950866966E-02, 0.2876403860723E-02,-0.1152972802931E-02,-0.2613474726419E-02, 0.1498323642344E-02,-0.1419527987228E-02, 0.5258992717368E-02
 0.5353831533494E-02, 0.2289023695632E-03,-0.2178839350639E-02, 0.2528164079958E-02,-0.1401369450078E-02,-0.2749489386202E-02, 0.1315242365239E-02,-0.1606494776647E-02, 0.4973393681322E-02
 0.5396292797036E-02, 0.2327242076580E-03,-0.2187519419871E-02, 0.2555358590896E-02,-0.1425720760340E-02,-0.2769372460140E-02, 0.1366840794682E-02,-0.1602615436907E-02, 0.4999124845092E-02
 0.5047889009517E-02,-0.2470381037732E-04,-0.2434048902091E-02, 0.2177512576566E-02,-0.1746589821037E-02,-0.3097286025990E-02, 0.1030452856107E-02,-0.1779471492517E-02, 0.4586730462097E-02
 0.4860197448305E-02,-0.9589727001172E-04,-0.2462272338548E-02, 0.2053767453921E-02,-0.1812115949340E-02,-0.3144545976747E-02, 0.8474590156078E-03,-0.1904008404200E-02, 0.4511944656876E-02
 0.4637270188973E-02,-0.2334995448011E-03,-0.2527401432613E-02, 0.1960946868977E-02,-0.1903270255740E-02,-0.3212696252462E-02, 0.6811147906446E-03,-0.2056133754883E-02, 0.4391719390409E-02
 0.4370040607542E-02,-0.5151220612796E-03,-0.2706806097126E-02, 0.1896453910483E-02,-0.2092815902397E-02,-0.3380723781422E-02, 0.5642069358350E-03,-0.2237514596942E-02, 0.4132702164564E-02
 0.6341772228537E-02, 0.1089512758742E-02,-0.1380096437095E-02, 0.3240176467176E-02,-0.9345676920842E-03,-0.2247066964899E-02, 0.2130036766495E-02,-0.9356238282912E-03, 0.5886804049717E-02
 0.6026439175285E-02, 0.8432060103368E-03,-0.1603365838131E-02, 0.3241221651747E-02,-0.8752162644190E-03,-0.2357345577859E-02, 0.1833638102270E-02,-0.1158528591582E-02, 0.5588812668393E-02
 0.5725095742526E-02, 0.5851193650006E-03,-0.1838896189783E-02, 0.2988510607659E-02,-0.1026340236369E-02,-0.2478275001514E-02, 0.1601709740028E-02,-0.1377164763858E-02, 0.5282495808605E-02
 0.5462967009796E-02, 0.3507984736741E-03,-0.2056149559601E-02, 0.2640122495267E-02,-0.1276013771982E-02,-0.2616017656891E-02, 0.1418250519796E-02,-0.1564650643766E-02, 0.4997702328640E-02
 0.5505694424185E-02, 0.3547460894252E-03,-0.2064782901315E-02, 0.2667545466303E-02,-0.1300251320293E-02,-0.2635869033686E-02, 0.1469942574818E-02,-0.1560742056018E-02, 0.5023728189488E-02
 0.5157253962562E-02, 0.9563655680998E-04,-0.2313673623921E-02, 0.2288631706997E-02,-0.1623306190384E-02,-0.2966592346911E-02, 0.1132734865454E-02,-0.1738644721068E-02, 0.4612080941345E-02
 0.4969760273164E-02, 0.2384706712228E-04,-0.2342760550447E-02, 0.2164488565738E-02,-0.1689646028024E-02,-0.3014840157950E-02, 0.9495834889985E-03,-0.1863413599456E-02, 0.4537527255042E-02
 0.4746987093486E-02,-0.1144321346821E-03,-0.2408897558497E-02, 0.2071232859245E-02,-0.1781774827741E-02,-0.3084156736338E-02, 0.7829262420652E-03,-0.2015849522951E-02, 0.4417515556264E-02
 0.4479793388706E-02,-0.3969640670628E-03,-0.2589709762031E-02, 0.2006229037155E-02,-0.1972687496871E-02,-0.3253863424572E-02, 0.6653304964387E-03,-0.2197816855512E-02, 0.4158823831981E-02
 0.6472415659059E-02, 0.1232835558075E-02,-0.1237408058271E-02, 0.3372690214501E-02,-0.7999051000087E-03,-0.2128482170293E-02, 0.2225928673735E-02,-0.8400631058608E-03, 0.5986879936683E-02
 0.6159042306023E-02, 0.9868618550930E-03,-0.1460952293006E-02, 0.3373761089505E-02,-0.7414169090169E-03,-0.2239711164139E-02, 0.1930410409970E-02,-0.1062796152368E-02, 0.5690869762791E-02
 0.5858962946625E-02, 0.7285122940309E-03,-0.1697366617102E-02, 0.3121192255866E-02,-0.8935918555287E-03,-0.2361986694735E-02, 0.1698756472412E-02,-0.1281721577733E-02, 0.5386106110399E-02
 0.5597550467373E-02, 0.4935659271495E-03,-0.1915823384253E-02, 0.2772890475064E-02,-0.1144379586165E-02,-0.2501206084765E-02, 0.1515195590021E-02,-0.1469774651846E-02, 0.5102455873721E-02
 0.5640605382351E-02, 0.4976506107778E-03,-0.1924403758106E-02, 0.2800589307892E-02,-0.1168502151841E-02,-0.2521014773629E-02, 0.1566996624630E-02,-0.1465818588924E-02, 0.5128836894262E-02
 0.5292217695335E-02, 0.2369989849729E-03,-0.2175553662499E-02, 0.2420715117896E-02,-0.1493591986294E-02,-0.2854065733844E-02, 0.1229267906593E-02,-0.1645004825885E-02, 0.4717963224353E-02
 0.5104939778635E-02, 0.1646023953343E-03,-0.2205513154256E-02, 0.2296117218111E-02,-0.1560735292946E-02,-0.2903182636539E-02, 0.1046031797536E-02,-0.1770204158048E-02, 0.4643480817334E-02
 0.4882326043496E-02, 0.2564535213545E-04,-0.2272665902780E-02, 0.2202593502066E-02,-0.1653822988897E-02,-0.2973526507148E-02, 0.8791338312484E-03,-0.1923155613193E-02, 0.4523573186063E-02
 0.4615180391432E-02,-0.2577359255183E-03,-0.2454859674327E-02, 0.2137704718168E-02,-0.1846044812824E-02,-0.3144674032529E-02, 0.7609637484804E-03,-0.2105881160983E-02, 0.4265289453520E-02
 0.6605153424510E-02, 0.1374544111183E-02,-0.1100131813871E-02, 0.3502378491575E-02,-0.6768797333144E-03,-0.2028456379175E-02, 0.2318395216515E-02,-0.7189419000289E-03, 0.6116679692118E-02
 0.6293886344807E-02, 0.1129097707357E-02,-0.1323729730087E-02, 0.3503646437653E-02,-0.6190526733004E-03,-0.2140362326793E-02, 0.2023919305862E-02,-0.9414963150667E-03, 0.5822785901840E-02
 0.5995248459672E-02, 0.8707044569294E-03,-0.1560781872909E-02, 0.3251405333524E-02,-0.7720415690707E-03,-0.2263705403373E-02, 0.1792717341325E-02,-0.1160686577793E-02, 0.5519734080474E-02
 0.5734716931050E-02, 0.6353419122073E-03,-0.1780204900642E-02, 0.2903363987971E-02,-0.1023707813917E-02,-0.2404130258140E-02, 0.1609221364856E-02,-0.1349283122174E-02, 0.5237363894180E-02
 0.5778090513080E-02, 0.6395529813656E-03,-0.1788733230255E-02, 0.2931328134137E-02,-0.1047725046859E-02,-0.2423891739996E-02, 0.1661120348770E-02,-0.1345272743592E-02, 0.5264089518746E-02
 0.5429881591126E-02, 0.3776191491016E-03,-0.2041830244065E-02, 0.2550715807719E-02,-0.1374517924004E-02,-0.2758803899133E-02, 0.1323075543935E-02,-0.1525776791776E-02, 0.4854027091453E-02
 0.5242837812413E-02, 0.3046730148317E-03,-0.2072578831995E-02, 0.2425699708903E-02,-0.1442369276823E-02,-0.2808656918910E-02, 0.1139796976225E-02,-0.1651490288761E-02, 0.4779546255380E-02
 0.5020411324572E-02, 0.1651154770096E-03,-0.2140644918341E-02, 0.2332021617525E-02,-0.1536298282946E-02,-0.2879868828706E-02, 0.9727149006916E-03,-0.1805035596649E-02, 0.4659703686052E-02
 0.4753378150133E-02,-0.1189696406704E-03,-0.2324048668809E-02, 0.2267531043508E-02,-0.1729640033463E-02,-0.3052200696395E-02, 0.8540795150912E-03,-0.1988553242524E-02, 0.4401884300885E-02
 0.6590237289818E-02, 0.1375722497061E-02,-0.1088382749613E-02, 0.3496266961075E-02,-0.6751611924644E-03,-0.2027463062700E-02, 0.2307038582133E-02,-0.7060126518970E-03, 0.6109383892087E-02
 0.6279219362347E-02, 0.1130288670149E-02,-0.1312007287332E-02, 0.3497487222865E-02,-0.6174483649220E-03,-0.2139383961388E-02, 0.2012660354715E-02,-0.9286108234874E-03, 0.5815697364138E-02
 0.5981001834357E-02, 0.8719521367506E-03,-0.1549125833791E-02, 0.3245487880599E-02,-0.7704837080296E-03,-0.2262773826129E-02, 0.1781604661552E-02,-0.1147862046613E-02, 0.5513021705628E-02
 0.5721002283431E-02, 0.6366761098378E-03,-0.1768631629749E-02, 0.2897827875126E-02,-0.1022146680995E-02,-0.2403246809834E-02, 0.1598289916985E-02,-0.1336522656518E-02, 0.5231111736422E-02
 0.5763914783899E-02, 0.6407534863018E-03,-0.1777181778306E-02, 0.2925527092118E-02,-0.1046228486142E-02,-0.2423035474720E-02, 0.1649998632115E-02,-0.1332543914196E-02, 0.5257508213260E-02
 0.5417327423101E-02, 0.3791584273530E-03,-0.2030377933188E-02, 0.2545761637955E-02,-0.1372873353328E-02,-0.2757898745779E-02, 0.1312556931008E-02,-0.1513097377641E-02, 0.4848608145383E-02
 0.5230580052415E-02, 0.3063014924461E-03,-0.2061166193670E-02, 0.2421016334736E-02,-0.1440688431582E-02,-0.2807769847102E-02, 0.1129475521498E-02,-0.1638829045809E-02, 0.4774377351039E-02
 0.5008582253637E-02, 0.1668706217846E-03,-0.2129277507383E-02, 0.2327411972898E-02,-0.1534573140630E-02,-0.2879002772767E-02, 0.9626150694219E-03,-0.1792391895808E-02, 0.4654880491913E-02
 0.4742351175958E-02,-0.1170155896152E-03,-0.2312746609869E-02, 0.2262660350796E-02,-0.1727853832523E-02,-0.3051346324355E-02, 0.8442487511168E-03,-0.1975937160206E-02, 0.4397657518828E-02
 0.6788333028296E-02, 0.1566573489002E-02,-0.9313046551939E-03, 0.3661864275258E-02,-0.5351310935977E-03,-0.1880125363757E-02, 0.2507867414542E-02,-0.5099637141692E-03, 0.6267673680472E-02
 0.6480310657533E-02, 0.1322138011194E-02,-0.1154613250169E-02, 0.3663644069423E-02,-0.4780509190800E-03,-0.1992867336258E-02, 0.2214872440208E-02,-0.7322665599978E-03, 0.5976991588741E-02
 0.6184150105249E-02, 0.1064044144306E-02,-0.1392125765935E-02, 0.3412251889926E-02,-0.6317909139453E-03,-0.2117546256065E-02, 0.1984395496058E-02,-0.9517937322303E-03, 0.5676684856349E-02
 0.5925338976010E-02, 0.8284682059429E-03,-0.1612467312806E-02, 0.3065011487616E-02,-0.8842151952871E-03,-0.2259488194663E-02, 0.1801090184109E-02,-0.1141118734733E-02, 0.5396481671701E-02
 0.5969042658407E-02, 0.8328121088472E-03,-0.1620922980675E-02, 0.3093242814489E-02,-0.9080941948023E-03,-0.2279167592104E-02, 0.1853046438648E-02,-0.1137024750086E-02, 0.5423580764190E-02
 0.5621715404920E-02, 0.5695753852160E-03,-0.1876137941126E-02, 0.2712281017956E-02,-0.1236573085774E-02,-0.2616465414169E-02, 0.1514608864869E-02,-0.1319456246013E-02, 0.5015298699261E-02
 0.5435196855682E-02, 0.4959773285128E-03,-0.1907844137339E-02, 0.2586911397196E-02,-0.1305213532307E-02,-0.2667334920576E-02, 0.1331250084081E-02,-0.1445990101693E-02, 0.4940976405253E-02
 0.5213318022194E-02, 0.3557638863598E-03,-0.1976988774824E-02, 0.2493051546696E-02,-0.1400064444680E-02,-0.2739724179304E-02, 0.1163906850348E-02,-0.1600451527364E-02, 0.4821428921585E-02
 0.4946912073114E-02, 0.7104934283928E-04,-0.2161715243512E-02, 0.2428835987116E-02,-0.1594552921627E-02,-0.2913582556271E-02, 0.1044649884545E-02,-0.1785103650499E-02, 0.4564602759907E-02
 0.6838174726837E-02, 0.1611377741205E-02,-0.8917682012270E-03, 0.3697811808846E-02,-0.4792521464159E-03,-0.1803423036252E-02, 0.2572390273826E-02,-0.4646685972193E-03, 0.6302879362405E-02
 0.6531298292376E-02, 0.1367412058751E-02,-0.1114812373586E-02, 0.3699867716878E-02,-0.4224307756179E-03,-0.1916538120886E-02, 0.2279947585900E-02,-0.6866670944897E-03, 0.6013322776198E-02
 0.6236124023729E-02, 0.1109617340256E-02,-0.1352256078870E-02, 0.3448939583772E-02,-0.5763544272755E-03,-0.2041708298685E-02, 0.2049821688900E-02,-0.9060507678650E-03, 0.5714061162675E-02
 0.5978090624429E-02, 0.8741923925136E-03,-0.1572667157420E-02, 0.3102176648701E-02,-0.8289330529819E-03,-0.2184196133532E-02, 0.1866706923835E-02,-0.1095364357894E-02, 0.5434744322916E-02
 0.6021852632741E-02, 0.8785455926577E-03,-0.1581102533894E-02, 0.3130416508754E-02,-0.8527768083687E-03,-0.2203841242845E-02, 0.1918629058096E-02,-0.1091257850883E-02, 0.5461889317088E-02
 0.5675201248005E-02, 0.6152470364521E-03,-0.1836662795686E-02, 0.2749743329360E-02,-0.1181695032913E-02,-0.2542175029907E-02, 0.1580288153546E-02,-0.1273960250108E-02, 0.5054544169001E-02
 0.5488950071098E-02, 0.5415474995924E-03,-0.1868590161419E-02, 0.2624408760720E-02,-0.1250584878563E-02,-0.2593462993520E-02, 0.1396965496862E-02,-0.1400595127417E-02, 0.4980352423128E-02
 0.5267386891647E-02, 0.4012661505574E-03,-0.1937966203246E-02, 0.2530493546725E-02,-0.1345712673145E-02,-0.2666330588503E-02, 0.1229615696225E-02,-0.1555165822539E-02, 0.4861010869345E-02
 0.5001430952090E-02, 0.1165800596301E-03,-0.2122912654939E-02, 0.2466121157845E-02,-0.1540502450518E-02,-0.2840813280671E-02, 0.1110275029440E-02,-0.1739955733232E-02, 0.4604702986179E-02
 0.6894635510563E-02, 0.1663193747664E-02,-0.8351568246207E-03, 0.3752553336245E-02,-0.4007740136117E-03,-0.1720732424283E-02, 0.2637483287009E-02,-0.4107566948815E-03, 0.6351230142690E-02
 0.6589096179717E-02, 0.1419807279974E-02,-0.1057907167138E-02, 0.3754900699582E-02,-0.3442484829725E-03,-0.1834208883727E-02, 0.2345747570116E-02,-0.6323783767655E-03, 0.6063004492162E-02
 0.6295022199133E-02, 0.1162376870601E-02,-0.1295295278463E-02, 0.3504476067381E-02,-0.4984252962832E-03,-0.1959885335266E-02, 0.2116073438513E-02,-0.8515758412617E-03, 0.5764938948833E-02
 0.6037815165561E-02, 0.9271319077127E-03,-0.1515820322354E-02, 0.3158223929566E-02,-0.7512493770228E-03,-0.2102949507000E-02, 0.1933208471091E-02,-0.1040861405296E-02, 0.5486606031324E-02
 0.6081745056065E-02, 0.9315159541847E-03,-0.1524226312890E-02, 0.3186520496206E-02,-0.7750449798615E-03,-0.2122551749373E-02, 0.1985121788170E-02,-0.1036735119019E-02, 0.5513861645339E-02
 0.5735608326442E-02, 0.6681158740546E-03,-0.1780277862871E-02, 0.2806015096785E-02,-0.1104619034705E-02,-0.2461991923457E-02, 0.1646896344357E-02,-0.1219746099678E-02, 0.5107428148245E-02
 0.5549629649419E-02, 0.5942887979699E-03,-0.1812490463668E-02, 0.2680608721682E-02,-0.1173855188448E-02,-0.2513730181163E-02, 0.1463616786734E-02,-0.1346507696029E-02, 0.5033340071257E-02
 0.5328361204608E-02, 0.4539104313039E-03,-0.1882171783954E-02, 0.2586745729407E-02,-0.1269370110987E-02,-0.2587113390838E-02, 0.1296257538162E-02,-0.1501215797051E-02, 0.4914175351455E-02
 0.5062773294899E-02, 0.1692268357485E-03,-0.2067431448076E-02, 0.2522734636438E-02,-0.1464597216468E-02,-0.2762266741720E-02, 0.1176820577559E-02,-0.1686170656670E-02, 0.4658376074452E-02
 0.6983553745041E-02, 0.1752885542428E-02,-0.7262257707095E-03, 0.3862082031940E-02,-0.2752496196303E-03,-0.1628830724401E-02, 0.2718680689380E-02,-0.3121684301248E-03, 0.6442730501212E-02
 0.6679924269687E-02, 0.1510287607297E-02,-0.9486907017369E-03, 0.3864737603186E-02,-0.2191420624322E-03,-0.1742670468494E-02, 0.2428016732486E-02,-0.5333757616499E-03, 0.6156435461010E-02
 0.6387276276311E-02, 0.1253260810006E-02,-0.1186195846495E-02, 0.3614865725255E-02,-0.3737896172797E-03,-0.1868967803143E-02, 0.2198976354736E-02,-0.7524682515341E-03, 0.5859993865501E-02
 0.6131021955972E-02, 0.1018117728160E-02,-0.1407107478581E-02, 0.3269144214417E-02,-0.6271309336643E-03,-0.2012767905713E-02, 0.2016417266473E-02,-0.9418845366771E-03, 0.5582914208592E-02
 0.6175364814284E-02, 0.1022598891680E-02,-0.1415460147989E-02, 0.3297644319692E-02,-0.6508388579283E-03,-0.2032308891180E-02, 0.2068397424584E-02,-0.9377111312211E-03, 0.5610464115372E-02
 0.5829343098650E-02, 0.7587330212087E-03,-0.1672615299134E-02, 0.2916863559103E-02,-0.9816494490110E-03,-0.2373057124070E-02, 0.1730173799796E-02,-0.1121443040339E-02, 0.5204874686202E-02
 0.5643643515932E-02, 0.6846205619994E-03,-0.1705354067010E-02, 0.2791092468471E-02,-0.1051474075428E-02,-0.2425346283473E-02, 0.1546911432086E-02,-0.1248530905063E-02, 0.5130817600861E-02
 0.5422612283386E-02, 0.5439642112500E-03,-0.1775623881074E-02, 0.2697452214008E-02,-0.1147661091439E-02,-0.2499365514211E-02, 0.1379475687679E-02,-0.1403600045495E-02, 0.5011749603679E-02
 0.5157180740671E-02, 0.2590661031723E-03,-0.1961580597166E-02, 0.2634856304331E-02,-0.1343699604867E-02,-0.2675340094673E-02, 0.1259806851235E-02,-0.1588982111969E-02, 0.4756431172845E-02
-0.2497849078326E-02, 0.1842401340982E-02,-0.1169180902865E-02, 0.4330030657492E-02,-0.4187839457891E-03,-0.2252190842160E-02, 0.3004477742298E-02,-0.5422928040192E-03, 0.7166888228211E-02
-0.2728982381060E-02, 0.1586043420662E-02,-0.1397663279215E-02, 0.4320892812631E-02,-0.3633972152282E-03,-0.2364535401879E-02, 0.2696050603588E-02,-0.7717778171477E-03, 0.6855059430851E-02
-0.2903637741442E-02, 0.1318901389775E-02,-0.1637705830112E-02, 0.4055096727578E-02,-0.5206309412911E-03,-0.2487172531193E-02, 0.2454517328200E-02,-0.9960515211263E-03, 0.6536545489969E-02
-0.3035036244133E-02, 0.1076388092278E-02,-0.1858940576468E-02, 0.3692894279946E-02,-0.7774893193600E-03,-0.2626744770903E-02, 0.2262844095923E-02,-0.1188410017727E-02, 0.6240616081206E-02
-0.3012413089683E-02, 0.1084276115142E-02,-0.1864953123029E-02, 0.3725031970389E-02,-0.7986562209581E-03,-0.2644700144201E-02, 0.2319396987845E-02,-0.1181454714573E-02, 0.6271291358521E-02
-0.3220947015070E-02, 0.8068990732688E-03,-0.2123514739201E-02, 0.3320277807397E-02,-0.1138096813045E-02,-0.2983264744719E-02, 0.1960942479848E-02,-0.1370565795882E-02, 0.5833589562597E-02
-0.3355999252185E-02, 0.7294557862277E-03,-0.2154684016724E-02, 0.3183413612431E-02,-0.1208853415090E-02,-0.3032870852380E-02, 0.1769796334812E-02,-0.1499708810858E-02, 0.5751326348521E-02
-0.3473078651565E-02, 0.5841490450158E-03,-0.2223531044359E-02, 0.3096858511910E-02,-0.1306028837044E-02,-0.3103870523322E-02, 0.1595097284206E-02,-0.1657098540184E-02, 0.5622572745317E-02
-0.3537657159081E-02, 0.2914306477733E-03,-0.2408873036612E-02, 0.3073622306013E-02,-0.1504210766237E-02,-0.3276635869631E-02, 0.1469278317352E-02,-0.1844887456673E-02, 0.5351835938529E-02
-0.2366048789321E-02, 0.1963159749598E-02,-0.1043574542362E-02, 0.4439344517451E-02,-0.2910459845605E-03,-0.2112968923610E-02, 0.3104703922220E-02,-0.5003454192231E-03, 0.7185151796295E-02
-0.2598507063014E-02, 0.1707031894813E-02,-0.1272514999103E-02, 0.4430249059183E-02,-0.2366038374407E-03,-0.2226555366190E-02, 0.2796984129418E-02,-0.7296089889146E-03, 0.6875012429574E-02
-0.2775082821555E-02, 0.1439598102336E-02,-0.1513558514599E-02, 0.4164622087520E-02,-0.3949086782362E-03,-0.2350772127208E-02, 0.2555611380147E-02,-0.9540807535103E-03, 0.6557791277086E-02
-0.2908594128662E-02, 0.1196489669765E-02,-0.1736053409024E-02, 0.3802559954781E-02,-0.6528571237194E-03,-0.2492020871350E-02, 0.2363774264293E-02,-0.1146879338783E-02, 0.6262842962256E-02
-0.2885984617038E-02, 0.1204534632482E-02,-0.1742010005048E-02, 0.3834953949772E-02,-0.6738812170907E-03,-0.2509937880469E-02, 0.2420444529455E-02,-0.1139880139893E-02, 0.6293929777598E-02
-0.3097695643438E-02, 0.9257740747297E-03,-0.2002790615363E-02, 0.3429515615344E-02,-0.1015271295838E-02,-0.2851220967756E-02, 0.2061461292381E-02,-0.1329931474452E-02, 0.5857183339271E-02
-0.3233757878273E-02, 0.8478377919729E-03,-0.2034781799453E-02, 0.3292400579470E-02,-0.1086767979083E-02,-0.2901791881036E-02, 0.1870286829772E-02,-0.1459269355954E-02, 0.5775233463549E-02
-0.3352074601579E-02, 0.7019794756737E-03,-0.2104587579406E-02, 0.3205474880717E-02,-0.1184833439156E-02,-0.2973930521592E-02, 0.1695401699085E-02,-0.1616931213197E-02, 0.5646774398668E-02
-0.3418580940985E-02, 0.4085468432949E-03,-0.2291257611661E-02, 0.3181676955004E-02,-0.1384249460084E-02,-0.3148327252340E-02, 0.1569031887585E-02,-0.1805254121158E-02, 0.5376484284872E-02
-0.2216296268874E-02, 0.2104094810153E-02,-0.9006965793021E-03, 0.4568881771294E-02,-0.1572662712826E-03,-0.1993226614157E-02, 0.3198383952295E-02,-0.4050287248017E-03, 0.7281176949585E-02
-0.2450054389988E-02, 0.1848581921100E-02,-0.1129790857797E-02, 0.4560117653191E-02,-0.1035343430070E-03,-0.2107698530869E-02, 0.2891811481521E-02,-0.6340002014429E-03, 0.6973301693465E-02
-0.2628540947548E-02, 0.1581173471402E-02,-0.1371590679510E-02, 0.4294980081719E-02,-0.2626954322621E-03,-0.2233197644905E-02, 0.2650953945677E-02,-0.8586433937489E-03, 0.6657922316238E-02
-0.2764176594550E-02, 0.1337706002452E-02,-0.1595168114144E-02, 0.3933340311475E-02,-0.5215571940279E-03,-0.2375863164395E-02, 0.2459224252929E-02,-0.1051902957964E-02, 0.6364388291019E-02
-0.2741547582623E-02, 0.1345929342493E-02,-0.1601065077783E-02, 0.3966057961932E-02,-0.5424333650345E-03,-0.2393736473760E-02, 0.2516042620736E-02,-0.1044844803276E-02, 0.6395907461751E-02
-0.2956577768879E-02, 0.1065940172364E-02,-0.1863944100979E-02, 0.3560039193052E-02,-0.8856133550105E-03,-0.2737250252266E-02, 0.2156800029399E-02,-0.1236049827098E-02, 0.5960254189062E-02
-0.3093774200073E-02, 0.9875058500066E-03,-0.1896765339710E-02, 0.3422629294202E-02,-0.9578383544174E-03,-0.2788671260547E-02, 0.1965658858454E-02,-0.1365766140780E-02, 0.5878490376412E-02
-0.3213441490400E-02, 0.8411041065791E-03,-0.1967534790644E-02, 0.3335512223761E-02,-0.1056776979742E-02,-0.2861813574977E-02, 0.1790647888342E-02,-0.1523886249519E-02, 0.5750263499428E-02
-0.3281934862193E-02, 0.5470350799344E-03,-0.2155496990274E-02, 0.3311787272856E-02,-0.1257365990963E-02,-0.3037604442996E-02, 0.1663829299276E-02,-0.1712891560052E-02, 0.5480574640694E-02
-0.2068924769787E-02, 0.2243672516259E-02,-0.7630857665521E-03, 0.4695952218649E-02,-0.3487745169455E-04,-0.1892080164539E-02, 0.3288987385538E-02,-0.2839614892622E-03, 0.7406577714180E-02
-0.2303830693307E-02, 0.1988963886407E-02,-0.9921146528752E-03, 0.4687668682408E-02, 0.1834897008687E-04,-0.2007165095371E-02, 0.2983715054623E-02,-0.5126247633513E-03, 0.7101119243213E-02
-0.2484034228038E-02, 0.1721794184513E-02,-0.1234426233846E-02, 0.4423202879116E-02,-0.1414368829570E-03,-0.2133667793933E-02, 0.2743539595346E-02,-0.7374047571235E-03, 0.6787767613402E-02
-0.2621597424633E-02, 0.1478170703200E-02,-0.1458850751065E-02, 0.4062162664807E-02,-0.4009861209635E-03,-0.2277478907018E-02, 0.2552072711797E-02,-0.9310929278330E-03, 0.6495810437822E-02
-0.2598934064851E-02, 0.1486561964954E-02,-0.1464691874826E-02, 0.4095204718423E-02,-0.4217264376777E-03,-0.2295307096332E-02, 0.2609029351347E-02,-0.9239730162238E-03, 0.6527720961448E-02
-0.2817051006030E-02, 0.1205591572805E-02,-0.1729359560649E-02, 0.3688790427277E-02,-0.7663791924135E-03,-0.2640588963930E-02, 0.2249711488228E-02,-0.1116359629080E-02, 0.6093229901659E-02
-0.2955341384068E-02, 0.1126711684276E-02,-0.1762929911843E-02, 0.3551114604658E-02,-0.8392424035436E-03,-0.2692729739308E-02, 0.2058637659118E-02,-0.1246532159738E-02, 0.6011589003988E-02
-0.3076294778892E-02, 0.9798388917571E-03,-0.1834562937264E-02, 0.3463919927216E-02,-0.9389429295404E-03,-0.2766719331641E-02, 0.1883548823151E-02,-0.1405180619175E-02, 0.5883568785193E-02
-0.3146626659422E-02, 0.6852736789237E-03,-0.2023647669383E-02, 0.3440562105759E-02,-0.1140525418851E-02,-0.2943651480185E-02, 0.1756380333849E-02,-0.1594892363958E-02, 0.5614560069223E-02
-0.2056622660107E-02, 0.2242230270087E-02,-0.7528328338912E-03, 0.4686526368915E-02,-0.3526771947314E-04,-0.1892251245747E-02, 0.3274974355184E-02,-0.2727283630393E-03, 0.7395834631693E-02
-0.2291618778784E-02, 0.1987567269863E-02,-0.9818863162636E-03, 0.4678368449847E-02, 0.1785496346565E-04,-0.2007351060904E-02, 0.2969832131488E-02,-0.5014283950131E-03, 0.7090644070647E-02
-0.2471963067511E-02, 0.1720513268176E-02,-0.1224250727069E-02, 0.4414224956750E-02,-0.1419434956467E-03,-0.2133899088047E-02, 0.2729859972084E-02,-0.7262502036185E-03, 0.6777752163896E-02
-0.2609681604306E-02, 0.1477046666565E-02,-0.1448737363815E-02, 0.4053611795810E-02,-0.4014433768093E-03,-0.2277755666693E-02, 0.2538643035748E-02,-0.9199764912441E-03, 0.6486359858548E-02
-0.2587051538852E-02, 0.1485261375746E-02,-0.1454611543931E-02, 0.4086236651097E-02,-0.4222748827475E-03,-0.2295602626709E-02, 0.2595360556357E-02,-0.9129048647229E-03, 0.6517968916407E-02
-0.2805345734176E-02, 0.1204789269736E-02,-0.1719322505160E-02, 0.3681040095151E-02,-0.7666685252813E-03,-0.2640835836563E-02, 0.2236815467384E-02,-0.1105273313110E-02, 0.6084877840482E-02
-0.2943704251712E-02, 0.1126038368398E-02,-0.1752917485770E-02, 0.3543703299144E-02,-0.8394661638475E-03,-0.2692979609405E-02, 0.2045979181938E-02,-0.1235439179293E-02, 0.6003519903793E-02
-0.3064744169939E-02, 0.9793456777111E-03,-0.1824575909346E-02, 0.3456615806609E-02,-0.9390852387973E-03,-0.2766974278415E-02, 0.1871163796949E-02,-0.1394075210117E-02, 0.5875896893820E-02
-0.3135213313076E-02, 0.6850659571245E-03,-0.2013694153143E-02, 0.3432990067989E-02,-0.1140549295253E-02,-0.2943906171766E-02, 0.1744346238394E-02,-0.1583775301440E-02, 0.5607618469428E-02
-0.1862657846901E-02, 0.2432619839560E-02,-0.5938206034534E-03, 0.4851931892408E-02, 0.1059969234555E-03,-0.1742039847767E-02, 0.3474842673591E-02,-0.7505046885818E-04, 0.7551962181690E-02
-0.2098895554278E-02, 0.2179305181602E-02,-0.8224012425054E-03, 0.4844498397477E-02, 0.1587078603113E-03,-0.1857869221665E-02, 0.3171480442713E-02,-0.3032671697838E-03, 0.7250107283038E-02
-0.2281214686990E-02, 0.1912838393021E-02,-0.1065003146785E-02, 0.4581371559261E-02,-0.1566592706288E-05,-0.1985616824583E-02, 0.2932418429329E-02,-0.5281849144068E-03, 0.6939917005668E-02
-0.2421209308726E-02, 0.1669379660328E-02,-0.1290184057249E-02, 0.4221642620501E-02,-0.2616169074289E-03,-0.2130859768920E-02, 0.2741479640088E-02,-0.7224201298908E-03, 0.6650518666857E-02
-0.2398505892888E-02, 0.1677947826340E-02,-0.1295954776202E-02, 0.4255069310622E-02,-0.2821904486162E-03,-0.2148609118352E-02, 0.2798521089183E-02,-0.7152173368052E-03, 0.6682841609343E-02
-0.2620601274016E-02, 0.1396127108648E-02,-0.1562513860558E-02, 0.3848743412307E-02,-0.6282070093154E-03,-0.2496140131438E-02, 0.2439263760621E-02,-0.9093086820953E-03, 0.6250607074012E-02
-0.2760301004570E-02, 0.1316743577306E-02,-0.1596983249114E-02, 0.3710914404874E-02,-0.7017629729716E-03,-0.2549266988169E-02, 0.2248316529429E-02,-0.1040203877655E-02, 0.6169279070787E-02
-0.2882922398344E-02, 0.1169402741032E-02,-0.1669623073414E-02, 0.3623643960051E-02,-0.8022759397341E-03,-0.2624397547465E-02, 0.2073166814118E-02,-0.1199655238596E-02, 0.6041742862116E-02
-0.2955654828801E-02, 0.8745152488786E-03,-0.1859908916815E-02, 0.3600540701463E-02,-0.1004833205577E-02,-0.2802791248516E-02, 0.1945582397327E-02,-0.1390354429225E-02, 0.5774028397317E-02
-0.1803146822961E-02, 0.2476358090925E-02,-0.5542882654400E-03, 0.4886678119700E-02, 0.1613487574780E-03,-0.1664607958179E-02, 0.3537862522078E-02,-0.2990736563855E-04, 0.7585337290337E-02
-0.2039631292203E-02, 0.2223623674857E-02,-0.7825594664101E-03, 0.4879595932388E-02, 0.2138666605144E-03,-0.1780780929579E-02, 0.3235194828561E-02,-0.2577672572546E-03, 0.7284726951008E-02
-0.2222442498336E-02, 0.1957578327736E-02,-0.1025043197809E-02, 0.4617090367048E-02, 0.5350097833221E-04,-0.1908989064827E-02, 0.2996619903745E-02,-0.4824857303419E-03, 0.6975702821827E-02
-0.2363042140011E-02, 0.1714388595515E-02,-0.1250245618424E-02, 0.4258018228867E-02,-0.2066046022311E-03,-0.2054746742156E-02, 0.2805994230529E-02,-0.6766568142263E-03, 0.6687306875050E-02
-0.2340332609511E-02, 0.1722969358311E-02,-0.1256000581819E-02, 0.4291515645379E-02,-0.2271404879087E-03,-0.2072465771157E-02, 0.2862997668876E-02,-0.6694459863201E-03, 0.6719707183020E-02
-0.2563453524592E-02, 0.1441242159576E-02,-0.1522831162460E-02, 0.3885601454714E-02,-0.5734607111517E-03,-0.2420968235980E-02, 0.2504016570495E-02,-0.8637329316888E-03, 0.6288567417734E-02
-0.2703506008070E-02, 0.1361804085582E-02,-0.1557501343337E-02, 0.3747864399341E-02,-0.6472291858913E-03,-0.2474499494163E-02, 0.2313179915049E-02,-0.9947023119987E-03, 0.6207411463812E-02
-0.2826558372449E-02, 0.1214453843158E-02,-0.1630348338178E-02, 0.3660567872073E-02,-0.7479745142240E-03,-0.2550090393008E-02, 0.2138098480614E-02,-0.1154231470357E-02, 0.6080135459934E-02
-0.2899937132808E-02, 0.9196897339900E-03,-0.1820816053026E-02, 0.3637306603136E-02,-0.9507591262050E-03,-0.2729075407378E-02, 0.2010512595661E-02,-0.1345024579509E-02, 0.5813042481268E-02
-0.1740038308606E-02, 0.2527346806490E-02,-0.4974266654126E-03, 0.4940305764241E-02, 0.2394905598496E-03,-0.1580952308038E-02, 0.3601794235720E-02, 0.2408824169685E-04, 0.7631956637150E-02
-0.1976738248853E-02, 0.2275316610855E-02,-0.7253482281641E-03, 0.4933606570344E-02, 0.2917830783229E-03,-0.1697452574770E-02, 0.3299982369690E-02,-0.2033324748053E-03, 0.7332814459477E-02
-0.2160055367350E-02, 0.2009768375180E-02,-0.9677160426313E-03, 0.4671786641369E-02, 0.1312725483666E-03,-0.1826131158976E-02, 0.3061997951724E-02,-0.4278006981930E-03, 0.7025121450289E-02
-0.2301299172986E-02, 0.1766883743341E-02,-0.1192974677628E-02, 0.4313429848615E-02,-0.1289593259161E-03,-0.1972429071928E-02, 0.2871744540547E-02,-0.6218848257956E-03, 0.6737834284122E-02
-0.2278582367633E-02, 0.1775506540081E-02,-0.1198704258356E-02, 0.4347058965193E-02,-0.1494385437044E-03,-0.1990111887695E-02, 0.2928746095224E-02,-0.6146570296175E-03, 0.6770384261138E-02
-0.2502804881219E-02, 0.1493831866682E-02,-0.1465942684464E-02, 0.3941441156979E-02,-0.4962602910488E-03,-0.2339646929146E-02, 0.2570044973450E-02,-0.8091743829627E-03, 0.6340304178995E-02
-0.2643228547997E-02, 0.1414314515848E-02,-0.1500877111896E-02, 0.3803698426569E-02,-0.5703339795769E-03,-0.2393615718585E-02, 0.2379322009333E-02,-0.9402424139714E-03, 0.6259300122172E-02
-0.2766742207324E-02, 0.1266926264503E-02,-0.1574003361856E-02, 0.3716490886960E-02,-0.6714163003113E-03,-0.2469705156015E-02, 0.2204301105240E-02,-0.1099876119591E-02, 0.6132258799261E-02
-0.2840827947282E-02, 0.9722596435137E-03,-0.1764740089233E-02, 0.3693594123549E-02,-0.8745521244257E-03,-0.2649325797012E-02, 0.2076695396472E-02,-0.1290788129567E-02, 0.5865771762824E-02
-0.1648822967276E-02, 0.2616391539548E-02,-0.3876887350928E-03, 0.5048597693763E-02, 0.3650574836087E-03,-0.1487610942529E-02, 0.3682275611153E-02, 0.1232319347260E-03, 0.7721411963312E-02
-0.1885893184551E-02, 0.2365340898825E-02,-0.6152329666096E-03, 0.5042373799942E-02, 0.4170356493956E-03,-0.1604424287810E-02, 0.3381732086660E-02,-0.1036722278685E-03, 0.7424407864794E-02
-0.2070023296349E-02, 0.2100387204666E-02,-0.8576204793247E-03, 0.4781376248264E-02, 0.2562099036872E-03,-0.1733671634999E-02, 0.3144553974729E-02,-0.3279350632502E-03, 0.7118541940270E-02
-0.2212285114296E-02, 0.1857777534973E-02,-0.1083174404339E-02, 0.4423836673025E-02,-0.4370199361471E-05,-0.1880655004495E-02, 0.2954751796676E-02,-0.5220611183707E-03, 0.6832688247893E-02
-0.2189552047078E-02, 0.1866531808361E-02,-0.1088852031536E-02, 0.4457764989526E-02,-0.2473661146880E-04,-0.1898286744869E-02, 0.3011854897830E-02,-0.5147840174225E-03, 0.6865578847166E-02
-0.2415491115145E-02, 0.1584578580598E-02,-0.1357074015672E-02, 0.4052057989054E-02,-0.3725952608599E-03,-0.2249037892009E-02, 0.2653317327459E-02,-0.7099210756346E-03, 0.6436513792178E-02
-0.2556494180042E-02, 0.1504840028714E-02,-0.1392508097747E-02, 0.3914054463948E-02,-0.4472033255000E-03,-0.2303546509475E-02, 0.2462689868548E-02,-0.8412741466034E-03, 0.6355618565058E-02
-0.2680723716356E-02, 0.1357251405736E-02,-0.1466187865286E-02, 0.3827131384057E-02,-0.5488926719973E-03,-0.2380256405767E-02, 0.2287666571088E-02,-0.1001221038380E-02, 0.6228758156549E-02
-0.2755899545415E-02, 0.1062494695692E-02,-0.1657555444185E-02, 0.3805656174850E-02,-0.7527264947996E-03,-0.2560659953148E-02, 0.2159905668320E-02,-0.1192495570403E-02, 0.5962862680238E-02
-0.2363444769285E-02, 0.2830578302499E-02,-0.7290421089982E-03, 0.5645561470457E-02, 0.3354732594065E-03,-0.2022034790769E-02, 0.4092744523132E-02,-0.1939800416867E-05,-0.1484162434103E-02
-0.2599657342518E-02, 0.2563217070146E-02,-0.9640566545095E-03, 0.5624150073682E-02, 0.3849624205729E-03,-0.2138486789927E-02, 0.3771770627723E-02,-0.2386472106378E-03,-0.1686488774026E-02
-0.2778496549106E-02, 0.2285617490427E-02,-0.1210396037323E-02, 0.5344191872438E-02, 0.2195264610838E-03,-0.2265130158823E-02, 0.3519739846844E-02,-0.4695156481880E-03,-0.1904051523252E-02
-0.2913504489197E-02, 0.2033283505363E-02,-0.1437610265796E-02, 0.4967479504427E-02,-0.4662149777436E-04,-0.2408887465175E-02, 0.3318752485905E-02,-0.6678851701848E-03,-0.2101464612509E-02
-0.2888349281521E-02, 0.2045485300128E-02,-0.1440636478426E-02, 0.5005609527573E-02,-0.6432896876107E-04,-0.2424620045746E-02, 0.3380542794124E-02,-0.6575438474882E-03,-0.2117873041781E-02
-0.3106194970478E-02, 0.1746428087285E-02,-0.1712863293162E-02, 0.4570962818907E-02,-0.4242009284520E-03,-0.2775434161111E-02, 0.2998309245495E-02,-0.8604876959869E-03,-0.2294297534034E-02
-0.3244871410259E-02, 0.1662130606292E-02,-0.1747511382966E-02, 0.4419891624515E-02,-0.5007975872680E-03,-0.2827897769002E-02, 0.2798365522866E-02,-0.9947929782887E-03,-0.2342289229590E-02
-0.3365562170296E-02, 0.1508439674350E-02,-0.1820655151151E-02, 0.4340357663154E-02,-0.6046555063523E-03,-0.2902304453420E-02, 0.2614647630230E-02,-0.1158043342185E-02,-0.2449370227914E-02
-0.3433612391213E-02, 0.1203745089226E-02,-0.2012655568441E-02, 0.4362420285415E-02,-0.8123171591676E-03,-0.3080516391798E-02, 0.2479185991296E-02,-0.1352945589173E-02,-0.2684069888684E-02
-0.2230736042060E-02, 0.2948308986829E-02,-0.6040570829572E-03, 0.5751184703863E-02, 0.4615405824465E-03,-0.1882208440623E-02, 0.4189732657959E-02, 0.3916569157498E-04,-0.1450497188467E-02
-0.2468197470613E-02, 0.2681453825847E-02,-0.8394011784052E-03, 0.5730236315605E-02, 0.5102326978025E-03,-0.1999822706296E-02, 0.3869754076302E-02,-0.1972150138632E-03,-0.1652651267859E-02
-0.2648889737475E-02, 0.2403849493268E-02,-0.1086606079019E-02, 0.5450753883173E-02, 0.3439259983644E-03,-0.2127969637594E-02, 0.3618151682295E-02,-0.4281786910272E-03,-0.1870389654820E-02
-0.2785952840315E-02, 0.2151189243197E-02,-0.1314951251249E-02, 0.5074425066325E-02, 0.7690083902507E-04,-0.2273330530738E-02, 0.3417237793437E-02,-0.6268933187946E-03,-0.2068184524975E-02
-0.2760811085590E-02, 0.2163585048851E-02,-0.1317909150126E-02, 0.5112802121476E-02, 0.5937026226016E-04,-0.2289015640295E-02, 0.3479166263701E-02,-0.6164901141287E-03,-0.2084582086984E-02
-0.2981751544589E-02, 0.1863474006998E-02,-0.1592180276352E-02, 0.4677978918416E-02,-0.3021834397850E-03,-0.2642419387455E-02, 0.3096724801167E-02,-0.8202473416492E-03,-0.2261832417356E-02
-0.3121403095025E-02, 0.1778796783567E-02,-0.1627597311933E-02, 0.4526819549540E-02,-0.3794361027037E-03,-0.2695815592396E-02, 0.2896895486280E-02,-0.9547027247732E-03,-0.2310131228680E-02
-0.3243297068213E-02, 0.1624692647724E-02,-0.1701637820910E-02, 0.4446979541759E-02,-0.4840877373030E-03,-0.2771323609928E-02, 0.2713132212395E-02,-0.1118178823562E-02,-0.2417528979947E-02
-0.3313239182072E-02, 0.1319501217826E-02,-0.1894868146813E-02, 0.4468416563357E-02,-0.6928323105866E-03,-0.2951101411204E-02, 0.2577270919638E-02,-0.1313551988916E-02,-0.2652612443551E-02
-0.2079640946407E-02, 0.3086335161938E-02,-0.4615131354242E-03, 0.5877236746574E-02, 0.5939948473415E-03,-0.1761721235393E-02, 0.4280810236553E-02, 0.1338451627157E-03,-0.1336239383629E-02
-0.2318310978306E-02, 0.2820408573575E-02,-0.6968636451431E-03, 0.5857024539323E-02, 0.6421511214370E-03,-0.1880131759576E-02, 0.3962272470011E-02,-0.1021007885684E-03,-0.1538315901129E-02
-0.2500829676572E-02, 0.2543148793296E-02,-0.9446699087499E-03, 0.5578397941098E-02, 0.4752083441228E-03,-0.2009474695297E-02, 0.3711448271229E-02,-0.3330967985094E-03,-0.1756428993907E-02
-0.2639943535271E-02, 0.2290423867525E-02,-0.1173951001838E-02, 0.5202812610004E-02, 0.2074963846290E-03,-0.2156171941291E-02, 0.3510869185789E-02,-0.5321471262016E-03,-0.1954871616026E-02
-0.2614787498978E-02, 0.2303047570798E-02,-0.1176837947637E-02, 0.5241524367397E-02, 0.1901547343024E-03,-0.2171808208898E-02, 0.3572992349989E-02,-0.5216682882475E-03,-0.1971199925653E-02
-0.2838942710224E-02, 0.2002050765193E-02,-0.1453013978834E-02, 0.4806588381639E-02,-0.1729156039772E-03,-0.2527316959025E-02, 0.3190572537263E-02,-0.7264277712159E-03,-0.2149917264551E-02
-0.2979692281809E-02, 0.1916996266009E-02,-0.1489207151744E-02, 0.4655314325364E-02,-0.2508106860575E-03,-0.2581533480194E-02, 0.2990906682405E-02,-0.8611990026197E-03,-0.2198824024789E-02
-0.3102900398423E-02, 0.1762497253776E-02,-0.1564146441682E-02, 0.4575364642727E-02,-0.3562381649110E-03,-0.2658010234534E-02, 0.2807143570938E-02,-0.1025065039747E-02,-0.2306907488351E-02
-0.3174785976782E-02, 0.1456904317720E-02,-0.1758560594214E-02, 0.4596813585003E-02,-0.5660027942291E-03,-0.2839120390776E-02, 0.2670969025701E-02,-0.1221031532441E-02,-0.2542858214739E-02
-0.1930799259689E-02, 0.3223280235796E-02,-0.3240583154207E-03, 0.6001255012565E-02, 0.7153525351308E-03,-0.1659802503967E-02, 0.4369192369088E-02, 0.2544163946485E-03,-0.1192842957964E-02
-0.2170524708969E-02, 0.2958465897464E-02,-0.5591988699845E-03, 0.5981859142607E-02, 0.7631798698667E-03,-0.1778738779840E-02, 0.4052237963469E-02, 0.1893193195848E-04,-0.1394843618215E-02
-0.2354673549388E-02, 0.2681757159940E-02,-0.8073647896814E-03, 0.5704276119085E-02, 0.5958252650683E-03,-0.1909000003298E-02, 0.3802345444330E-02,-0.2120504085492E-03,-0.1613342869897E-02
-0.2495638718780E-02, 0.2429162959289E-02,-0.1037349366852E-02, 0.5329642841790E-02, 0.3276402681617E-03,-0.2056764209312E-02, 0.3602242499373E-02,-0.4113946221952E-03,-0.1812458720377E-02
-0.2470456127696E-02, 0.2442004806999E-02,-0.1040171699637E-02, 0.5368719939553E-02, 0.3104738527472E-03,-0.2072353362470E-02, 0.3664556383358E-02,-0.4008409933335E-03,-0.1828694319233E-02
-0.2697589795830E-02, 0.2140353912865E-02,-0.1317947662978E-02, 0.4933773125049E-02,-0.5381471227143E-04,-0.2429513708902E-02, 0.3282316082815E-02,-0.6066246501860E-03,-0.2009012247192E-02
-0.2839398253465E-02, 0.2054969371318E-02,-0.1354839565063E-02, 0.4782404609525E-02,-0.1322682545123E-03,-0.2484423164221E-02, 0.3082838414788E-02,-0.7417825830214E-03,-0.2058608688111E-02
-0.2963856737856E-02, 0.1900142433648E-02,-0.1430580962298E-02, 0.4702460282740E-02,-0.2383677885170E-03,-0.2561715586392E-02, 0.2899113120099E-02,-0.9060992241567E-03,-0.2167480154845E-02
-0.3037536309518E-02, 0.1594281311933E-02,-0.1626012599032E-02, 0.4724225114824E-02,-0.4489847820961E-03,-0.2743910847788E-02, 0.2762711708626E-02,-0.1102672145397E-02,-0.2404423078000E-02
-0.1919586283055E-02, 0.3219006226914E-02,-0.3155282788957E-03, 0.5987977411115E-02, 0.7126459834509E-03,-0.1661307866662E-02, 0.4352339293860E-02, 0.2637204316446E-03,-0.1176448420421E-02
-0.2159397224492E-02, 0.2954279084631E-02,-0.5506871385661E-03, 0.5969180709216E-02, 0.7603860582578E-03,-0.1780260468165E-02, 0.4035555985593E-02, 0.2821119374179E-04,-0.1378465189038E-02
-0.2343682076448E-02, 0.2677756673617E-02,-0.7988861891677E-03, 0.5691969104057E-02, 0.5930620368594E-03,-0.1910562358828E-02, 0.3785937094620E-02,-0.2027860479235E-03,-0.1597006764082E-02
-0.2484797539044E-02, 0.2425402372080E-02,-0.1028905334740E-02, 0.5317650406211E-02, 0.3249829942234E-03,-0.2058362967326E-02, 0.3586166425220E-02,-0.4021337874537E-03,-0.1796187393637E-02
-0.2459640929654E-02, 0.2438018242659E-02,-0.1031776613255E-02, 0.5355949722847E-02, 0.3076914295848E-03,-0.2073973744445E-02, 0.3648173142072E-02,-0.3916505065420E-03,-0.1812387726153E-02
-0.2686947096640E-02, 0.2137051610275E-02,-0.1309523526950E-02, 0.4922922974735E-02,-0.5620385488979E-04,-0.2431058052512E-02, 0.3266904968255E-02,-0.5973307365183E-03,-0.1992922808625E-02
-0.2828806151079E-02, 0.2051839226773E-02,-0.1346418461518E-02, 0.4771971296651E-02,-0.1345582975725E-03,-0.2485955546118E-02, 0.3067711518063E-02,-0.7324528473962E-03,-0.2042632023172E-02
-0.2953332782359E-02, 0.1897251847945E-02,-0.1422158101781E-02, 0.4692176601005E-02,-0.2405333690071E-03,-0.2563236150426E-02, 0.2884319793900E-02,-0.8967210509563E-03,-0.2151584199806E-02
-0.3027135535287E-02, 0.1591776728596E-02,-0.1617583057780E-02, 0.4713700605795E-02,-0.4509640316943E-03,-0.2745412222956E-02, 0.2748362451142E-02,-0.1093233098538E-02,-0.2388540806566E-02
-0.1722435222503E-02, 0.3408420711629E-02,-0.1550082540887E-03, 0.6153339870290E-02, 0.8548441035484E-03,-0.1508587778077E-02, 0.4550730736676E-02, 0.4625052674638E-03,-0.1024449997666E-02
-0.1963360212702E-02, 0.3145426610266E-02,-0.3895068550225E-03, 0.6135045078953E-02, 0.9024170546727E-03,-0.1628146041628E-02, 0.4236158868112E-02, 0.2276987255552E-03,-0.1225932081333E-02
-0.2149501828136E-02, 0.2869868170789E-02,-0.6377567578128E-03, 0.5859343126736E-02, 0.7348698993573E-03,-0.1759530055650E-02, 0.3987804865769E-02,-0.3185887959584E-05,-0.1444487550127E-02
-0.2292791130297E-02, 0.2617856868891E-02,-0.8683013372991E-03, 0.5486634194991E-02, 0.4664735655112E-03,-0.1908611367677E-02, 0.3788598235881E-02,-0.2028627990996E-03,-0.1644064307832E-02
-0.2267580455167E-02, 0.2630931186281E-02,-0.8710493818217E-03, 0.5526305759428E-02, 0.4495136503706E-03,-0.1924123868187E-02, 0.3851039612831E-02,-0.1922204903632E-03,-0.1660183816905E-02
-0.2498537040754E-02, 0.2328921580607E-02,-0.1150448025718E-02, 0.5091796118321E-02, 0.8421707386256E-04,-0.2283352075887E-02, 0.3469345118411E-02,-0.3994504183323E-03,-0.1842073305114E-02
-0.2641697682796E-02, 0.2243197721335E-02,-0.1188166762887E-02, 0.4940486333013E-02, 0.5179984543521E-05,-0.2339204848273E-02, 0.3270220702512E-02,-0.5352147362634E-03,-0.1892417897157E-02
-0.2767766752118E-02, 0.2088110279413E-02,-0.1264827498387E-02, 0.4860572446634E-02,-0.1016086210851E-03,-0.2417587508479E-02, 0.3086652447234E-02,-0.7002004313208E-03,-0.2002105568988E-02
-0.2843781725774E-02, 0.1782264675416E-02,-0.1461314034485E-02, 0.4882546756870E-02,-0.3130079585081E-03,-0.2601156263232E-02, 0.2950056401622E-02,-0.8975882821920E-03,-0.2239973583749E-02
-0.1662375392802E-02, 0.3450876039010E-02,-0.1156761675466E-03, 0.6186904983543E-02, 0.9094486973486E-03,-0.1430696561893E-02, 0.4611982504251E-02, 0.5072870814998E-03,-0.9824539723698E-03
-0.1903508300929E-02, 0.3188585455974E-02,-0.3498100649167E-03, 0.6168922334998E-02, 0.9569040527311E-03,-0.1550558341722E-02, 0.4298261980671E-02, 0.2728998487614E-03,-0.1183601975826E-02
-0.2090104680234E-02, 0.2913584641329E-02,-0.5978811904410E-03, 0.5894017471584E-02, 0.7893712110523E-03,-0.1682360570259E-02, 0.4050546277983E-02, 0.4228103855144E-04,-0.1401974298206E-02
-0.2233965379929E-02, 0.2661973509370E-02,-0.8283883674902E-03, 0.5522219052901E-02, 0.5210324648320E-03,-0.1831913487367E-02, 0.3851789126153E-02,-0.1572688247586E-03,-0.1601498122630E-02
-0.2208755327954E-02, 0.2675067377596E-02,-0.8311246340666E-03, 0.5562142360951E-02, 0.5041150465039E-03,-0.1847399685242E-02, 0.3914188543767E-02,-0.1466220644394E-03,-0.1617579630222E-02
-0.2440683137335E-02, 0.2373319950695E-02,-0.1110706169646E-02, 0.5128056188124E-02, 0.1386664288451E-03,-0.2207512346745E-02, 0.3532965394931E-02,-0.3539596131939E-03,-0.1799709010092E-02
-0.2584176662577E-02, 0.2287593207634E-02,-0.1148601094964E-02, 0.4976886310407E-02, 0.5945852921537E-04,-0.2263751309431E-02, 0.3334033438630E-02,-0.4897663310976E-03,-0.1850208377837E-02
-0.2710655918565E-02, 0.2132560719058E-02,-0.1225439727601E-02, 0.4896963348742E-02,-0.4751221367902E-04,-0.2342571104677E-02, 0.3150615552255E-02,-0.6547927176474E-03,-0.1960039659473E-02
-0.2787292880092E-02, 0.1826943157691E-02,-0.1422061835927E-02, 0.4918766712832E-02,-0.2590554914683E-03,-0.2526687590406E-02, 0.3014107333594E-02,-0.8522228624850E-03,-0.2198004828411E-02
-0.1598504087266E-02, 0.3500820513537E-02,-0.5878996094713E-04, 0.6239407169352E-02, 0.9869972918836E-03,-0.1346345883867E-02, 0.4674507607862E-02, 0.5611523280500E-03,-0.9294318349305E-03
-0.1839808810762E-02, 0.3239373003187E-02,-0.2925063353124E-03, 0.6221792703184E-02, 0.1034308135605E-02,-0.1466488113194E-02, 0.4361805955047E-02, 0.3272778856735E-03,-0.1130187483246E-02
-0.2026868327417E-02, 0.2965016264133E-02,-0.5403883740565E-03, 0.5947777888013E-02, 0.8667533894667E-03,-0.1598712178990E-02, 0.4114833422195E-02, 0.9698480560460E-04,-0.1348352771583E-02
-0.2171334315491E-02, 0.2713848301320E-02,-0.7708817587188E-03, 0.5576973915515E-02, 0.5984230789421E-03,-0.1748756907104E-02, 0.3916583349426E-02,-0.1024086546497E-03,-0.1547825790963E-02
-0.2146126263787E-02, 0.2727001311863E-02,-0.7735951079607E-03, 0.5617222780711E-02, 0.5815749646562E-03,-0.1764211516018E-02, 0.3978990903549E-02,-0.9174567228499E-04,-0.1563862803332E-02
-0.2379092418941E-02, 0.2425470724209E-02,-0.1053485291954E-02, 0.5183443265244E-02, 0.2157958666311E-03,-0.2125263653679E-02, 0.3598223944613E-02,-0.2992236856866E-03,-0.1746287386937E-02
-0.2522938281417E-02, 0.2339718179783E-02,-0.1091618974957E-02, 0.5032329752710E-02, 0.1363293485754E-03,-0.2181922230899E-02, 0.3399482926159E-02,-0.4350956908126E-03,-0.1796972501517E-02
-0.2649858804929E-02, 0.2184712549183E-02,-0.1168705498826E-02, 0.4952522006207E-02, 0.2907811867305E-04,-0.2261217415786E-02, 0.3216201820317E-02,-0.6001879713081E-03,-0.1906989375158E-02
-0.2727176579876E-02, 0.1879295895714E-02,-0.1365543536021E-02, 0.4974673443957E-02,-0.1827199010109E-03,-0.2445924062121E-02, 0.3079756219570E-02,-0.7976834888966E-03,-0.2145109668862E-02
-0.1505901604573E-02, 0.3588928450836E-02, 0.5141242781459E-04, 0.6346287889941E-02, 0.1112268482909E-02,-0.1251833074237E-02, 0.4754019757645E-02, 0.6605448926857E-03,-0.8360137738156E-03
-0.1747510890224E-02, 0.3328671533382E-02,-0.1818158528982E-03, 0.6329258873679E-02, 0.1159382914079E-02,-0.1372219124979E-02, 0.4442800107486E-02, 0.4273066583671E-03,-0.1036312481821E-02
-0.1935319009638E-02, 0.3055118920843E-02,-0.4296011476187E-03, 0.6056368509194E-02, 0.9916875873647E-03,-0.1504942958217E-02, 0.4196819746656E-02, 0.1973357104984E-03,-0.1254334560249E-02
-0.2080744929497E-02, 0.2804415015508E-02,-0.6602807592791E-03, 0.5686731695704E-02, 0.7231980686105E-03,-0.1655608331667E-02, 0.3999176894437E-02,-0.1996673343570E-05,-0.1453902192447E-02
-0.2055533955425E-02, 0.2817744795457E-02,-0.6629390141648E-03, 0.5727458036590E-02, 0.7064965476811E-03,-0.1671016088707E-02, 0.4061733105711E-02, 0.8723073553613E-05,-0.1469873323840E-02
-0.2290126037283E-02, 0.2516130935612E-02,-0.9436721451484E-03, 0.5293678318586E-02, 0.3398987183652E-03,-0.2033178730062E-02, 0.3681296592969E-02,-0.1992606386396E-03,-0.1652962851540E-02
-0.2434529886055E-02, 0.2430229096524E-02,-0.9822726972212E-03, 0.5142419700776E-02, 0.2599594360679E-03,-0.2090358148343E-02, 0.3482735932530E-02,-0.3353683799624E-03,-0.1703997562364E-02
-0.2562143621487E-02, 0.2275108554266E-02,-0.1059870487987E-02, 0.5062956825464E-02, 0.1521744078356E-03,-0.2170249660410E-02, 0.3299531902974E-02,-0.5007175764311E-03,-0.1814405743236E-02
-0.2640518011134E-02, 0.1969735181030E-02,-0.1257261016897E-02, 0.5086502464147E-02,-0.6019587219556E-04,-0.2355690227056E-02, 0.3163012232317E-02,-0.6985014400678E-03,-0.2052965306053E-02
-0.2130503471962E-02, 0.3931006541279E-02,-0.1829364667410E-03,-0.1639224077952E-02, 0.1200401581116E-02,-0.1691841921915E-02, 0.5291759735887E-02, 0.6449982887990E-03,-0.1344422112962E-02
-0.2372604836225E-02, 0.3651688469780E-02,-0.4252706862974E-03,-0.1848199138771E-02, 0.1243117218850E-02,-0.1813176859672E-02, 0.4957261704655E-02, 0.4002662964580E-03,-0.1550844988897E-02
-0.2556339945174E-02, 0.3362768608197E-02,-0.6786095893435E-03,-0.2081556259126E-02, 0.1068609863050E-02,-0.1944520223679E-02, 0.4693912094100E-02, 0.1621069105559E-03,-0.1772509858155E-02
-0.2695613019416E-02, 0.3099820038580E-02,-0.9124622474809E-03,-0.2304733494856E-02, 0.7923195590344E-03,-0.2093117116126E-02, 0.4482870858459E-02,-0.4291216160177E-04,-0.1973768131893E-02
-0.2667609346602E-02, 0.3116581958370E-02,-0.9121915763524E-03,-0.2312484439845E-02, 0.7783250034634E-03,-0.2106327846218E-02, 0.4550087379067E-02,-0.2887997980324E-04,-0.1988255744867E-02
-0.2896389946210E-02, 0.2794129103432E-02,-0.1199745115435E-02,-0.2582300535798E-02, 0.3961502876363E-03,-0.2471051895091E-02, 0.4142353328875E-02,-0.2472585354618E-03,-0.2172470537443E-02
-0.3039252757166E-02, 0.2702353653776E-02,-0.1238416436547E-02,-0.2629248598617E-02, 0.3130959871229E-03,-0.2526905862305E-02, 0.3932986478262E-02,-0.3872977732083E-03,-0.2222516773894E-02
-0.3164153604602E-02, 0.2539586712235E-02,-0.1316450226017E-02,-0.2680532002449E-02, 0.2018861943438E-03,-0.2605298490436E-02, 0.3739604888649E-02,-0.5570215157658E-03,-0.2332693176444E-02
-0.3236383842102E-02, 0.2222049650938E-02,-0.1515853391546E-02,-0.2785319981881E-02,-0.1611087749283E-04,-0.2789690486304E-02, 0.3593751548698E-02,-0.7597601163338E-03,-0.2572749852829E-02
-0.1997418297522E-02, 0.4045223209252E-02,-0.5907824119003E-04,-0.1508444456254E-02, 0.1324349313061E-02,-0.1551904092411E-02, 0.5385091580434E-02, 0.6849845165541E-03,-0.1310628622151E-02
-0.2240665770242E-02, 0.3766716374679E-02,-0.3015883787303E-03,-0.1718185725685E-02, 0.1366433612842E-02,-0.1674298529792E-02, 0.5051903386305E-02, 0.4407018894776E-03,-0.1516842522920E-02
-0.2426160950252E-02, 0.3478110022960E-02,-0.5556306240924E-03,-0.1952615904701E-02, 0.1191280670080E-02,-0.1807046508675E-02, 0.4789269004613E-02, 0.2025676220577E-03,-0.1738643433493E-02
-0.2567408042197E-02, 0.3215132558106E-02,-0.7904594295638E-03,-0.2177014876636E-02, 0.9143522686246E-03,-0.1957151989291E-02, 0.4578555234720E-02,-0.2685268295974E-05,-0.1940249048357E-02
-0.2539416353762E-02, 0.3232127710268E-02,-0.7901045369620E-03,-0.2184706595972E-02, 0.9005750112978E-03,-0.1970303140284E-02, 0.4645959333413E-02, 0.1143075913021E-04,-0.1954696966332E-02
-0.2771174780470E-02, 0.2908977905035E-02,-0.1079494529984E-02,-0.2456838732606E-02, 0.5170162250215E-03,-0.2337451296656E-02, 0.4238356727762E-02,-0.2076148481663E-03,-0.2139745168896E-02
-0.2914965020087E-02, 0.2816949483691E-02,-0.1118871343479E-02,-0.2504672933775E-02, 0.4334000771148E-03,-0.2394195851773E-02, 0.4029255978378E-02,-0.3477515495937E-03,-0.2190106349671E-02
-0.3041022117626E-02, 0.2653922846949E-02,-0.1197727705960E-02,-0.2556984180267E-02, 0.3215044495509E-03,-0.2473641091485E-02, 0.3835976778012E-02,-0.5176462379183E-03,-0.2300585751160E-02
-0.3115092781289E-02, 0.2336124880668E-02,-0.1398243647521E-02,-0.2663169119484E-02, 0.1025937956396E-03,-0.2659515078517E-02, 0.3689886036376E-02,-0.7207814475670E-03,-0.2540965478645E-02
-0.1845494076110E-02, 0.4179821354207E-02, 0.8260076924150E-04,-0.1374551691154E-02, 0.1455042292859E-02,-0.1431090448372E-02, 0.5473187747278E-02, 0.7786297588403E-03,-0.1195314548365E-02
-0.2089827964771E-02, 0.3902588716133E-02,-0.1597406930031E-03,-0.1584689027552E-02, 0.1496785539176E-02,-0.1554167253144E-02, 0.5141760270219E-02, 0.5349474125754E-03,-0.1401397014824E-02
-0.2277036731337E-02, 0.3614677089161E-02,-0.4142010509205E-03,-0.1819877951014E-02, 0.1321241620504E-02,-0.1688001867192E-02, 0.4880188740817E-02, 0.2969415360792E-03,-0.1623516315255E-02
-0.2420235869907E-02, 0.3351956802967E-02,-0.6497926109303E-03,-0.2045246788613E-02, 0.1043878312969E-02,-0.1839342328065E-02, 0.4670054844175E-02, 0.9149745519241E-04,-0.1825717139574E-02
-0.2392232146594E-02, 0.3369241090857E-02,-0.6493499554452E-03,-0.2052875715935E-02, 0.1030340296368E-02,-0.1852434857516E-02, 0.4737710172301E-02, 0.1057118497181E-03,-0.1840100201342E-02
-0.2627067239455E-02, 0.3045571571617E-02,-0.9404185629063E-03,-0.2327037514527E-02, 0.6455646358049E-03,-0.2221532940485E-02, 0.4330426689581E-02,-0.1141640163897E-03,-0.2026542119545E-02
-0.2771904397683E-02, 0.2953299704621E-02,-0.9805065137664E-03,-0.2375693302412E-02, 0.5614024215196E-03,-0.2279057607879E-02, 0.4121632105261E-02,-0.2545431422513E-03,-0.2077490642078E-02
-0.2899224500387E-02, 0.2790041295808E-02,-0.1060184204609E-02,-0.2428959784940E-02, 0.4488395110641E-03,-0.2359425544927E-02, 0.3928489378657E-02,-0.4247481287304E-03,-0.2188629864587E-02
-0.2975179019196E-02, 0.2472096064472E-02,-0.1261756452987E-02,-0.2536414770629E-02, 0.2290780701624E-03,-0.2546554523277E-02, 0.3782227656567E-02,-0.6283741762548E-03,-0.2429834795780E-02
-0.1695650358245E-02, 0.4313636212764E-02, 0.2194017350376E-03,-0.1253768979659E-02, 0.1574979809399E-02,-0.1328752228991E-02, 0.5558992803371E-02, 0.8982582584337E-03,-0.1050480920285E-02
-0.1940916760617E-02, 0.4037854756589E-02,-0.2255857553667E-04,-0.1464003623934E-02, 0.1616590900615E-02,-0.1452244070242E-02, 0.5229456737243E-02, 0.6552150375901E-03,-0.1256429106121E-02
-0.2129640969556E-02, 0.3750835202875E-02,-0.2771996446995E-03,-0.1699658180400E-02, 0.1440871228040E-02,-0.1586890169952E-02, 0.4969088822447E-02, 0.4173960559447E-03,-0.1478873931747E-02
-0.2274590814970E-02, 0.3488557705468E-02,-0.5133261221472E-03,-0.1925726341181E-02, 0.1163272222408E-02,-0.1739199859767E-02, 0.4759662323236E-02, 0.2118127905669E-03,-0.1681690365799E-02
-0.2246565337042E-02, 0.3506125833209E-02,-0.5128041777684E-03,-0.1933297815105E-02, 0.1149958620584E-02,-0.1752238551723E-02, 0.4827559656089E-02, 0.2261214829147E-03,-0.1695999823587E-02
-0.2484238734870E-02, 0.3182149494954E-02,-0.8052539006831E-03,-0.2209078244174E-02, 0.7642419349105E-03,-0.2122847336292E-02, 0.4420726628575E-02, 0.5399316891634E-05,-0.1883937933717E-02
-0.2630085095189E-02, 0.3089674730774E-02,-0.8459796999772E-03,-0.2258428798250E-02, 0.6796107203193E-03,-0.2181028296445E-02, 0.4212254697834E-02,-0.1352851323759E-03,-0.1935544398448E-02
-0.2758605385271E-02, 0.2926244563226E-02,-0.9263862468408E-03,-0.2312505561538E-02, 0.5664756994973E-03,-0.2262170040342E-02, 0.4019277251071E-02,-0.3058505583804E-03,-0.2047441593462E-02
-0.2836293852253E-02, 0.2608277769245E-02,-0.1128853146938E-02,-0.2421015889658E-02, 0.3460170531925E-03,-0.2450314544848E-02, 0.3872917192973E-02,-0.5099688374596E-03,-0.2289606226085E-02
-0.1685728113285E-02, 0.4306314672451E-02, 0.2259804307935E-03,-0.1244667524561E-02, 0.1569755368750E-02,-0.1331769958003E-02, 0.5539140567057E-02, 0.9053992718005E-03,-0.1035047538789E-02
-0.1931075980555E-02, 0.4030672915992E-02,-0.1598706738390E-04,-0.1454885201891E-02, 0.1611301285863E-02,-0.1455278763745E-02, 0.5209825431285E-02, 0.6623490237787E-03,-0.1241011240391E-02
-0.2119927269600E-02, 0.3743925023331E-02,-0.2706336731012E-03,-0.1690548246953E-02, 0.1435665660927E-02,-0.1589956415269E-02, 0.4949806659753E-02, 0.4245507075485E-03,-0.1463505809484E-02
-0.2265014936864E-02, 0.3481984773804E-02,-0.5067581113653E-03,-0.1916642702139E-02, 0.1158241142957E-02,-0.1742286815992E-02, 0.4740802178227E-02, 0.2190081164966E-03,-0.1666390459724E-02
-0.2237019502796E-02, 0.3499262879338E-02,-0.5063068875595E-03,-0.1924213785360E-02, 0.1144762240825E-02,-0.1755358381185E-02, 0.4808353635210E-02, 0.2332177721094E-03,-0.1680704786321E-02
-0.2474831231838E-02, 0.3176182321499E-02,-0.7986353855614E-03,-0.2200070012446E-02, 0.7595960239642E-03,-0.2125841478713E-02, 0.4402707788257E-02, 0.1270528347511E-04,-0.1868766858262E-02
-0.2620709645591E-02, 0.3083932173216E-02,-0.8393394795918E-03,-0.2249488098431E-02, 0.6751016244255E-03,-0.2183994033359E-02, 0.4194563457087E-02,-0.1279095320885E-03,-0.1920430839748E-02
-0.2749277860804E-02, 0.2920810817253E-02,-0.9197123503408E-03,-0.2303651474639E-02, 0.5621400730254E-03,-0.2265104461624E-02, 0.4001977800519E-02,-0.2983843496682E-03,-0.2032385424760E-02
-0.2827068095442E-02, 0.2603339308915E-02,-0.1122122851881E-02,-0.2412266893322E-02, 0.3419469258891E-03,-0.2453203557080E-02, 0.3856168392598E-02,-0.5023824712493E-03,-0.2274610674836E-02
-0.1485882635242E-02, 0.4494257017179E-02, 0.3875742146596E-03,-0.1116426505511E-02, 0.1712585608255E-02,-0.1176907020968E-02, 0.5735507851116E-02, 0.1104762000647E-02,-0.8802591159574E-03
-0.1732175519483E-02, 0.4220764984297E-02, 0.1464851689310E-03,-0.1326245018480E-02, 0.1754233539852E-02,-0.1300866147747E-02, 0.5408865944006E-02, 0.8626652807240E-03,-0.1085608652941E-02
-0.1922729541895E-02, 0.3935386157147E-02,-0.1079964325979E-03,-0.1562036317737E-02, 0.1578650469318E-02,-0.1436481091095E-02, 0.5150500100932E-02, 0.6252165265044E-03,-0.1308025082163E-02
-0.2069859306845E-02, 0.3674149212619E-02,-0.3444514564002E-03,-0.1788616809669E-02, 0.1301161757938E-02,-0.1589963411226E-02, 0.4942371435806E-02, 0.4195484237879E-03,-0.1511224064290E-02
-0.2041818358551E-02, 0.3692024335491E-02,-0.3438444178010E-03,-0.1796125012551E-02, 0.1288105434102E-02,-0.1602924086296E-02, 0.5010433599806E-02, 0.4339591409510E-03,-0.1525425724542E-02
-0.2283104481817E-02, 0.3368215678998E-02,-0.6376052367173E-03,-0.2073410997102E-02, 0.9017688577853E-03,-0.1975376422692E-02, 0.4604670095061E-02, 0.2120849160635E-03,-0.1714832329936E-02
-0.2430227270863E-02, 0.3275580855575E-02,-0.6790711304483E-03,-0.2123521546411E-02, 0.8166759810315E-03,-0.2034445134251E-02, 0.4396798635748E-02, 0.7092937019479E-04,-0.1767159292415E-02
-0.2560281190939E-02, 0.3112115571413E-02,-0.7602930615548E-03,-0.2178494610788E-02, 0.7029887395792E-03,-0.2116611915411E-02, 0.4204217053140E-02,-0.1001505149084E-03,-0.1879832204513E-02
-0.2640214489536E-02, 0.2794531009265E-02,-0.9636435562826E-03,-0.2288120348736E-02, 0.4819595732428E-03,-0.2306019215461E-02, 0.4057903149233E-02,-0.3048860976687E-03,-0.2122849113618E-02
-0.1425507423027E-02, 0.4535217625066E-02, 0.4265065230556E-03,-0.1062061826288E-02, 0.1766224940149E-02,-0.1098832012229E-02, 0.5794726664971E-02, 0.1148971180707E-02,-0.8378293870212E-03
-0.1671956997152E-02, 0.4262564953514E-02, 0.1858479371415E-03,-0.1271763734741E-02, 0.1807840509348E-02,-0.1223043126647E-02, 0.5469107909431E-02, 0.9073664880922E-03,-0.1042822389083E-02
-0.1862915573861E-02, 0.3977894961490E-02,-0.6838265727819E-04,-0.1507529689423E-02, 0.1632390562554E-02,-0.1359021730937E-02, 0.5211542361440E-02, 0.6702611566042E-03,-0.1265030664980E-02
-0.2010570836364E-02, 0.3717203880171E-02,-0.3047300757040E-03,-0.1734176294052E-02, 0.1355086158408E-02,-0.1512920198505E-02, 0.5004008572828E-02, 0.4647935351766E-03,-0.1468153220596E-02
-0.1982537791305E-02, 0.3735104703485E-02,-0.3041140649269E-03,-0.1741644727866E-02, 0.1342079507325E-02,-0.1525858127921E-02, 0.5072034198787E-02, 0.4792063926642E-03,-0.1482318074164E-02
-0.2224722151609E-02, 0.3411743374354E-02,-0.5979546465761E-03,-0.2019377868024E-02, 0.9557582126295E-03,-0.1899086217098E-02, 0.4666950481062E-02, 0.2573248182378E-03,-0.1671937194538E-02
-0.2372152326796E-02, 0.3319161627259E-02,-0.6395675478666E-03,-0.2069743450308E-02, 0.8705409315357E-03,-0.1958518154659E-02, 0.4459358149488E-02, 0.1161636754058E-03,-0.1724413147664E-02
-0.2502589696944E-02, 0.3155821591758E-02,-0.7209327732366E-03,-0.2125006489773E-02, 0.7567273833398E-03,-0.2041093057152E-02, 0.4267014245802E-02,-0.5491402491327E-04,-0.1837216510880E-02
-0.2583112399493E-02, 0.2838580298637E-02,-0.9243642578186E-03,-0.2234957681657E-02, 0.5356470218174E-03,-0.2230993684146E-02, 0.4120886733766E-02,-0.2596323086533E-03,-0.2080300858678E-02
-0.1361100558048E-02, 0.4583906282281E-02, 0.4831874899653E-03,-0.9865952009614E-03, 0.1842925846991E-02,-0.1014060629069E-02, 0.5855599698246E-02, 0.1202489578797E-02,-0.7841034620105E-03
-0.1607663913381E-02, 0.4312248532162E-02, 0.2430266320624E-03,-0.1196263855628E-02, 0.1884487857623E-02,-0.1138492147742E-02, 0.5531178960301E-02, 0.9614827693535E-03,-0.9886767890420E-03
-0.1799028729041E-02, 0.4028384087188E-02,-0.1092854406135E-04,-0.1432058425938E-02, 0.1709153519842E-02,-0.1274830775090E-02, 0.5274519861442E-02, 0.7247903046504E-03,-0.1210646498434E-02
-0.1947237617760E-02, 0.3768288101332E-02,-0.2471796272631E-03,-0.1658819999949E-02, 0.1432007892921E-02,-0.1429159934874E-02, 0.5067635579394E-02, 0.5195591887902E-03,-0.1413688661773E-02
-0.1919214225005E-02, 0.3786265433110E-02,-0.2465407824509E-03,-0.1666235530648E-02, 0.1419087854477E-02,-0.1442068825059E-02, 0.5135687622744E-02, 0.5339902083923E-03,-0.1427809240129E-02
-0.2162358065293E-02, 0.3463302122863E-02,-0.5405758703287E-03,-0.1944608511304E-02, 0.1032623008742E-02,-0.1816123546794E-02, 0.4731244176628E-02, 0.3120690200083E-03,-0.1617694636640E-02
-0.2310115594430E-02, 0.3370751171235E-02,-0.5823970306759E-03,-0.1995308071917E-02, 0.9471990492820E-03,-0.1875951814691E-02, 0.4523926752994E-02, 0.1708813035140E-03,-0.1670354847480E-02
-0.2440967678402E-02, 0.3207508183223E-02,-0.6639730119596E-03,-0.2050942966844E-02, 0.8331676847586E-03,-0.1958972675598E-02, 0.4331801661793E-02,-0.2177165285315E-06,-0.1783331149865E-02
-0.2522136580650E-02, 0.2890583112738E-02,-0.8675584104752E-03,-0.2161312044354E-02, 0.6119391200597E-03,-0.2149407343300E-02, 0.4185824013474E-02,-0.2049402017286E-03,-0.2026532000748E-02
-0.1267383976092E-02, 0.4670793922979E-02, 0.5935055749816E-03,-0.8670468910294E-03, 0.1967566293762E-02,-0.9186467930367E-03, 0.5933886970516E-02, 0.1301820453963E-02,-0.6892686072558E-03
-0.1514164297969E-02, 0.4400555999632E-02, 0.3539627507382E-03,-0.1076782425117E-02, 0.2009063043818E-02,-0.1043234272604E-02, 0.5611182229675E-02, 0.1061587387027E-02,-0.8933403693136E-03
-0.1706193476951E-02, 0.4117722111653E-02, 0.1002400758409E-03,-0.1312746899397E-02, 0.1833781252922E-02,-0.1179986937152E-02, 0.5355715719922E-02, 0.8253501616930E-03,-0.1115115266701E-02
-0.1855287448147E-02, 0.3858294584321E-02,-0.1360703341803E-03,-0.1539803968427E-02, 0.1556685145658E-02,-0.1334857326377E-02, 0.5149603567293E-02, 0.6202971439082E-03,-0.1318203947945E-02
-0.1827268949358E-02, 0.3876501237160E-02,-0.1353676096168E-03,-0.1547147678202E-02, 0.1543955847774E-02,-0.1347718032177E-02, 0.5217851676851E-02, 0.6347987997990E-03,-0.1332258635123E-02
-0.2071933507628E-02, 0.3553667912722E-02,-0.4300858974749E-03,-0.1826650508980E-02, 0.1156906880371E-02,-0.1722761437643E-02, 0.4813906837556E-02, 0.4124971947780E-03,-0.1522765256121E-02
-0.2220218748496E-02, 0.3461042212075E-02,-0.4723340268279E-03,-0.1877884684616E-02, 0.1071079049628E-02,-0.1783084293316E-02, 0.4606867491200E-02, 0.2711312197295E-03,-0.1575777071156E-02
-0.2351731940318E-02, 0.3297775516022E-02,-0.5543710208422E-03,-0.1934113813389E-02, 0.9565948252197E-03,-0.1866669526174E-02, 0.4414908322794E-02, 0.9984003990851E-04,-0.1689129370508E-02
-0.2433912940749E-02, 0.2981043260433E-02,-0.7584183541610E-03,-0.2045178657470E-02, 0.7349312609462E-03,-0.2057778519085E-02, 0.4268934956540E-02,-0.1050872480225E-03,-0.1932711936941E-02
-0.1796095194812E-02, 0.5143647214147E-02, 0.4712417284951E-03,-0.1497884437679E-02, 0.2176594577980E-02,-0.1258575348171E-02, 0.6601540880306E-02, 0.1400136130581E-02,-0.1108889038726E-02
-0.2044934517810E-02, 0.4851412496038E-02, 0.2207722203732E-03,-0.1712009129695E-02, 0.2211645511890E-02,-0.1385602666299E-02, 0.6252527548733E-02, 0.1146552261936E-02,-0.1320059956319E-02
-0.2234310997922E-02, 0.4550304118114E-02,-0.4029403958642E-04,-0.1949957172631E-02, 0.2027176771471E-02,-0.1522368893613E-02, 0.5977027869753E-02, 0.9003841516546E-03,-0.1546382229720E-02
-0.2378534611233E-02, 0.4275929012053E-02,-0.2814664802382E-03,-0.2177252289016E-02, 0.1739870231128E-02,-0.1676487117557E-02, 0.5755178728362E-02, 0.6880592298908E-03,-0.1752001609216E-02
-0.2347360909502E-02, 0.4297468144314E-02,-0.2775933490420E-03,-0.2182902686833E-02, 0.1729839449163E-02,-0.1686868772490E-02, 0.5827942411978E-02, 0.7060762320523E-03,-0.1764234066469E-02
-0.2588763141794E-02, 0.3949806342226E-02,-0.5821676190353E-03,-0.2461978632251E-02, 0.1323471248303E-02,-0.2067231905112E-02, 0.5392979598318E-02, 0.4706486725384E-03,-0.1957714687655E-02
-0.2736399871901E-02, 0.3849971651546E-02,-0.6254190403227E-03,-0.2511102383936E-02, 0.1233337049232E-02,-0.2127033153003E-02, 0.5173576607605E-02, 0.3242911589129E-03,-0.2010362475454E-02
-0.2866133092044E-02, 0.3677464777872E-02,-0.7089493535977E-03,-0.2564791886551E-02, 0.1114101975205E-02,-0.2210013978663E-02, 0.4969898856450E-02, 0.1474685376574E-03,-0.2124162880669E-02
-0.2943273937339E-02, 0.3346168261844E-02,-0.9165173019067E-03,-0.2673091163262E-02, 0.8849077238315E-03,-0.2401344638360E-02, 0.4812891987369E-02,-0.6384190447610E-04,-0.2370084742076E-02
-0.1663174255101E-02, 0.5253888723067E-02, 0.5934638698413E-03,-0.1366228134523E-02, 0.2297980011941E-02,-0.1119029213610E-02, 0.6690817267392E-02, 0.1438725661030E-02,-0.1075189437940E-02
-0.1913029200204E-02, 0.4962796482227E-02, 0.3429978434498E-03,-0.1581056687862E-02, 0.2332586787767E-02,-0.1246988935769E-02, 0.6343454712014E-02, 0.1185731548752E-02,-0.1286100891119E-02
-0.2104046153841E-02, 0.4662341720708E-02, 0.8141792979563E-04,-0.1820022031684E-02, 0.2147722207399E-02,-0.1385036890696E-02, 0.6068970997876E-02, 0.9397266644847E-03,-0.1512510721508E-02
-0.2250138441894E-02, 0.4388256724179E-02,-0.1605495196378E-03,-0.2048488862658E-02, 0.1860041125017E-02,-0.1540545958599E-02, 0.5847715332421E-02, 0.7272956559358E-03,-0.1718433965009E-02
-0.2218973475644E-02, 0.4410084668299E-02,-0.1565723976263E-03,-0.2054087918039E-02, 0.1850271349788E-02,-0.1550852274625E-02, 0.5920766260022E-02, 0.7454226812671E-03,-0.1730612043522E-02
-0.2463202324789E-02, 0.4062125168755E-02,-0.4627416199084E-03,-0.2335385772740E-02, 0.1442848870929E-02,-0.1933438954162E-02, 0.5486284977318E-02, 0.5094938568244E-03,-0.1924880834945E-02
-0.2611705631555E-02, 0.3962165255585E-02,-0.5066242865846E-03,-0.2385359932890E-02, 0.1352257243539E-02,-0.1994078100785E-02, 0.5267305558894E-02, 0.3630994044027E-03,-0.1977827156796E-02
-0.2742534798700E-02, 0.3789558715817E-02,-0.5908904397433E-03,-0.2440035122334E-02, 0.1232455702061E-02,-0.2078050666405E-02, 0.5063880400992E-02, 0.1861690097984E-03,-0.2091909163720E-02
-0.2821448538851E-02, 0.3458267647234E-02,-0.7994343859759E-03,-0.2549674260493E-02, 0.1002534561100E-02,-0.2270760390850E-02, 0.4906807319439E-02,-0.2545250719274E-04,-0.2338117176079E-02
-0.1510942004136E-02, 0.5384548005546E-02, 0.7337418524222E-03,-0.1231208943680E-02, 0.2426483036136E-02,-0.9983144372843E-03, 0.6775562966732E-02, 0.1530938315110E-02,-0.9592513286144E-03
-0.1761729329035E-02, 0.5095106140443E-02, 0.4836481092224E-03,-0.1446362199082E-02, 0.2460965172504E-02,-0.1126817726494E-02, 0.6430307313693E-02, 0.1278733210597E-02,-0.1169957539772E-02
-0.1954317718578E-02, 0.4795725716370E-02, 0.2218623029040E-03,-0.1686016624072E-02, 0.2275979219910E-02,-0.1265819457973E-02, 0.6157192265827E-02, 0.1033039239330E-02,-0.1396609252732E-02
-0.2102237527551E-02, 0.4522246842691E-02,-0.2066767508896E-04,-0.1915389467119E-02, 0.1988139275330E-02,-0.1422440557975E-02, 0.5936778584604E-02, 0.8205808370825E-03,-0.1603056810399E-02
-0.2071059347772E-02, 0.4544425222189E-02,-0.1657968967268E-04,-0.1920932078160E-02, 0.1978667211189E-02,-0.1432673465563E-02, 0.6010149102453E-02, 0.8388356944538E-03,-0.1615167834775E-02
-0.2318192822924E-02, 0.4196354183957E-02,-0.3241685803223E-03,-0.2204159401259E-02, 0.1570353798117E-02,-0.1817024568573E-02, 0.5576298367963E-02, 0.6022684827289E-03,-0.1810740831463E-02
-0.2467677063578E-02, 0.4096292157967E-02,-0.3686859977122E-03,-0.2254928219760E-02, 0.1479322958059E-02,-0.1878393784670E-02, 0.5357780642417E-02, 0.4557160692786E-03,-0.1864247305821E-02
-0.2599703394929E-02, 0.3923629212624E-02,-0.4536832061891E-03,-0.2310527066867E-02, 0.1358973742792E-02,-0.1963232250547E-02, 0.5154637967743E-02, 0.2785664534855E-03,-0.1978953079386E-02
-0.2680425088515E-02, 0.3592472506726E-02,-0.6631365666817E-03,-0.2421386538317E-02, 0.1128386421634E-02,-0.2157103298137E-02, 0.4997540440708E-02, 0.6656985172912E-04,-0.2225925394653E-02
-0.1360571301315E-02, 0.5514732252617E-02, 0.8693856263338E-03,-0.1109280444725E-02, 0.2544618948817E-02,-0.8959145296659E-03, 0.6858438615150E-02, 0.1649175234421E-02,-0.8134788872913E-03
-0.1612136838050E-02, 0.5227111095459E-02, 0.6198717166279E-03,-0.1324460457671E-02, 0.2579185228567E-02,-0.1024698743798E-02, 0.6515406828891E-02, 0.1397811596204E-02,-0.1023971299282E-02
-0.1806097360494E-02, 0.4928995033571E-02, 0.3581115527563E-03,-0.1564508985961E-02, 0.2394282073735E-02,-0.1164383469458E-02, 0.6243791409795E-02, 0.1152500685872E-02,-0.1250864088755E-02
-0.1955642295870E-02, 0.4656298897468E-02, 0.1152405670100E-03,-0.1794515221977E-02, 0.2106466015821E-02,-0.1321856470867E-02, 0.6024335741939E-02, 0.9400778368432E-03,-0.1457848267946E-02
-0.1924443565212E-02, 0.4678819078179E-02, 0.1194294225849E-03,-0.1800003905752E-02, 0.2097278068278E-02,-0.1332023591447E-02, 0.6097989541816E-02, 0.9584538375470E-03,-0.1469890125782E-02
-0.2174243114321E-02, 0.4330825724681E-02,-0.1892921409433E-03,-0.2084757586717E-02, 0.1688321316757E-02,-0.1717718357813E-02, 0.5664877196243E-02, 0.7212376563666E-03,-0.1666854844423E-02
-0.2324672357591E-02, 0.4230698577163E-02,-0.2343758007986E-03,-0.2136202078967E-02, 0.1596920467405E-02,-0.1779698455478E-02, 0.5446832020780E-02, 0.5744734319809E-03,-0.1720989151706E-02
-0.2457834417475E-02, 0.4058034659728E-02,-0.3200167099779E-03,-0.2192589517843E-02, 0.1476108850439E-02,-0.1865259489121E-02, 0.5243995414711E-02, 0.3970661340534E-03,-0.1836412325845E-02
-0.2540214489414E-02, 0.3727126675504E-02,-0.5302241525352E-03,-0.2304465458375E-02, 0.1244992640057E-02,-0.2060062583628E-02, 0.5086931756387E-02, 0.1847055245013E-03,-0.2084275507458E-02
-0.1352150465034E-02, 0.5504176367238E-02, 0.8737833513385E-03,-0.1101248938666E-02, 0.2536676988187E-02,-0.9006340436799E-03, 0.6835445921791E-02, 0.1653921092393E-02,-0.7992662488706E-03
-0.1603791528983E-02, 0.5216753719605E-02, 0.6242790939882E-03,-0.1316409226385E-02, 0.2571212077716E-02,-0.1029432054252E-02, 0.6492694147973E-02, 0.1402574969296E-02,-0.1009774983911E-02
-0.1797864635389E-02, 0.4919001242681E-02, 0.3625497714230E-03,-0.1556473170388E-02, 0.2386457947556E-02,-0.1169133374848E-02, 0.6221503306217E-02, 0.1157330006064E-02,-0.1236714196334E-02
-0.1947527240969E-02, 0.4646750839723E-02, 0.1197272895156E-03,-0.1786513709555E-02, 0.2098895621862E-02,-0.1326604867369E-02, 0.6002562866958E-02, 0.9450026012903E-03,-0.1443757911508E-02
-0.1916371169085E-02, 0.4668927535024E-02, 0.1238171435037E-03,-0.1792016350393E-02, 0.2089489325091E-02,-0.1336819952123E-02, 0.6075894412009E-02, 0.9632440096573E-03,-0.1455822147381E-02
-0.2166250776526E-02, 0.4322083868738E-02,-0.1846695288345E-03,-0.2076816328905E-02, 0.1681270480490E-02,-0.1722325815793E-02, 0.5644191077673E-02, 0.7263660615008E-03,-0.1652854951586E-02
-0.2316691042277E-02, 0.4222223559309E-02,-0.2297024314746E-03,-0.2128293933010E-02, 0.1590048975583E-02,-0.1784257328735E-02, 0.5426507000107E-02, 0.5797100936606E-03,-0.1707019778035E-02
-0.2449877346035E-02, 0.4049934412532E-02,-0.3152718125889E-03,-0.2184724296189E-02, 0.1469466336647E-02,-0.1869762694776E-02, 0.5224111558581E-02, 0.4024421146057E-03,-0.1822479513475E-02
-0.2532329967319E-02, 0.3719658212365E-02,-0.5253627843004E-03,-0.2296658840532E-02, 0.1238706180269E-02,-0.2064486784376E-02, 0.5067720321587E-02, 0.1902719648977E-03,-0.2070397186449E-02
-0.1150105977691E-02, 0.5690104404671E-02, 0.1036010348533E-02,-0.9705098407773E-03, 0.2679850632652E-02,-0.7439933624385E-03, 0.7029222306520E-02, 0.1853326435125E-02,-0.6420477148173E-03
-0.1402481731623E-02, 0.5405285394990E-02, 0.7876337520840E-03,-0.1185174394218E-02, 0.2714768604536E-02,-0.8730562794420E-03, 0.6689632500316E-02, 0.1603215933641E-02,-0.8518357388892E-03
-0.1598067549297E-02, 0.5109345346470E-02, 0.5263145747626E-03,-0.1425259162903E-02, 0.2530362364251E-02,-0.1013523321118E-02, 0.6420522270534E-02, 0.1358585432767E-02,-0.1078587736651E-02
-0.1749610591173E-02, 0.4838186935333E-02, 0.2833822982650E-03,-0.1655686661198E-02, 0.2243010602353E-02,-0.1171994457915E-02, 0.6202800800172E-02, 0.1146359546254E-02,-0.1285849509748E-02
-0.1718407193325E-02, 0.4861083785235E-02, 0.2876754510769E-03,-0.1661105517575E-02, 0.2234148909164E-02,-0.1182075632620E-02, 0.6276637621514E-02, 0.1164859777192E-02,-0.1297788949277E-02
-0.1971556989377E-02, 0.4513825730085E-02,-0.2200362547318E-04,-0.1947259904086E-02, 0.1824985275955E-02,-0.1569348898656E-02, 0.5845160869684E-02, 0.9268200713011E-03,-0.1496085588531E-02
-0.2123167290060E-02, 0.4413734839883E-02,-0.6772619122069E-04,-0.1999445852065E-02, 0.1733255969022E-02,-0.1632147761138E-02, 0.5627984312462E-02, 0.7797393646258E-03,-0.1550902850779E-02
-0.2257765888504E-02, 0.4241283970582E-02,-0.1540621577555E-03,-0.2056713129912E-02, 0.1612041278630E-02,-0.1718653961699E-02, 0.5425805381321E-02, 0.6019932671690E-03,-0.1667047603841E-02
-0.2342275457240E-02, 0.3911158281649E-02,-0.3649567737289E-03,-0.2169673071762E-02, 0.1380585489050E-02,-0.1914587182843E-02, 0.5269050591810E-02, 0.3892382204439E-03,-0.1915665854397E-02
-0.1089652977501E-02, 0.5729356689289E-02, 0.1074341397433E-02,-0.9156460534476E-03, 0.2732311652861E-02,-0.6660162490172E-03, 0.7086144547705E-02, 0.1896750483905E-02,-0.5993730708288E-03
-0.1342120956818E-02, 0.5445526467249E-02, 0.8264717141999E-03,-0.1130166346184E-02, 0.2767291138655E-02,-0.7952671011403E-03, 0.6747764969679E-02, 0.1647215212130E-02,-0.8087745405743E-03
-0.1538047574191E-02, 0.5150457405013E-02, 0.5654877789560E-03,-0.1370196660848E-02, 0.2583149571653E-02,-0.9360303019516E-03, 0.6479624808182E-02, 0.1403017066988E-02,-0.1035285378204E-02
-0.1690057512053E-02, 0.4879999872759E-02, 0.3227450032758E-03,-0.1600662290113E-02, 0.2296122609912E-02,-0.1094849480502E-02, 0.6262649394018E-02, 0.1191075777904E-02,-0.1242439123083E-02
-0.1658869387784E-02, 0.4902946765809E-02, 0.3270457176280E-03,-0.1606050096831E-02, 0.2287322215378E-02,-0.1104910395167E-02, 0.6336470958818E-02, 0.1209577506405E-02,-0.1254345512493E-02
-0.1912826078982E-02, 0.4556320878917E-02, 0.1740457690497E-04,-0.1892600663149E-02, 0.1878355134441E-02,-0.1492830287022E-02, 0.5905894130914E-02, 0.9716426856004E-03,-0.1452809492053E-02
-0.2064712163931E-02, 0.4456343464863E-02,-0.2843137271263E-04,-0.1945028121907E-02, 0.1786552015840E-02,-0.1555963810476E-02, 0.5689086287794E-02, 0.8245982425937E-03,-0.1507763797495E-02
-0.2199661032739E-02, 0.4284092934965E-02,-0.1148707526699E-03,-0.2002569738242E-02, 0.1665271956814E-02,-0.1642842466660E-02, 0.5487236130850E-02, 0.6469029942517E-03,-0.1624021359975E-02
-0.2284718872560E-02, 0.3954433410902E-02,-0.3257832675054E-03,-0.2115831994215E-02, 0.1433866942476E-02,-0.1839203545025E-02, 0.5330777030499E-02, 0.4342327850002E-03,-0.1872675061793E-02
-0.1024940887924E-02, 0.5776574872479E-02, 0.1130584541063E-02,-0.8393346175997E-03, 0.2807912787328E-02,-0.5811031319820E-03, 0.7145121082658E-02, 0.1949703984652E-02,-0.5451425431050E-03
-0.1277449724214E-02, 0.5493906945357E-02, 0.8833054179375E-03,-0.1053789711860E-02, 0.2842940446207E-02,-0.7105006993619E-03, 0.6808136050939E-02, 0.1700863247426E-02,-0.7540873129246E-03
-0.1473711119236E-02, 0.5199817769732E-02, 0.6226967264395E-03,-0.1293812213850E-02, 0.2659066322070E-02,-0.8515484688550E-03, 0.6541073906755E-02, 0.1457176843809E-02,-0.9803192641670E-03
-0.1626209841560E-02, 0.4930117088134E-02, 0.3801456632416E-03,-0.1524356667168E-02, 0.2372363413855E-02,-0.1010724131841E-02, 0.6324894704009E-02, 0.1245562871583E-02,-0.1187354738089E-02
-0.1595037434805E-02, 0.4953182782800E-02, 0.3844719271985E-03,-0.1529701722161E-02, 0.2363672263467E-02,-0.1020756651398E-02, 0.6398772878258E-02, 0.1264087920039E-02,-0.1199220165018E-02
-0.1849858342376E-02, 0.4607120177135E-02, 0.7476520843684E-04,-0.1816829602178E-02, 0.1954763240945E-02,-0.1409369903811E-02, 0.5969025338455E-02, 0.1026224612440E-02,-0.1397901619000E-02
-0.2002040355024E-02, 0.4507239275538E-02, 0.2875635322314E-04,-0.1869577879299E-02, 0.1862810554214E-02,-0.1472870814025E-02, 0.5752583117314E-02, 0.8791976869229E-03,-0.1453029450602E-02
-0.2137370639073E-02, 0.4335162322222E-02,-0.5785100915817E-04,-0.1927475655606E-02, 0.1741381250263E-02,-0.1560159421633E-02, 0.5551039193376E-02, 0.7015315890342E-03,-0.1569441556375E-02
-0.2223031516953E-02, 0.4005933501446E-02,-0.2688464451771E-03,-0.2041129150682E-02, 0.1509944166315E-02,-0.1756987487569E-02, 0.5394821058725E-02, 0.4889258374691E-03,-0.1818173946370E-02
-0.9303855611095E-03, 0.5861950273877E-02, 0.1240664506571E-02,-0.7182290395229E-03, 0.2931586532600E-02,-0.4850602735263E-03, 0.7221927433952E-02, 0.2048659802127E-02,-0.4491687477203E-03
-0.1183001801255E-02, 0.5580954422450E-02, 0.9941531973192E-03,-0.9327005596784E-03, 0.2966696184201E-02,-0.6145081295612E-03, 0.6886914886193E-02, 0.1800748052251E-02,-0.6575512429980E-03
-0.1379823359299E-02, 0.5288144219211E-02, 0.7339323780853E-03,-0.1172833158464E-02, 0.2783086241691E-02,-0.7558676838798E-03, 0.6621260933310E-02, 0.1557666239792E-02,-0.8835236690471E-03
-0.1533115249546E-02, 0.5019332330669E-02, 0.4914668246870E-03,-0.1403613898815E-02, 0.2496659754325E-02,-0.9154901189651E-03, 0.6406026234889E-02, 0.1346361285340E-02,-0.1090546359806E-02
-0.1501950533606E-02, 0.5042706299998E-02, 0.4958724109004E-03,-0.1408893791446E-02, 0.2488212666951E-02,-0.9254686505942E-03, 0.6480140167707E-02, 0.1364978151715E-02,-0.1102347898099E-02
-0.1758170083863E-02, 0.4696954163716E-02, 0.1856606186662E-03,-0.1697068055962E-02, 0.2078969342040E-02,-0.1314928361369E-02, 0.6051057239786E-02, 0.1126869632811E-02,-0.1301583871204E-02
-0.1910840647438E-02, 0.4597092414368E-02, 0.1392716602978E-03,-0.1750340548255E-02, 0.1986689304805E-02,-0.1378891289188E-02, 0.5835008026919E-02, 0.9797301665615E-03,-0.1357051291306E-02
-0.2046790849717E-02, 0.4425095295033E-02, 0.5226126211188E-04,-0.1808820462631E-02, 0.1864895888379E-02,-0.1466705529793E-02, 0.5633730920534E-02, 0.8019451220289E-03,-0.1473814964673E-02
-0.2133408846519E-02, 0.4096197611158E-02,-0.1590937280758E-03,-0.1923140658793E-02, 0.1633171473916E-02,-0.1664137664464E-02, 0.5477587358150E-02, 0.5892271354923E-03,-0.1722872749051E-02
-0.1357140695841E-02, 0.6468537112749E-02, 0.1235128233644E-02,-0.1258714800788E-02, 0.3264305027581E-02,-0.7197865405412E-03,-0.2050316492416E-02, 0.2264627936986E-02,-0.7746911802805E-03
-0.1613606068817E-02, 0.6162416429386E-02, 0.9756806637608E-03,-0.1479248593677E-02, 0.3290808861168E-02,-0.8533475095866E-03,-0.2283212978359E-02, 0.2001342557322E-02,-0.9912888992173E-03
-0.1809402551881E-02, 0.5848244564297E-02, 0.7061346116759E-03,-0.1722542657626E-02, 0.3095479926269E-02,-0.9962881225553E-03,-0.2431696322466E-02, 0.1746429284321E-02,-0.1222852752096E-02
-0.1959292448589E-02, 0.5561616773314E-02, 0.4569396807829E-03,-0.1954448444883E-02, 0.2796265903863E-02,-0.1156635876499E-02,-0.2543411458192E-02, 0.1526127674170E-02,-0.1433375155511E-02
-0.1924618504820E-02, 0.5588127947735E-02, 0.4647087596451E-03,-0.1957704946361E-02, 0.2790366855511E-02,-0.1163889869719E-02,-0.2520883919545E-02, 0.1548410989919E-02,-0.1443030396547E-02
-0.2180401697167E-02, 0.5213374436997E-02, 0.1414015961486E-03,-0.2247500998307E-02, 0.2357973320448E-02,-0.1561662795520E-02,-0.2847116838322E-02, 0.1294317667181E-02,-0.1647265280333E-02
-0.2333426748858E-02, 0.5104926257651E-02, 0.9300490003972E-04,-0.2299295434110E-02, 0.2260135808502E-02,-0.1625982121722E-02,-0.2938410291158E-02, 0.1141046956783E-02,-0.1703046600363E-02
-0.2468639386591E-02, 0.4922033427921E-02, 0.3362258639949E-05,-0.2355932364259E-02, 0.2132200261633E-02,-0.1714168675948E-02,-0.3023540222744E-02, 0.9564895287467E-03,-0.1821014408745E-02
-0.2551445086198E-02, 0.4576025965612E-02,-0.2131469601231E-03,-0.2468409579966E-02, 0.1890938763766E-02,-0.1913219945869E-02,-0.3128163610756E-02, 0.7358631982940E-03,-0.2073390442932E-02
-0.1224935223592E-02, 0.6574360942625E-02, 0.1355204511677E-02,-0.1126707927936E-02, 0.3382711406953E-02,-0.5811381061976E-03,-0.1941348704803E-02, 0.2301544801231E-02,-0.7413228679001E-03
-0.1482256754386E-02, 0.6269737996987E-02, 0.1095966564346E-02,-0.1347856995627E-02, 0.3408961787756E-02,-0.7154793534139E-03,-0.2175100877494E-02, 0.2039007395136E-02,-0.9575962538157E-03
-0.1679546441567E-02, 0.5956575229775E-02, 0.8261247557791E-03,-0.1592084679953E-02, 0.3213509598627E-02,-0.8595542369326E-03,-0.2324833761189E-02, 0.1784413506767E-02,-0.1189187402200E-02
-0.1831174722164E-02, 0.5670573414715E-02, 0.5763427850232E-03,-0.1825086029070E-02, 0.2914214831054E-02,-0.1021151720839E-02,-0.2437933474472E-02, 0.1564150213296E-02,-0.1399958781532E-02
-0.1796503876438E-02, 0.5697455054555E-02, 0.5842400905634E-03,-0.1828289284543E-02, 0.2908635865722E-02,-0.1028310669245E-02,-0.2415383743266E-02, 0.1586573826467E-02,-0.1409551076444E-02
-0.2054928811732E-02, 0.5322855735949E-02, 0.2596131531376E-03,-0.2120189914294E-02, 0.2475537526522E-02,-0.1428070346154E-02,-0.2743777864131E-02, 0.1332163719732E-02,-0.1614492106964E-02
-0.2208745997747E-02, 0.5214402482125E-02, 0.2106702349511E-03,-0.2172796727631E-02, 0.2377355081762E-02,-0.1493164253560E-02,-0.2835846098122E-02, 0.1178924650124E-02,-0.1670539156813E-02
-0.2344980322755E-02, 0.5031570602547E-02, 0.1203909782566E-03,-0.2230378026941E-02, 0.2248982717748E-02,-0.1582269594806E-02,-0.2921897884802E-02, 0.9943312470694E-03,-0.1788759598655E-02
-0.2429474570384E-02, 0.4685873335120E-02,-0.9693781970519E-04,-0.2344137241339E-02, 0.2007199891287E-02,-0.1782577647899E-02,-0.3027847869106E-02, 0.7734906718951E-03,-0.2041393282919E-02
-0.1072925106006E-02, 0.6700577265092E-02, 0.1493543596001E-02,-0.9910634223026E-03, 0.3508613169574E-02,-0.4609503070349E-03,-0.1842130031432E-02, 0.2391927071606E-02,-0.6252018042000E-03
-0.1330992350072E-02, 0.6398010416158E-02, 0.1234910847921E-02,-0.1212439020828E-02, 0.3534968280676E-02,-0.5956706464069E-03,-0.2076355286139E-02, 0.2130390884162E-02,-0.8411756337502E-03
-0.1529681105564E-02, 0.6086329900317E-02, 0.9651048844899E-03,-0.1457260278975E-02, 0.3339686608260E-02,-0.7405426606021E-03,-0.2227064911350E-02, 0.1876312272119E-02,-0.1072911492505E-02
-0.1682985703036E-02, 0.5801309832283E-02, 0.7149880341045E-03,-0.1691080480800E-02, 0.3040534370662E-02,-0.9031075817035E-03,-0.2341346437083E-02, 0.1656204545018E-02,-0.1284117369840E-02
-0.1648296701878E-02, 0.5828595403227E-02, 0.7230264023477E-03,-0.1694227111842E-02, 0.3035327001896E-02,-0.9101724090929E-03,-0.2318787974109E-02, 0.1678792885517E-02,-0.1293634656097E-02
-0.1909419746141E-02, 0.5454347498496E-02, 0.3972709860530E-03,-0.1987930851703E-02, 0.2601683073270E-02,-0.1311481072959E-02,-0.2648975310194E-02, 0.1423954983810E-02,-0.1499771137754E-02
-0.2064137242787E-02, 0.5345937135456E-02, 0.3477811291326E-03,-0.2041297256844E-02, 0.2503177230690E-02,-0.1377244836959E-02,-0.2741716622576E-02, 0.1270653613649E-02,-0.1556343281625E-02
-0.2201488296835E-02, 0.5163234864707E-02, 0.2568738895337E-03,-0.2099763662583E-02, 0.2374386680800E-02,-0.1467148354640E-02,-0.2828590315608E-02, 0.1085943616542E-02,-0.1675140842393E-02
-0.2287697838791E-02, 0.4817986353540E-02, 0.3880189669515E-04,-0.2214684459523E-02, 0.2132137990059E-02,-0.1668507932075E-02,-0.2935732236861E-02, 0.8648568170550E-03,-0.1928460252777E-02
-0.9225105234324E-03, 0.6826629445190E-02, 0.1627524446384E-02,-0.8684273540555E-03, 0.3624574736373E-02,-0.3588491619512E-03,-0.1747846067878E-02, 0.2508323619518E-02,-0.4789947120746E-03
-0.1181169571704E-02, 0.6526283141849E-02, 0.1369698317976E-02,-0.1089734963561E-02, 0.3651249479020E-02,-0.4936922290116E-03,-0.1982350837255E-02, 0.2247856294980E-02,-0.6946534970357E-03
-0.1381057727523E-02, 0.6216272147133E-02, 0.1100152193815E-02,-0.1334856881788E-02, 0.3456329959877E-02,-0.6390969290709E-03,-0.2133838637328E-02, 0.1994379798195E-02,-0.9265227364542E-03
-0.1535836100742E-02, 0.5932404258334E-02, 0.8499138698800E-03,-0.1569225148671E-02, 0.3157481532810E-02,-0.8023769841352E-03,-0.2249116397962E-02, 0.1774502163371E-02,-0.1138165146762E-02
-0.1501123674857E-02, 0.5960066149283E-02, 0.8580824435352E-03,-0.1572318678868E-02, 0.3152629601651E-02,-0.8093577528141E-03,-0.2226548614039E-02, 0.1797246905972E-02,-0.1147607474021E-02
-0.1764707938796E-02, 0.5586328987672E-02, 0.5314718066005E-03,-0.1867428888146E-02, 0.2718659370361E-02,-0.1211818047302E-02,-0.2558269520372E-02, 0.1541975616437E-02,-0.1355020345775E-02
-0.1920292064590E-02, 0.5478001185075E-02, 0.4814980958986E-03,-0.1921440547138E-02, 0.2619891428659E-02,-0.1278138093995E-02,-0.2651608933984E-02, 0.1388568207324E-02,-0.1412186635989E-02
-0.2058700433198E-02, 0.5295484372718E-02, 0.3900442217190E-03,-0.1980661915117E-02, 0.2490757195701E-02,-0.1368703335377E-02,-0.2739216771411E-02, 0.1203715896856E-02,-0.1531649820063E-02
-0.2146477123347E-02, 0.4950781876914E-02, 0.1713764009847E-03,-0.2096545379195E-02, 0.2248160383282E-02,-0.1570897909913E-02,-0.2847412924309E-02, 0.9824070768403E-03,-0.1785763223038E-02
-0.9158142888804E-03, 0.6812672957912E-02, 0.1629513511223E-02,-0.8616951055807E-03, 0.3613741834485E-02,-0.3654586821968E-03,-0.1744770319945E-02, 0.2510445946799E-02,-0.4662489123992E-03
-0.1174537534547E-02, 0.6512587412599E-02, 0.1371720574973E-02,-0.1082976471805E-02, 0.3640409375325E-02,-0.5003083421727E-03,-0.1979247132865E-02, 0.2250028401425E-02,-0.6819237890346E-03
-0.1374516660812E-02, 0.6203033193253E-02, 0.1102251529542E-02,-0.1328108937273E-02, 0.3445714565105E-02,-0.6457079923126E-03,-0.2130768640060E-02, 0.1996674049687E-02,-0.9138273484980E-03
-0.1529384992074E-02, 0.5919728682684E-02, 0.8521190722552E-03,-0.1562505268040E-02, 0.3147218837591E-02,-0.8089565744670E-03,-0.2246100529811E-02, 0.1776958333968E-02,-0.1125510608882E-02
-0.1494731894372E-02, 0.5947021094721E-02, 0.8601534770347E-03,-0.1565622637109E-02, 0.3142104913020E-02,-0.8160064247102E-03,-0.2223570980629E-02, 0.1799524437873E-02,-0.1134983051793E-02
-0.1758322567190E-02, 0.5574742319122E-02, 0.5339147114094E-03,-0.1860740589691E-02, 0.2709070365748E-02,-0.1218196302220E-02,-0.2555258210122E-02, 0.1544744580123E-02,-0.1342420304785E-02
-0.1913892099523E-02, 0.5466700175148E-02, 0.4840249968701E-03,-0.1914764310920E-02, 0.2610527075077E-02,-0.1284444163888E-02,-0.2648605721330E-02, 0.1391489195451E-02,-0.1399603573144E-02
-0.2052295375447E-02, 0.5284611925145E-02, 0.3926864691609E-03,-0.1974003087538E-02, 0.2481682724314E-02,-0.1374924692872E-02,-0.2736233851209E-02, 0.1206831848582E-02,-0.1519081424183E-02
-0.2140107330266E-02, 0.4940717470687E-02, 0.1742062854627E-03,-0.2089915180885E-02, 0.2239546045766E-02,-0.1576998390762E-02,-0.2844468728234E-02, 0.9857953217422E-03,-0.1773210584707E-02
-0.7120686847269E-03, 0.6996014838446E-02, 0.1791927284387E-02,-0.7287648103887E-03, 0.3756934966234E-02,-0.2074109096144E-03,-0.1554824652519E-02, 0.2709355033574E-02,-0.3069893341256E-03
-0.9712757561183E-03, 0.6699027332596E-02, 0.1535542031495E-02,-0.9494297787548E-03, 0.3784320548346E-02,-0.3423096248385E-03,-0.1790063898731E-02, 0.2450485964310E-02,-0.5218105057185E-03
-0.1172541579926E-02, 0.6391773654427E-02, 0.1266757138336E-02,-0.1194462807170E-02, 0.3590291707904E-02,-0.4882771424351E-03,-0.1942809274249E-02, 0.2198038003800E-02,-0.7533975390560E-03
-0.1329097984811E-02, 0.6109980065142E-02, 0.1016761068927E-02,-0.1429138527223E-02, 0.3292286765208E-02,-0.6523505138665E-03,-0.2059591522261E-02, 0.1978673236105E-02,-0.9651851717636E-03
-0.1294386838307E-02, 0.6138067455668E-02, 0.1025062708269E-02,-0.1432164034531E-02, 0.3287826542382E-02,-0.6592299060826E-03,-0.2036947129034E-02, 0.2001574786709E-02,-0.9745261787424E-03
-0.1561009852452E-02, 0.5765678198040E-02, 0.6978892574153E-03,-0.1728516568593E-02, 0.2854101854253E-02,-0.1062963024082E-02,-0.2371389608525E-02, 0.1745841615416E-02,-0.1183101185791E-02
-0.1717658760939E-02, 0.5657601342898E-02, 0.6473923004427E-03,-0.1783229512533E-02, 0.2755152665214E-02,-0.1130019517283E-02,-0.2465807195524E-02, 0.1592291724979E-02,-0.1240901678136E-02
-0.1857385690242E-02, 0.5475571759564E-02, 0.5553800658041E-03,-0.1843286846585E-02, 0.2625778060700E-02,-0.1221435479281E-02,-0.2554668783016E-02, 0.1407297228782E-02,-0.1361017697613E-02
-0.1947152668637E-02, 0.5132087862690E-02, 0.3362466208584E-03,-0.1960184901703E-02, 0.2383087345883E-02,-0.1424605392624E-02,-0.2664548099438E-02, 0.1185841712553E-02,-0.1615764646906E-02
-0.6517802506937E-03, 0.7033345121725E-02, 0.1829454302394E-02,-0.6736380364531E-03, 0.3808004818779E-02,-0.1298161121092E-03,-0.1487817552097E-02, 0.2751781707698E-02,-0.2642645348990E-03
-0.9110008493052E-03, 0.6737510109863E-02, 0.1573663459342E-02,-0.8941206043436E-03, 0.3835557596616E-02,-0.2648258921772E-03,-0.1723231825948E-02, 0.2493581616148E-02,-0.4786609788612E-03
-0.1112529472023E-02, 0.6431297729606E-02, 0.1305310339820E-02,-0.1139058821172E-02, 0.3641939137587E-02,-0.4110086818553E-03,-0.1876300075062E-02, 0.2241666513879E-02,-0.7099650564784E-03
-0.1269481052949E-02, 0.6150365797288E-02, 0.1055597581340E-02,-0.1373733869709E-02, 0.3344413217252E-02,-0.5753488359043E-03,-0.1993483368724E-02, 0.2022681403952E-02,-0.9216043753773E-03
-0.1234792118411E-02, 0.6178558900184E-02, 0.1063907218405E-02,-0.1376735091244E-02, 0.3340024466726E-02,-0.5822091703384E-03,-0.1970808183543E-02, 0.2045585658313E-02,-0.9309170944797E-03
-0.1502112825829E-02, 0.5806974541789E-02, 0.7369036975549E-03,-0.1673419192982E-02, 0.2906694094890E-02,-0.9864386561569E-03,-0.2306039366816E-02, 0.1790081173371E-02,-0.1139599167528E-02
-0.1658999179549E-02, 0.5699076001127E-02, 0.6863314174923E-03,-0.1728356923353E-02, 0.2807726842739E-02,-0.1053795796325E-02,-0.2400788719066E-02, 0.1636614448748E-02,-0.1197519597725E-02
-0.1799036079934E-02, 0.5517325807334E-02, 0.5942608765956E-03,-0.1788669448312E-02, 0.2678353623042E-02,-0.1145542019076E-02,-0.2490030935389E-02, 0.1451725276473E-02,-0.1317726072338E-02
-0.1889301203341E-02, 0.5174436677017E-02, 0.3751810483245E-03,-0.1905840329432E-02, 0.2435823805622E-02,-0.1349063021325E-02,-0.2600399987238E-02, 0.1230430125472E-02,-0.1572471607619E-02
-0.5869964438042E-03, 0.7078877207316E-02, 0.1885025115548E-02,-0.5967578161931E-03, 0.3882264742151E-02,-0.4504353678535E-04,-0.1422180756322E-02, 0.2803951841221E-02,-0.2097359684900E-03
-0.8461695878646E-03, 0.6784389072251E-02, 0.1629930512248E-02,-0.8171299974293E-03, 0.3909973606822E-02,-0.1801123001817E-03,-0.1657662585440E-02, 0.2546554482197E-02,-0.4236287656460E-03
-0.1047946514995E-02, 0.6479342643234E-02, 0.1362066161489E-02,-0.1062010779493E-02, 0.3716788427573E-02,-0.3264902146788E-03,-0.1811003337282E-02, 0.2295261821043E-02,-0.6546039811277E-03
-0.1205308418141E-02, 0.6199336350213E-02, 0.1112653486968E-02,-0.1296716440066E-02, 0.3419768356520E-02,-0.4910992575714E-03,-0.1928567565990E-02, 0.2076705618177E-02,-0.8660780689349E-03
-0.1170639965087E-02, 0.6227732561063E-02, 0.1120994828191E-02,-0.1299682439206E-02, 0.3415517449805E-02,-0.4979292481651E-03,-0.1905864709371E-02, 0.2099642001657E-02,-0.8753539374389E-03
-0.1438711924264E-02, 0.5856837891951E-02, 0.7940688614215E-03,-0.1596867507466E-02, 0.2982460147464E-02,-0.9026986377217E-03,-0.2241824670578E-02, 0.1844329628980E-02,-0.1084188677526E-02
-0.1595855951375E-02, 0.5749114677060E-02, 0.7433638657909E-03,-0.1652108672020E-02, 0.2883405072610E-02,-0.9703885830526E-03,-0.2336892562656E-02, 0.1690929884680E-02,-0.1142264977869E-02
-0.1736233931462E-02, 0.5567621557347E-02, 0.6511737115187E-03,-0.1712757365423E-02, 0.2753956634535E-02,-0.1062502217129E-02,-0.2426508693178E-02, 0.1506126210171E-02,-0.1262602081427E-02
-0.1827050192232E-02, 0.5225268097079E-02, 0.4320908710524E-03,-0.1830286418884E-02, 0.2511520295987E-02,-0.1266412178882E-02,-0.2537364571089E-02, 0.1284971532646E-02,-0.1517385092590E-02
-0.4918794917564E-03, 0.7162443653627E-02, 0.1994509770706E-02,-0.4744568159164E-03, 0.4004662420661E-02, 0.5135231405287E-04,-0.1344190190050E-02, 0.2902217545143E-02,-0.1129118646382E-03
-0.7510287053360E-03, 0.6869906017656E-02, 0.1740352623463E-02,-0.6947751746382E-03, 0.4032602043612E-02,-0.8364266963885E-04,-0.1579647603176E-02, 0.2645922064529E-02,-0.3261658669040E-03
-0.9532415890504E-03, 0.6566412363379E-02, 0.1473051203872E-02,-0.9396891147153E-03, 0.3839907695252E-02,-0.2302135195891E-03,-0.1733325665785E-02, 0.2395399319466E-02,-0.5568028103634E-03
-0.1111287240127E-02, 0.6287531425130E-02, 0.1223886874276E-02,-0.1174557332593E-02, 0.3543411780510E-02,-0.3951600750038E-03,-0.1851411235006E-02, 0.2177296597821E-02,-0.7681925243379E-03
-0.1076625454076E-02, 0.6316354704913E-02, 0.1232330673479E-02,-0.1177464107410E-02, 0.3539477058678E-02,-0.4019241559297E-03,-0.1828682411500E-02, 0.2200354454931E-02,-0.7774053713483E-03
-0.1345953233274E-02, 0.5945882634050E-02, 0.9050949344440E-03,-0.1475591387530E-02, 0.3106344871586E-02,-0.8073796590512E-03,-0.2165552321807E-02, 0.1944940376249E-02,-0.9867095811171E-03
-0.1503537806112E-02, 0.5838303094312E-02, 0.8540636363866E-03,-0.1531336547856E-02, 0.3007043614465E-02,-0.8754924745299E-03,-0.2261019269941E-02, 0.1791502084424E-02,-0.1045103214726E-02
-0.1644485960620E-02, 0.5657010109114E-02, 0.7615361442976E-03,-0.1592544516458E-02, 0.2877325117125E-02,-0.9680860832093E-03,-0.2351120687160E-02, 0.1606661003517E-02,-0.1165759232678E-02
-0.1736194594918E-02, 0.5315096166458E-02, 0.5422079767239E-03,-0.1710698333114E-02, 0.2634760350728E-02,-0.1172519568262E-02,-0.2462634222910E-02, 0.1385495132235E-02,-0.1420806870624E-02
-0.8111577348369E-03,-0.2272435086612E-02, 0.2109893088553E-02,-0.9187969678453E-03, 0.4463851654044E-02,-0.7338162856762E-04,-0.1914323719978E-02, 0.3239109492438E-02,-0.3388058807234E-03
-0.1076179067120E-02,-0.2476943024321E-02, 0.1840600815538E-02,-0.1147047820514E-02, 0.4480714984189E-02,-0.2143478991738E-03,-0.2152097410013E-02, 0.2965253099185E-02,-0.5615371239479E-03
-0.1279208346560E-02,-0.2675529071853E-02, 0.1561801264531E-02,-0.1396475907812E-02, 0.4273563301645E-02,-0.3642407563610E-03,-0.2304162084919E-02, 0.2700840045803E-02,-0.7989583850243E-03
-0.1435508085439E-02,-0.2843174148912E-02, 0.1303863273944E-02,-0.1633509420884E-02, 0.3961565572570E-02,-0.5315501267524E-03,-0.2418964646520E-02, 0.2471875848799E-02,-0.1014954443834E-02
-0.1397009027065E-02,-0.2846745541160E-02, 0.1315809179273E-02,-0.1634074056173E-02, 0.3960259681709E-02,-0.5353839065734E-03,-0.2393944276184E-02, 0.2498682949090E-02,-0.1021726097893E-02
-0.1668968990644E-02,-0.2985565070440E-02, 0.9720473276797E-03,-0.1936105488931E-02, 0.3499707839456E-02,-0.9523781136416E-03,-0.2730571037109E-02, 0.2224316089954E-02,-0.1238210074179E-02
-0.1828017720838E-02,-0.3095162147598E-02, 0.9179337548329E-03,-0.1991081208407E-02, 0.3393504200367E-02,-0.1021800772210E-02,-0.2824735778865E-02, 0.2063531389287E-02,-0.1297628795128E-02
-0.1969376776578E-02,-0.3229852178340E-02, 0.8215562268649E-03,-0.2051215615766E-02, 0.3256164490501E-02,-0.1115825399797E-02,-0.2912863526775E-02, 0.1870597469985E-02,-0.1420321824480E-02
-0.2058619763224E-02,-0.3389254069653E-02, 0.5953195772922E-03,-0.2168538884194E-02, 0.3001974043040E-02,-0.1323399140602E-02,-0.3021245762221E-02, 0.1639904828695E-02,-0.1679849440647E-02
-0.6802220741885E-03,-0.2145676804102E-02, 0.2227315910010E-02,-0.7869695317678E-03, 0.4578793471839E-02, 0.6386159679416E-04,-0.1804553810306E-02, 0.3274081663179E-02,-0.3060266050205E-03
-0.9459104043416E-03,-0.2351320598218E-02, 0.1958466545542E-02,-0.1015720617248E-02, 0.4595667498918E-02,-0.7770726222085E-04,-0.2043119280923E-02, 0.3001149268318E-02,-0.5283535548140E-03
-0.1150257309278E-02,-0.2551592204381E-02, 0.1679617993017E-02,-0.1265971542090E-02, 0.4388693333449E-02,-0.2285619041421E-03,-0.2196382043321E-02, 0.2737229261591E-02,-0.7657260545342E-03
-0.1308139665076E-02,-0.2721119703842E-02, 0.1421328355482E-02,-0.1503999248724E-02, 0.4076914188328E-02,-0.3969561341427E-03,-0.2312526073419E-02, 0.2508463944293E-02,-0.9819015131294E-03
-0.1269635496900E-02,-0.2724674217851E-02, 0.1433430885635E-02,-0.1504502111134E-02, 0.4075957851519E-02,-0.4006707677396E-03,-0.2287482095324E-02, 0.2535447552528E-02,-0.9885962352743E-03
-0.1544018233568E-02,-0.2866454707663E-02, 0.1088658237555E-02,-0.1808492777080E-02, 0.3615113810709E-02,-0.8193785790747E-03,-0.2626193840384E-02, 0.2260966583165E-02,-0.1205690942738E-02
-0.1703770826088E-02,-0.2977056608007E-02, 0.1034094331532E-02,-0.1864236383448E-02, 0.3508693427569E-02,-0.8895017415475E-03,-0.2721108238400E-02, 0.2100289700933E-02,-0.1265337719767E-02
-0.1846063251377E-02,-0.3112932897076E-02, 0.9371920205316E-03,-0.1925268720471E-02, 0.3371060342499E-02,-0.9843599971567E-03,-0.2810132580469E-02, 0.1907399636884E-02,-0.1388247030926E-02
-0.1936893729873E-02,-0.3274072167196E-02, 0.7103119243493E-03,-0.2043807915043E-02, 0.3116565126216E-02,-0.1193048695751E-02,-0.2919809067363E-02, 0.1676600605489E-02,-0.1647989745700E-02
-0.5289676397838E-03,-0.2000680362364E-02, 0.2363178929697E-02,-0.6512098004466E-03, 0.4701653937893E-02, 0.1830932839947E-03,-0.1704370818915E-02, 0.3362238899036E-02,-0.1901728695639E-03
-0.7951811095683E-03,-0.2207304540130E-02, 0.2095197541999E-02,-0.8800618676684E-03, 0.4718904243698E-02, 0.4133592546970E-04,-0.1943340977636E-02, 0.3090543344391E-02,-0.4120849230956E-03
-0.1000723917435E-02,-0.2409166951982E-02, 0.1816656428379E-02,-0.1130784739884E-02, 0.4512419601844E-02,-0.1101353106884E-03,-0.2097520306767E-02, 0.2827364684899E-02,-0.6494838669955E-03
-0.1160104528231E-02,-0.2580531013328E-02, 0.1558287159634E-02,-0.1369520572722E-02, 0.4201101953017E-02,-0.2793307679686E-03,-0.2214793880075E-02, 0.2598956908548E-02,-0.8659844691209E-03
-0.1121572700004E-02,-0.2584054384111E-02, 0.1570568713056E-02,-0.1369961008498E-02, 0.4200581922681E-02,-0.2829238646926E-03,-0.2189743861275E-02, 0.2626150209422E-02,-0.8725920590989E-03
-0.1398413017991E-02,-0.2728817746148E-02, 0.1224990439964E-02,-0.1675599742774E-02, 0.3739575397190E-02,-0.7029357198512E-03,-0.2530164054299E-02, 0.2351469957214E-02,-0.1090749719476E-02
-0.1558970108960E-02,-0.2840473942228E-02, 0.1169978853546E-02,-0.1732058247233E-02, 0.3632960823369E-02,-0.7736583544957E-03,-0.2625729993206E-02, 0.2190837616139E-02,-0.1150876908884E-02
-0.1702283956283E-02,-0.2977592499467E-02, 0.1072564413270E-02,-0.1793927954885E-02, 0.3495051548134E-02,-0.8692362173626E-03,-0.2715553580712E-02, 0.1997944978052E-02,-0.1274305612331E-02
-0.1794720704181E-02,-0.3140513773896E-02, 0.8451265920327E-03,-0.1913557808413E-02, 0.3240302193376E-02,-0.1078850650267E-02,-0.2826387627366E-02, 0.1767041252896E-02,-0.1534639683233E-02
-0.3789956644208E-03,-0.1858318670256E-02, 0.2494990954265E-02,-0.5283163696758E-03, 0.4815076639012E-02, 0.2845344199875E-03,-0.1609037926994E-02, 0.3476348612569E-02,-0.4403941076252E-04
-0.6455810294710E-03,-0.2065725471410E-02, 0.2228071642857E-02,-0.7569805538293E-03, 0.4832895546954E-02, 0.1428369903031E-03,-0.1848219720688E-02, 0.3205974330203E-02,-0.2655128740353E-03
-0.8521205424918E-03,-0.2268959419332E-02, 0.1950052577778E-02,-0.1007887602440E-02, 0.4627074992428E-02,-0.8994860602900E-05,-0.2003116045769E-02, 0.2943639850581E-02,-0.5029153559971E-03
-0.1012797742461E-02,-0.2441949293394E-02, 0.1691806972927E-02,-0.1247065689814E-02, 0.4316365594894E-02,-0.1787494539022E-03,-0.2121332218382E-02, 0.2715676564981E-02,-0.7197319054075E-03
-0.9742345673040E-03,-0.2445435894884E-02, 0.1704256973960E-02,-0.1247450125625E-02, 0.4316283873217E-02,-0.1822329925427E-03,-0.2096278296025E-02, 0.2743069911078E-02,-0.7262554227485E-03
-0.1253299359154E-02,-0.2592911937430E-02, 0.1358128999516E-02,-0.1554347678078E-02, 0.3855282748642E-02,-0.6031801523676E-03,-0.2438145370788E-02, 0.2468189140950E-02,-0.9455474016123E-03
-0.1414629937823E-02,-0.2705547881247E-02, 0.1302726690412E-02,-0.1611410120705E-02, 0.3748523332046E-02,-0.6743953424310E-03,-0.2534289666397E-02, 0.2307569015465E-02,-0.1006224006846E-02
-0.1558908421599E-02,-0.2843818128641E-02, 0.1204874478084E-02,-0.1673989828624E-02, 0.3610398719263E-02,-0.7705646526897E-03,-0.2624826180062E-02, 0.2114662159308E-02,-0.1130254535404E-02
-0.1652805854151E-02,-0.3008371096400E-02, 0.9770165963127E-03,-0.1794514026558E-02, 0.3355494009890E-02,-0.9809037528749E-03,-0.2736680215622E-02, 0.1883691731214E-02,-0.1391270001213E-02
-0.3742459900322E-03,-0.1845039484928E-02, 0.2494347335177E-02,-0.5231059333718E-03, 0.4801075103329E-02, 0.2758457112719E-03,-0.1607107074984E-02, 0.3475627308078E-02,-0.3298586372753E-04
-0.6408789309612E-03,-0.2052520110267E-02, 0.2227492452820E-02,-0.7517330403014E-03, 0.4818996716580E-02, 0.1341538245485E-03,-0.1846261302315E-02, 0.3205343677003E-02,-0.2544709285637E-03
-0.8474798385610E-03,-0.2255874681876E-02, 0.1949607777912E-02,-0.1002636358863E-02, 0.4613496432680E-02,-0.1764367845732E-04,-0.2001190039266E-02, 0.2943198871886E-02,-0.4918901738217E-03
-0.1008210340832E-02,-0.2429001326190E-02, 0.1691537396624E-02,-0.1241825269053E-02, 0.4303226532440E-02,-0.1873282094327E-03,-0.2119457598481E-02, 0.2715476108155E-02,-0.7087224501211E-03
-0.9697294243213E-03,-0.2432516333824E-02, 0.1703809572507E-02,-0.1242243416898E-02, 0.4302760699305E-02,-0.1909082594334E-03,-0.2094435278734E-02, 0.2742641571903E-02,-0.7152924968484E-03
-0.1248706641391E-02,-0.2580163338666E-02, 0.1358215859607E-02,-0.1549097384312E-02, 0.3842987006184E-02,-0.6114840020408E-03,-0.2436266434284E-02, 0.2468429566563E-02,-0.9345414983227E-03
-0.1409992770304E-02,-0.2692872900022E-02, 0.1302935507444E-02,-0.1606156332261E-02, 0.3736510014234E-02,-0.6825996705886E-03,-0.2532404361614E-02, 0.2308009839118E-02,-0.9952134461333E-03
-0.1554231299894E-02,-0.2831226711320E-02, 0.1205249032132E-02,-0.1668735452671E-02, 0.3598747669492E-02,-0.7786500532177E-03,-0.2622945543578E-02, 0.2115360162950E-02,-0.1119230657361E-02
-0.1648117541348E-02,-0.2995893682459E-02, 0.9776616331374E-03,-0.1789263429723E-02, 0.3344414571774E-02,-0.9888172993673E-03,-0.2734825666439E-02, 0.1884756304839E-02,-0.1380220867712E-02
-0.1693040220125E-03,-0.1664991170368E-02, 0.2656497244644E-02,-0.3883227929632E-03, 0.4944183093676E-02, 0.4349289861647E-03,-0.1413975166327E-02, 0.3673495122897E-02, 0.1278877312399E-03
-0.4361278999884E-03,-0.1873200787469E-02, 0.2391360509561E-02,-0.6161861615869E-03, 0.4963023142593E-02, 0.2934340570199E-03,-0.1653777227940E-02, 0.3405103042243E-02,-0.9258510485988E-04
-0.6437533291430E-03,-0.2078021931981E-02, 0.2114462047338E-02,-0.8668507268237E-03, 0.4758504682556E-02, 0.1412920710519E-03,-0.1809836632493E-02, 0.3144183548485E-02,-0.3295334979759E-03
-0.8059494943755E-03,-0.2252971629360E-02, 0.1856798773041E-02,-0.1106196491030E-02, 0.4449067423236E-02,-0.2902068478080E-04,-0.1929477097529E-02, 0.2917083248054E-02,-0.5463345932619E-03
-0.7673880181962E-03,-0.2256402369747E-02, 0.1869422045919E-02,-0.1106516528614E-02, 0.4449529324493E-02,-0.3237852137389E-04,-0.1904360059876E-02, 0.2944676413899E-02,-0.5527521830504E-03
-0.1049130772671E-02,-0.2407324784535E-02, 0.1523165448487E-02,-0.1414451625777E-02, 0.3989195345433E-02,-0.4542533582060E-03,-0.2248796079223E-02, 0.2669726652899E-02,-0.7730034709581E-03
-0.1211388707000E-02,-0.2521200497612E-02, 0.1467369786857E-02,-0.1472157180494E-02, 0.3882401465138E-02,-0.5261093687663E-03,-0.2345977260381E-02, 0.2509157788718E-02,-0.8342525067851E-03
-0.1356846754668E-02,-0.2660916039857E-02, 0.1369111915966E-02,-0.1535507532532E-02, 0.3744203405432E-02,-0.6230205378097E-03,-0.2437724786317E-02, 0.2316326705366E-02,-0.9588512733981E-03
-0.1452571353089E-02,-0.2827501715401E-02, 0.1141034678544E-02,-0.1656947286209E-02, 0.3489476952453E-02,-0.8341583972746E-03,-0.2551202570461E-02, 0.2085482021766E-02,-0.1220354770397E-02
-0.1094249146668E-03,-0.1618692127313E-02, 0.2693017648365E-02,-0.3331731811179E-03, 0.4993675079543E-02, 0.5118553214979E-03,-0.1346332417748E-02, 0.3714712657960E-02, 0.1704609172660E-03
-0.3761689702608E-03,-0.1826940631356E-02, 0.2428573913937E-02,-0.5608048950199E-03, 0.5012786455856E-02, 0.3703394093623E-03,-0.1586273619694E-02, 0.3447094071830E-02,-0.4954009711823E-04
-0.5839644748628E-03,-0.2032023131921E-02, 0.2152216380916E-02,-0.8113226467477E-03, 0.4808832032910E-02, 0.2180768131792E-03,-0.1742625950434E-02, 0.3186819304892E-02,-0.2861539474843E-03
-0.7464705321302E-03,-0.2207361830445E-02, 0.1894942507824E-02,-0.1050617856757E-02, 0.4500041243941E-02, 0.4759203007610E-04,-0.1862641315031E-02, 0.2960204347419E-02,-0.5027570714957E-03
-0.7079375330067E-03,-0.2210776979077E-02, 0.1907576254733E-02,-0.1050919011928E-02, 0.4500607003947E-02, 0.4425378142950E-04,-0.1837501502707E-02, 0.2987804287451E-02,-0.5091500211739E-03
-0.9902507192913E-03,-0.2362496627108E-02, 0.1561635575512E-02,-0.1359106333439E-02, 0.4040868300867E-02,-0.3779461083802E-03,-0.2182668766054E-02, 0.2713217821967E-02,-0.7294368911098E-03
-0.1152701009765E-02,-0.2476628741511E-02, 0.1505806901073E-02,-0.1417015947699E-02, 0.3934112333196E-02,-0.4500632494361E-03,-0.2280165756447E-02, 0.2552783923362E-02,-0.7907850797467E-03
-0.1298421677203E-02,-0.2616643571769E-02, 0.1407540957947E-02,-0.1480597923333E-02, 0.3795984216139E-02,-0.5472559001409E-03,-0.2372276756530E-02, 0.2360118291720E-02,-0.9154469363501E-03
-0.1394585405882E-02,-0.2783670796740E-02, 0.1179597398759E-02,-0.1602273843412E-02, 0.3541539585724E-02,-0.7586566568173E-03,-0.2486220641129E-02, 0.2129517445198E-02,-0.1176903572480E-02
-0.4480579284211E-04,-0.1566975322691E-02, 0.2747680980473E-02,-0.2560057059767E-03, 0.5066337594024E-02, 0.5962033976411E-03,-0.1279884670835E-02, 0.3765880641273E-02, 0.2250721518090E-03
-0.3113981405380E-03,-0.1775231925755E-02, 0.2484052079809E-02,-0.4834682497315E-03, 0.5085734858260E-02, 0.4547305398744E-03,-0.1519854512114E-02, 0.3499184709369E-02, 0.5631897602481E-05
-0.5193400533932E-03,-0.1980580108756E-02, 0.2208310769211E-02,-0.7338654172411E-03, 0.4882393331503E-02, 0.3023764826479E-03,-0.1676445474165E-02, 0.3239654624134E-02,-0.2305922918231E-03
-0.6821641008308E-03,-0.2156335287559E-02, 0.1951458578802E-02,-0.9731305815274E-03, 0.4574299360853E-02, 0.1317239926725E-03,-0.1796811825108E-02, 0.3013580504844E-02,-0.4469730860765E-03
-0.6436543342256E-03,-0.2159728129493E-02, 0.1964134012526E-02,-0.9734018751920E-03, 0.4575036875884E-02, 0.1284211645918E-03,-0.1771654117929E-02, 0.3041225962076E-02,-0.4533309821448E-03
-0.9265888771465E-03,-0.2312328296038E-02, 0.1618427679048E-02,-0.1281998392519E-02, 0.4115799476266E-02,-0.2941452186822E-03,-0.2117487766154E-02, 0.2766960641200E-02,-0.6736951675021E-03
-0.1089251690910E-02,-0.2426742772845E-02, 0.1562511136858E-02,-0.1340189224740E-02, 0.4009022751846E-02,-0.3665549650632E-03,-0.2215289118578E-02, 0.2606648514249E-02,-0.7351780437829E-03
-0.1235266067315E-02,-0.2567089278627E-02, 0.1464179391073E-02,-0.1404082327602E-02, 0.3870899032854E-02,-0.4640659832701E-03,-0.2307758460184E-02, 0.2414130484917E-02,-0.8599414498596E-03
-0.1331920465542E-02,-0.2734607848830E-02, 0.1236321585150E-02,-0.1526075940722E-02, 0.3616681464424E-02,-0.6757666568203E-03,-0.2422165091910E-02, 0.2183753223980E-02,-0.1121384865296E-02
 0.5059171125009E-04,-0.1480595081883E-02, 0.2856210807990E-02,-0.1328833818124E-03, 0.5187079154310E-02, 0.6926749940793E-03,-0.1200583860958E-02, 0.3863139769074E-02, 0.3224451637441E-03
-0.2158226683168E-03,-0.1688987165622E-02, 0.2593709092788E-02,-0.3602017269034E-03, 0.5206907408941E-02, 0.5514183726911E-03,-0.1440474461634E-02, 0.3597736324040E-02, 0.1037355579596E-03
-0.4240560131450E-03,-0.1894874723347E-02, 0.2318725453861E-02,-0.6105369973647E-03, 0.5004307786870E-02, 0.3990066368139E-03,-0.1597353345740E-02, 0.3339157224612E-02,-0.1320562628558E-03
-0.5874370177879E-03,-0.2071389926171E-02, 0.2062302320756E-02,-0.8498752020665E-03, 0.4696993542860E-02, 0.2281404736650E-03,-0.1718197458231E-02, 0.3113694134960E-02,-0.3482672221111E-03
-0.5489274919767E-03,-0.2074742540861E-02, 0.2075112144615E-02,-0.8500907624578E-03, 0.4698105607761E-02, 0.2249224047727E-03,-0.1693026004383E-02, 0.3141499477508E-02,-0.3545576791122E-03
-0.8329567847306E-03,-0.2228831951579E-02, 0.1729307290206E-02,-0.1159504449672E-02, 0.4239074208085E-02,-0.1981523855802E-03,-0.2039689148172E-02, 0.2867282641677E-02,-0.5752942495761E-03
-0.9960030751293E-03,-0.2343755964335E-02, 0.1673125052392E-02,-0.1218170275340E-02, 0.4132146483277E-02,-0.2709394581144E-03,-0.2137876146786E-02, 0.2707014529553E-02,-0.6370675307034E-03
-0.1142529147687E-02,-0.2484702503490E-02, 0.1574529097183E-02,-0.1282590486017E-02, 0.3993859126271E-02,-0.3688781179102E-03,-0.2230815863819E-02, 0.2514549083428E-02,-0.7621103048674E-03
-0.1240001635560E-02,-0.2653086963816E-02, 0.1346551497802E-02,-0.1405155269529E-02, 0.3739676441630E-02,-0.5810117339576E-03,-0.2345852261262E-02, 0.2284269485544E-02,-0.1023744808148E-02
-0.1560221041528E-03,-0.2136693238390E-02, 0.3096173731457E-02,-0.4750659599278E-03, 0.5775536694859E-02, 0.6822565082677E-03,-0.1681562118105E-02, 0.4323790975115E-02, 0.2011870137039E-03
-0.4305680547827E-03,-0.2345718940391E-02, 0.2816147820773E-02,-0.7123925878825E-03, 0.5781510059451E-02, 0.5329860362981E-03,-0.1924968188281E-02, 0.4038480600928E-02,-0.2840960314359E-04
-0.6416738578890E-03,-0.2548618847643E-02, 0.2527299123584E-02,-0.9687769018576E-03, 0.5561523063230E-02, 0.3753390391885E-03,-0.2081256252096E-02, 0.3763806560029E-02,-0.2723247058877E-03
-0.8051522174796E-03,-0.2720190583403E-02, 0.2259878107242E-02,-0.1211480592603E-02, 0.5235872330084E-02, 0.2003141747781E-03,-0.2199733254422E-02, 0.3525493573723E-02,-0.4943828991525E-03
-0.7625073343217E-03,-0.2721589913053E-02, 0.2276255022306E-02,-0.1209046521431E-02, 0.5239820393948E-02, 0.2001809327553E-03,-0.2171909644784E-02, 0.3557090961999E-02,-0.4979666419806E-03
-0.1052477422146E-02,-0.2868540033458E-02, 0.1910320986521E-02,-0.1524892867402E-02, 0.4748766148589E-02,-0.2378745245877E-03,-0.2520481854107E-02, 0.3260849650099E-02,-0.7282269757412E-03
-0.1218204967090E-02,-0.2981334978356E-02, 0.1849919660511E-02,-0.1583576784641E-02, 0.4633503728765E-02,-0.3129963111168E-03,-0.2618030525021E-02, 0.3091940737077E-02,-0.7918111846076E-03
-0.1366395502994E-02,-0.3119787100357E-02, 0.1746184179698E-02,-0.1647765159016E-02, 0.4486034345816E-02,-0.4135021710870E-03,-0.2709704305755E-02, 0.2889981246363E-02,-0.9198032090611E-03
-0.1462863801773E-02,-0.3283829172353E-02, 0.1509425310803E-02,-0.1770597443457E-02, 0.4218057441938E-02,-0.6304164411561E-03,-0.2822509843136E-02, 0.2648476720294E-02,-0.1187177825506E-02
-0.2691265268119E-04,-0.2009005399280E-02, 0.3210443421212E-02,-0.3439497911814E-03, 0.5886483368872E-02, 0.8175896098224E-03,-0.1571413573618E-02, 0.4356549064941E-02, 0.2331195014036E-03
-0.3019057521063E-03,-0.2219099410961E-02, 0.2931121100089E-02,-0.5816352547128E-03, 0.5892852977127E-02, 0.6679200663989E-03,-0.1815524291498E-02, 0.4072355751336E-02, 0.4022511848121E-05
-0.5141247839116E-03,-0.2423618653533E-02, 0.2642498845042E-02,-0.8387062416440E-03, 0.5673376026205E-02, 0.5095090714965E-03,-0.1972938447712E-02, 0.3798367450040E-02,-0.2397524749505E-03
-0.6790043121680E-03,-0.2597013542369E-02, 0.2374988834082E-02,-0.1082279402186E-02, 0.5348231653750E-02, 0.3335882276810E-03,-0.2092695441768E-02, 0.3560431621765E-02,-0.4619061405857E-03
-0.6363431519426E-03,-0.2598391707452E-02, 0.2391557287560E-02,-0.1079773180457E-02, 0.5352498423494E-02, 0.3336029516449E-03,-0.2064845403143E-02, 0.3592240518435E-02,-0.4653960410376E-03
-0.9284831143181E-03,-0.2748231920320E-02, 0.2024954256472E-02,-0.1397398844949E-02, 0.4861657194814E-02,-0.1058565964261E-03,-0.2415395541440E-02, 0.3296107227119E-02,-0.6961522347401E-03
-0.1094812259030E-02,-0.2862000593231E-02, 0.1964208493429E-02,-0.1456793752821E-02, 0.4746327079099E-02,-0.1815941193860E-03,-0.2513658537170E-02, 0.3127391093128E-02,-0.7599187625548E-03
-0.1243833685769E-02,-0.3001604608906E-02, 0.1860071926414E-02,-0.1521819910823E-02, 0.4598723885111E-02,-0.2828362822993E-03,-0.2606193587190E-02, 0.2925564880477E-02,-0.8880830597759E-03
-0.1341771734239E-02,-0.3167340732450E-02, 0.1622865689566E-02,-0.1645783163311E-02, 0.4330664247271E-02,-0.5007040096775E-03,-0.2720248259271E-02, 0.2684072998505E-02,-0.1155621713089E-02
 0.1230509714821E-03,-0.1862714445639E-02, 0.3343298742684E-02,-0.2085937350073E-03, 0.6005845297734E-02, 0.9354380552674E-03,-0.1470639745070E-02, 0.4442090324898E-02, 0.3482478393267E-03
-0.1522119329059E-03,-0.2073708333291E-02, 0.3065137267934E-02,-0.4462269156904E-03, 0.6012924661385E-02, 0.7857969098490E-03,-0.1715063404260E-02, 0.4159392909862E-02, 0.1197028400860E-03
-0.3653925286631E-03,-0.2279736314233E-02, 0.2777124031819E-02,-0.7036221218040E-03, 0.5794286429359E-02, 0.6269736340694E-03,-0.1873312835521E-02, 0.3886393304937E-02,-0.1239586235950E-03
-0.5315653102666E-03,-0.2454893257021E-02, 0.2509817276088E-02,-0.9477690815954E-03, 0.5469934562673E-02, 0.4504391621231E-03,-0.1994128557572E-02, 0.3649035299174E-02,-0.3463081199138E-03
-0.4888616868479E-03,-0.2456241909706E-02, 0.2526611412643E-02,-0.9451906896000E-03, 0.5474676544974E-02, 0.4506103019501E-03,-0.1966271584895E-02, 0.3681107030273E-02,-0.3496931829834E-03
-0.7831854089214E-03,-0.2608973502359E-02, 0.2159556172782E-02,-0.1264277175201E-02, 0.4984105769400E-02, 0.1012036650777E-04,-0.2318420948911E-02, 0.3385019241329E-02,-0.5813574832532E-03
-0.9502078401262E-03,-0.2723764486756E-02, 0.2098473172421E-02,-0.1324330647113E-02, 0.4868727000849E-02,-0.6613611320419E-04,-0.2417303692918E-02, 0.3216465742922E-02,-0.6455502318482E-03
-0.1100140463681E-02,-0.2864572927439E-02, 0.1993952772599E-02,-0.1390134142322E-02, 0.4721003799713E-02,-0.1680086027811E-03,-0.2510604825248E-02, 0.3014762595302E-02,-0.7741648516101E-03
-0.1199559732910E-02,-0.3032036485757E-02, 0.1756393148071E-02,-0.1515100465747E-02, 0.4452910027511E-02,-0.3866605686694E-03,-0.2625769862971E-02, 0.2773320296305E-02,-0.1042183712451E-02
 0.2720924500353E-03,-0.1718965925422E-02, 0.3472439506613E-02,-0.8590652185461E-04, 0.6116372952689E-02, 0.1035859394946E-02,-0.1374599663190E-02, 0.4553471358219E-02, 0.4937886526691E-03
-0.3288170983171E-05,-0.1930661392969E-02, 0.3195624436294E-02,-0.3232058615224E-03, 0.6124279009927E-02, 0.8864854330508E-03,-0.1619144780236E-02, 0.4272373032897E-02, 0.2658288963234E-03
-0.2172324951599E-03,-0.2137977045761E-02, 0.2908423731327E-02,-0.5806444016087E-03, 0.5906630290287E-02, 0.7274950989296E-03,-0.1778029743600E-02, 0.4000481367367E-02, 0.2231691393291E-04
-0.3844988027383E-03,-0.2314683257213E-02, 0.2641511499046E-02,-0.8251059734799E-03, 0.5583218289316E-02, 0.5505762963075E-03,-0.1899716694119E-02, 0.3763800439983E-02,-0.2002067141797E-03
-0.3417499768665E-03,-0.2315999839163E-02, 0.2658521252077E-02,-0.8224638924186E-03, 0.5588493223813E-02, 0.5508906555497E-03,-0.1871857568853E-02, 0.3796128302135E-02,-0.2034923014428E-03
-0.6380304890748E-03,-0.2471348849755E-02, 0.2291248881880E-02,-0.1142633538042E-02, 0.5098270425567E-02, 0.1097049004602E-03,-0.2225345119970E-02, 0.3500087113064E-02,-0.4361265862813E-03
-0.8057182711523E-03,-0.2587088796612E-02, 0.2229879091614E-02,-0.1203239521753E-02, 0.4982873584017E-02, 0.3302867732064E-04,-0.2324776828996E-02, 0.3331676015097E-02,-0.5008145500451E-03
-0.9565085707901E-03,-0.2729011511214E-02, 0.2125041505542E-02,-0.1269697708137E-02, 0.4835073291958E-02,-0.6935573417278E-04,-0.2418759556963E-02, 0.3130098878728E-02,-0.6299549662874E-03
-0.1057267306704E-02,-0.2898050494077E-02, 0.1887254517650E-02,-0.1395476148485E-02, 0.4567028416344E-02,-0.2886092126776E-03,-0.2534897820024E-02, 0.2888758392412E-02,-0.8985231605106E-03
 0.2746720593066E-03,-0.1706765650479E-02, 0.3468947596778E-02,-0.8242973415399E-04, 0.6098853439662E-02, 0.1024904865414E-02,-0.1373989315143E-02, 0.4549685436671E-02, 0.5029164532681E-03
-0.7328048030396E-06,-0.1918531995082E-02, 0.3192236780134E-02,-0.3196763912331E-03, 0.6107124490277E-02, 0.8755542744236E-03,-0.1618508250728E-02, 0.4268728584743E-02, 0.2749539381644E-03
-0.2146998683908E-03,-0.2125963695824E-02, 0.2905239356613E-02,-0.5770914616432E-03, 0.5889918156702E-02, 0.7166361569000E-03,-0.1777421231987E-02, 0.3997108618150E-02, 0.3145035575893E-04
-0.3819730575005E-03,-0.2302801200167E-02, 0.2638584277246E-02,-0.8215408247417E-03, 0.5566998614793E-02, 0.5398355515372E-03,-0.1899150787566E-02, 0.3760761389457E-02,-0.1910551799770E-03
-0.3393359468775E-03,-0.2304138787094E-02, 0.2655367351994E-02,-0.8189484820003E-03, 0.5571628512622E-02, 0.5400189240141E-03,-0.1871326871814E-02, 0.3792792408295E-02,-0.1944084605054E-03
-0.6354135164613E-03,-0.2459655409502E-02, 0.2288816955103E-02,-0.1139005946434E-02, 0.5083076609395E-02, 0.9932703207047E-04,-0.2224749736276E-02, 0.3497628556013E-02,-0.4269156555545E-03
-0.8030222768015E-03,-0.2575450888661E-02, 0.2227610725274E-02,-0.1199586952316E-02, 0.4968039191345E-02, 0.2278155272308E-04,-0.2324160160631E-02, 0.3329473673504E-02,-0.4915746742740E-03
-0.9537316950696E-03,-0.2717439127793E-02, 0.2122994996175E-02,-0.1266018658548E-02, 0.4820689322895E-02,-0.7944430552932E-04,-0.2418130643659E-02, 0.3128225249773E-02,-0.6206685444927E-03
-0.1054422999282E-02,-0.2886580509634E-02, 0.1885573927730E-02,-0.1391764867870E-02, 0.4553330873919E-02,-0.2984652170585E-03,-0.2534275754362E-02, 0.2887357361798E-02,-0.8891590143695E-03
 0.4803036971057E-03,-0.1523678377080E-02, 0.3630376604808E-02, 0.5382645359119E-04, 0.6241927325855E-02, 0.1184650958378E-02,-0.1178156862339E-02, 0.4745979157890E-02, 0.6649742063946E-03
 0.2050428858221E-03,-0.1736062666724E-02, 0.3355724222502E-02,-0.1824787705766E-03, 0.6251051290668E-02, 0.1035772984320E-02,-0.1423171336505E-02, 0.4467285998063E-02, 0.4382082518096E-03
-0.9650705455502E-05,-0.1944848585374E-02, 0.3070042858192E-02,-0.4394875972366E-03, 0.6035122455852E-02, 0.8767582236025E-03,-0.1583092432876E-02, 0.4197233085411E-02, 0.1953533105237E-03
-0.1781376346525E-03,-0.2123408233627E-02, 0.2804089550971E-02,-0.6839467652760E-03, 0.5713477125598E-02, 0.6995464367169E-03,-0.1706094398595E-02, 0.3961798447930E-02,-0.2696525569765E-04
-0.1353839735584E-03,-0.2124676157081E-02, 0.2821323492092E-02,-0.6812367533157E-03, 0.5719596115256E-02, 0.7000210601473E-03,-0.1678186458634E-02, 0.3994386344422E-02,-0.3013340240281E-04
-0.4339337385067E-03,-0.2283337121341E-02, 0.2454395264169E-02,-0.1002203081043E-02, 0.5230382195530E-02, 0.2582908264061E-03,-0.2034037926663E-02, 0.3698696110454E-02,-0.2634918158859E-03
-0.6023899260836E-03,-0.2400267216038E-02, 0.2392776227110E-02,-0.1063381429026E-02, 0.5115087094614E-02, 0.1810824909670E-03,-0.2134450389064E-02, 0.3530548741155E-02,-0.3286775633784E-03
-0.7541997088366E-03,-0.2543577295522E-02, 0.2287701780863E-02,-0.1130532261220E-02, 0.4967377818714E-02, 0.7807916375273E-04,-0.2229585649504E-02, 0.3329285102948E-02,-0.4582856910662E-03
-0.8565992153229E-03,-0.2714569522960E-02, 0.2049966315367E-02,-0.1257109845734E-02, 0.4699817554534E-02,-0.1417751339261E-03,-0.2347265457328E-02, 0.3088366094432E-02,-0.7271717503968E-03
 0.5395273019342E-03,-0.1476940161816E-02, 0.3665687940750E-02, 0.1087550860207E-03, 0.6289674412206E-02, 0.1260622875779E-02,-0.1110129809331E-02, 0.4785780691772E-02, 0.7071911517473E-03
 0.2644548957246E-03,-0.1689332025749E-02, 0.3391838658208E-02,-0.1272574044626E-03, 0.6299163059834E-02, 0.1111827478813E-02,-0.1355235013143E-02, 0.4507975548293E-02, 0.4809530899276E-03
 0.4969912329583E-04,-0.1898346232186E-02, 0.3106819804744E-02,-0.3840554299497E-03, 0.6083955561845E-02, 0.9528008381162E-03,-0.1515407999227E-02, 0.4238691730349E-02, 0.2384942174198E-03
-0.1189985394303E-03,-0.2077263840956E-02, 0.2841373889565E-02,-0.6284029251300E-03, 0.5763136987092E-02, 0.7755255401775E-03,-0.1638748624159E-02, 0.4003860238208E-02, 0.1643288945543E-04
-0.7627859459678E-04,-0.2078521008966E-02, 0.2858623859026E-02,-0.6256791034944E-03, 0.5769430707989E-02, 0.7760223452105E-03,-0.1610826775258E-02, 0.4036459709884E-02, 0.1328671349947E-04
-0.3752536320867E-03,-0.2237933504810E-02, 0.2492170910893E-02,-0.9468020633273E-03, 0.5281006882694E-02, 0.3341593185244E-03,-0.1967332216857E-02, 0.3741278232401E-02,-0.2200237119180E-03
-0.5438502590180E-03,-0.2355103887747E-02, 0.2430565309727E-02,-0.1008158608392E-02, 0.5165802443087E-02, 0.2567348051842E-03,-0.2068039301059E-02, 0.3573322885798E-02,-0.2852837309610E-03
-0.6958681820865E-03,-0.2498694517405E-02, 0.2325537959771E-02,-0.1075511783251E-02, 0.5018230640769E-02, 0.1535053039354E-03,-0.2163515523712E-02, 0.3372290707142E-02,-0.4149225491997E-03
-0.7986388330938E-03,-0.2670102803319E-02, 0.2088024605346E-02,-0.1202280572265E-02, 0.4751085647410E-02,-0.6651222489643E-04,-0.2281630094725E-02, 0.3131706244244E-02,-0.6837084068529E-03
 0.6037440327771E-03,-0.1424556604841E-02, 0.3719208226755E-02, 0.1859230197671E-03, 0.6360474912185E-02, 0.1344262239819E-02,-0.1043103352978E-02, 0.4835732206438E-02, 0.7616665867648E-03
 0.3289439701896E-03,-0.1636920291319E-02, 0.3446305665072E-02,-0.4984763068015E-04, 0.6370411765982E-02, 0.1195626506524E-02,-0.1288184825579E-02, 0.4558980238589E-02, 0.5360566993854E-03
 0.1141593965497E-03,-0.1846161616067E-02, 0.3162044167436E-02,-0.3064481358950E-03, 0.6156010313081E-02, 0.1036626436483E-02,-0.1448550717365E-02, 0.4290575556233E-02, 0.2940590818854E-03
-0.5474988849574E-04,-0.2025459445870E-02, 0.2897154293073E-02,-0.5506921337258E-03, 0.5836083585501E-02, 0.8592982673171E-03,-0.1572202013989E-02, 0.4056408360040E-02, 0.7228730968681E-04
-0.1205349373887E-04,-0.2026701842898E-02, 0.2914460911098E-02,-0.5479425448393E-03, 0.5842587953047E-02, 0.8598392877145E-03,-0.1544270951339E-02, 0.4089070330364E-02, 0.6917653737478E-04
-0.3115033942167E-03,-0.2186940087785E-02, 0.2548411651070E-02,-0.8693651586287E-03, 0.5354906434383E-02, 0.4178025821044E-03,-0.1901364764359E-02, 0.3794347228808E-02,-0.1641243971182E-03
-0.4802604451713E-03,-0.2304377731057E-02, 0.2486767746047E-02,-0.9309750331017E-03, 0.5239754004763E-02, 0.3401312250815E-03,-0.2002356442973E-02, 0.3626573520010E-02,-0.2294934727712E-03
-0.6325176900542E-03,-0.2448281662894E-02, 0.2381733741120E-02,-0.9986081807979E-03, 0.5092271796515E-02, 0.2366388006120E-03,-0.2098169666411E-02, 0.3425756704829E-02,-0.3591994341100E-03
-0.7357101252649E-03,-0.2620152938563E-02, 0.2144403353369E-02,-0.1125645375624E-02, 0.4825494402696E-02, 0.1642126531874E-04,-0.2216715441576E-02, 0.3185486025068E-02,-0.6279133342734E-03
 0.6991397434988E-03,-0.1336840920417E-02, 0.3826422781945E-02, 0.3094786584648E-03, 0.6479133936129E-02, 0.1440531567635E-02,-0.9627307670602E-03, 0.4931672370452E-02, 0.8592822944506E-03
 0.4246946668889E-03,-0.1549282282272E-02, 0.3554857400161E-02, 0.7396294620140E-04, 0.6489787297451E-02, 0.1292273107939E-02,-0.1207660176411E-02, 0.4656419890178E-02, 0.6345105785004E-03
 0.2097834807336E-03,-0.1759002101317E-02, 0.3271567816814E-02,-0.1824612525469E-03, 0.6276409431886E-02, 0.1133366730502E-02,-0.1368248840271E-02, 0.4389162055817E-02, 0.3930545177972E-03
 0.4046122934569E-04,-0.1939003486999E-02, 0.3007305153865E-02,-0.4266712956418E-03, 0.5957516751837E-02, 0.9559628192669E-03,-0.1492321254622E-02, 0.4155776168937E-02, 0.1715515033492E-03
 0.8316993178377E-04,-0.1940217298950E-02, 0.3024787538701E-02,-0.4238649358597E-03, 0.5964418266171E-02, 0.9566155893576E-03,-0.1464383945601E-02, 0.4188648974965E-02, 0.1685180170118E-03
-0.2171962918770E-03,-0.2101863396060E-02, 0.2658865077001E-02,-0.7459583463186E-03, 0.5477252597899E-02, 0.5142639311697E-03,-0.1822215318724E-02, 0.3894129443893E-02,-0.6504582274756E-04
-0.3862706217231E-03,-0.2219792893669E-02, 0.2597023293912E-02,-0.8080070242969E-03, 0.5362064642956E-02, 0.4362671262223E-03,-0.1923571921263E-02, 0.3726489120160E-02,-0.1306721390220E-03
-0.5389725566646E-03,-0.2364274009824E-02, 0.2491805806115E-02,-0.8761279877535E-03, 0.5214542256881E-02, 0.3324058255429E-03,-0.2019832865003E-02, 0.3525822145084E-02,-0.2606106180077E-03
-0.6429000159055E-03,-0.2536970686895E-02, 0.2254491707406E-02,-0.1003672874477E-02, 0.4947962555309E-02, 0.1118553377816E-03,-0.2138971620601E-02, 0.3285767010764E-02,-0.5294315551249E-03
 0.6099054488496E-03,-0.1902911755260E-02, 0.4194200049012E-02, 0.7495608392571E-04,-0.2755476649451E-02, 0.1548288158717E-02,-0.1349150487617E-02, 0.5518563836920E-02, 0.8473527553466E-03
 0.3248298110573E-03,-0.2117211102757E-02, 0.3902537161777E-02,-0.1728467219357E-03,-0.2704042670458E-02, 0.1389788701806E-02,-0.1598978277021E-02, 0.5220907288521E-02, 0.6101357618053E-03
 0.1047748051438E-03,-0.2325103459168E-02, 0.3602837797586E-02,-0.4370384785448E-03,-0.2877057496204E-02, 0.1223564129752E-02,-0.1760159321139E-02, 0.4935205828155E-02, 0.3590698044376E-03
-0.6667389985221E-04,-0.2501233382080E-02, 0.3325194630939E-02,-0.6859756669898E-03,-0.3135628903357E-02, 0.1040051380393E-02,-0.1882922285027E-02, 0.4686844203290E-02, 0.1303431372010E-03
-0.1957168846564E-04,-0.2500154501978E-02, 0.3346269910552E-02,-0.6802441776296E-03,-0.3141057360609E-02, 0.1043884140549E-02,-0.1851979604070E-02, 0.4723406868212E-02, 0.1302451716885E-03
-0.3294097309362E-03,-0.2656784157758E-02, 0.2956447588281E-02,-0.1011512263742E-02,-0.3353872568555E-02, 0.5829091011235E-03,-0.2214108632338E-02, 0.4403679449940E-02,-0.1153393110483E-03
-0.5024875744867E-03,-0.2773315316218E-02, 0.2889175605167E-02,-0.1074444766430E-02,-0.3403952851139E-02, 0.5014842159840E-03,-0.2315575330616E-02, 0.4226060034519E-02,-0.1836259661695E-03
-0.6582090178552E-03,-0.2916117594597E-02, 0.2777449841318E-02,-0.1143259160949E-02,-0.3518062218623E-02, 0.3938459761160E-03,-0.2411363662202E-02, 0.4014451418218E-02,-0.3175041047049E-03
-0.7627017969009E-03,-0.3085516447528E-02, 0.2529379192075E-02,-0.1272284764018E-02,-0.3773743259690E-02, 0.1667612382257E-03,-0.2529278089765E-02, 0.3761380219749E-02,-0.5934446237170E-03
 0.7366347766800E-03,-0.1774761381609E-02, 0.4304816327545E-02, 0.2048190482121E-03,-0.2627964757950E-02, 0.1681211229891E-02,-0.1239054462980E-02, 0.5548863707393E-02, 0.8781776029260E-03
 0.4513628522429E-03,-0.1990037173512E-02, 0.4014145517018E-02,-0.4317367513169E-04,-0.2578003638393E-02, 0.1522542401007E-02,-0.1489475778441E-02, 0.5252536851109E-02, 0.6415712111113E-03
 0.2304280234161E-03,-0.2199457946751E-02, 0.3714978402556E-02,-0.3078886782938E-03,-0.2752820831883E-02, 0.1355777045642E-02,-0.1651689549138E-02, 0.4967726362038E-02, 0.3907526181527E-03
 0.5778536051619E-04,-0.2377328647323E-02, 0.3437537372144E-02,-0.5575453391657E-03,-0.3013263039967E-02, 0.1171581211724E-02,-0.1775651951668E-02, 0.4719930419641E-02, 0.1620293064313E-03
 0.1049182726548E-03,-0.2376222283327E-02, 0.3458837850920E-02,-0.5517278071754E-03,-0.3018673763700E-02, 0.1175595839911E-02,-0.1744678183192E-02, 0.4756769496122E-02, 0.1620460510921E-03
-0.2068031862374E-03,-0.2535639614446E-02, 0.3068723115412E-02,-0.8845611456042E-03,-0.3234409306108E-02, 0.7135622999364E-03,-0.2108647358620E-02, 0.4437374892713E-02,-0.8390154377477E-04
-0.3803663227738E-03,-0.2653101733629E-02, 0.3001224323722E-02,-0.9481365400970E-03,-0.3285740898842E-02, 0.6316169836105E-03,-0.2210782601395E-02, 0.4260037568641E-02,-0.1523175072486E-03
-0.5368020776360E-03,-0.2797008633605E-02, 0.2889234930572E-02,-0.1017716779835E-02,-0.3400443230284E-02, 0.5233517788977E-03,-0.2307386337005E-02, 0.4048655497993E-02,-0.2863161603103E-03
-0.6426304829886E-03,-0.2968040582158E-02, 0.2640932816527E-02,-0.1147771753114E-02,-0.3655665124633E-02, 0.2954946997241E-03,-0.2426491165431E-02, 0.3795724901139E-02,-0.5623592509653E-03
 0.8847746745644E-03,-0.1627669709919E-02, 0.4434133720419E-02, 0.3392430510060E-03,-0.2496107895889E-02, 0.1797253671269E-02,-0.1138069555619E-02, 0.5631410706775E-02, 0.9921171165496E-03
 0.5995236457201E-03,-0.1843736872467E-02, 0.4144947189087E-02, 0.9148486384640E-04,-0.2447509138337E-02, 0.1638856443329E-02,-0.1388687879830E-02, 0.5336861061206E-02, 0.7562220407204E-03
 0.3778928507498E-03,-0.2054556917550E-02, 0.3846720377496E-02,-0.1733793763653E-03,-0.2624022064593E-02, 0.1471906543250E-02,-0.1551634113686E-02, 0.5053307679254E-02, 0.5056790473730E-03
 0.2041886823753E-03,-0.2234090342061E-02, 0.3569792477133E-02,-0.4234509635449E-03,-0.2886247413522E-02, 0.1287305605664E-02,-0.1676565624616E-02, 0.4806328383545E-02, 0.2769095233540E-03
 0.2513847768283E-03,-0.2232952439423E-02, 0.3591373685949E-02,-0.4175461567922E-03,-0.2891634884534E-02, 0.1291519735949E-02,-0.1645580146381E-02, 0.4843494821266E-02, 0.2770549779277E-03
-0.6221420369823E-04,-0.2395139316949E-02, 0.3201190176047E-02,-0.7516213544720E-03,-0.3110238334844E-02, 0.8287571565003E-03,-0.2011013947415E-02, 0.4524403341366E-02, 0.3037643068751E-04
-0.2363439232227E-03,-0.2513577790442E-02, 0.3133475921430E-02,-0.8157874222011E-03,-0.3162809858482E-02, 0.7463833597403E-03,-0.2113726920265E-02, 0.4347357681855E-02,-0.3840174673525E-04
-0.3935658145588E-03,-0.2658636415115E-02, 0.3021243667626E-02,-0.8860731604278E-03,-0.3278108785122E-02, 0.6375875681648E-03,-0.2211053206683E-02, 0.4136234797754E-02,-0.1727700682256E-03
-0.5007348683210E-03,-0.2831323311328E-02, 0.2772811467283E-02,-0.1017027885893E-02,-0.3532892635527E-02, 0.4091030717512E-03,-0.2331208386119E-02, 0.3883518339831E-02,-0.4491653262895E-03
 0.1032399538581E-02,-0.1483005075172E-02, 0.4560103936888E-02, 0.4612526321167E-03,-0.2376294791434E-02, 0.1896299097302E-02,-0.1041669815412E-02, 0.5739624324773E-02, 0.1136540172848E-02
 0.7473199366777E-03,-0.1699665358094E-02, 0.4272577405203E-02, 0.2140013636038E-03,-0.2328871540088E-02, 0.1738400742646E-02,-0.1292296244552E-02, 0.5446974049358E-02, 0.9014006462391E-03
 0.5251887305466E-03,-0.1911662474729E-02, 0.3975480695222E-02,-0.5074045645052E-04,-0.2506829161378E-02, 0.1571498293154E-02,-0.1455776014445E-02, 0.5164816852560E-02, 0.6511836301026E-03
 0.3506197021096E-03,-0.2092644560343E-02, 0.3699242491367E-02,-0.3009768896515E-03,-0.2770576257802E-02, 0.1386706010338E-02,-0.1581489587583E-02, 0.4918769248554E-02, 0.4224032491485E-03
 0.3978815315466E-03,-0.2091475646425E-02, 0.3721099394777E-02,-0.2949950047668E-03,-0.2775940005819E-02, 0.1391106077285E-02,-0.1550499613753E-02, 0.4956247799465E-02, 0.4226702812965E-03
 0.8262330600587E-04,-0.2256156179573E-02, 0.3331056339719E-02,-0.6299498419145E-03,-0.2997073286050E-02, 0.9279089907792E-03,-0.1917139993567E-02, 0.4637468875610E-02, 0.1752088916277E-03
-0.9204853402639E-04,-0.2375499103350E-02, 0.3263169316490E-02,-0.6946062557895E-03,-0.3050739473031E-02, 0.8451971801714E-03,-0.2020362947554E-02, 0.4460709535466E-02, 0.1059999244750E-03
-0.2500069481936E-03,-0.2521620027580E-02, 0.3150751410504E-02,-0.7654805053992E-03,-0.3166597467538E-02, 0.7359779484266E-03,-0.2118329708866E-02, 0.4249866611616E-02,-0.2880565014711E-04
-0.3583800461067E-03,-0.2695808895522E-02, 0.2902301433391E-02,-0.8971509986730E-03,-0.3421082288787E-02, 0.5070273801063E-03,-0.2239399257497E-02, 0.3997431993120E-02,-0.3055993936445E-03
 0.1032588326717E-02,-0.1472087088463E-02, 0.4553546862662E-02, 0.4627787961514E-03,-0.2367175429323E-02, 0.1882895939119E-02,-0.1042563848965E-02, 0.5732576655051E-02, 0.1143508882994E-02
 0.7475149943906E-03,-0.1688816032060E-02, 0.4266174281195E-02, 0.2156014448743E-03,-0.2319868722268E-02, 0.1725045534244E-02,-0.1293164365034E-02, 0.5440127640487E-02, 0.9083808890678E-03
 0.5254097063032E-03,-0.1900920448687E-02, 0.3969364190056E-02,-0.4908941116306E-04,-0.2497935297595E-02, 0.1558262804673E-02,-0.1456663363916E-02, 0.5158330275860E-02, 0.6582057813777E-03
 0.3508910684077E-03,-0.2082020987440E-02, 0.3693479681057E-02,-0.2992821644849E-03,-0.2761779968839E-02, 0.1373647328659E-02,-0.1582404338827E-02, 0.4912718483888E-02, 0.4294866843396E-03
 0.3980043839095E-03,-0.2080876673314E-02, 0.3715041227454E-02,-0.2933715412558E-03,-0.2767175269355E-02, 0.1377874221745E-02,-0.1551461046569E-02, 0.4949861350232E-02, 0.4296582198222E-03
 0.8308816700320E-04,-0.2245693027703E-02, 0.3325939776730E-02,-0.6281269330785E-03,-0.2988422853221E-02, 0.9153164503128E-03,-0.1917986189605E-02, 0.4632187308789E-02, 0.1824290198803E-03
-0.9146535292951E-04,-0.2365073219888E-02, 0.3258265340480E-02,-0.6927337056455E-03,-0.3042157573102E-02, 0.8327705935088E-03,-0.2021171122103E-02, 0.4455736335924E-02, 0.1132777273763E-03
-0.2492957181542E-03,-0.2511239158502E-02, 0.3146134806515E-02,-0.7635513202331E-03,-0.3158063959994E-02, 0.7237552151465E-03,-0.2119105917693E-02, 0.4245291935120E-02,-0.2144207321825E-04
-0.3575345280246E-03,-0.2685508067338E-02, 0.2898158343591E-02,-0.8951457142216E-03,-0.3412564125309E-02, 0.4951083828726E-03,-0.2240155970140E-02, 0.3993451728075E-02,-0.2980955328342E-03
 0.1238401749324E-02,-0.1286430256431E-02, 0.4713809677618E-02, 0.6001266885252E-03,-0.2238354768005E-02, 0.2042933361147E-02,-0.8445220359582E-03, 0.5926729375455E-02, 0.1306312419993E-02
 0.9538499917886E-03,-0.1503629323241E-02, 0.4428864378433E-02, 0.3540981198775E-03,-0.2192416528215E-02, 0.1885859767762E-02,-0.1095428417447E-02, 0.5636942882002E-02, 0.1072590767432E-02
 0.7313514211374E-03,-0.1716941760890E-02, 0.4133724250304E-02, 0.9000670257188E-04,-0.2371932815336E-02, 0.1719251232172E-02,-0.1259783823243E-02, 0.5357087058471E-02, 0.8232654081060E-03
 0.5558993807420E-03,-0.1899634943731E-02, 0.3858857429434E-02,-0.1600270451425E-03,-0.2637244293653E-02, 0.1534460644393E-02,-0.1386673518432E-02, 0.5112704296093E-02, 0.5949090720705E-03
 0.6031806225841E-03,-0.1898423917771E-02, 0.3881008350381E-02,-0.1539673089369E-03,-0.2642579380585E-02, 0.1539067090342E-02,-0.1355647541520E-02, 0.5150496538314E-02, 0.5953133340380E-03
 0.2861082642073E-03,-0.2066233042412E-02, 0.3491816254294E-02,-0.4894394588009E-03,-0.2866615481014E-02, 0.1075744872338E-02,-0.1724396837325E-02, 0.4832527519713E-02, 0.3473943900988E-03
 0.1108485805312E-03,-0.2186699964230E-02, 0.3423837171474E-02,-0.5545831496085E-03,-0.2921499638739E-02, 0.9926224971288E-03,-0.1828528768699E-02, 0.4656265109100E-02, 0.2777754354034E-03
-0.4794828387949E-04,-0.2334131099192E-02, 0.3311365345827E-02,-0.6260568991568E-03,-0.3038198552701E-02, 0.8829208999721E-03,-0.1927573361277E-02, 0.4445996958107E-02, 0.1426188772057E-03
-0.1577531518715E-03,-0.2510165670916E-02, 0.3063260467860E-02,-0.7583895095117E-03,-0.3292974008058E-02, 0.6535879089979E-03,-0.2050079974997E-02, 0.4194305772660E-02,-0.1342976802662E-03
 0.1296723956481E-02,-0.1239455129292E-02, 0.4747714564267E-02, 0.6545854213201E-03,-0.2183228859893E-02, 0.2117666822261E-02,-0.7763670312704E-03, 0.5964907459370E-02, 0.1347966128628E-02
 0.1012484747078E-02,-0.1456620079041E-02, 0.4463693002763E-02, 0.4089228828698E-03,-0.2137755015395E-02, 0.1960793022440E-02,-0.1027302706387E-02, 0.5676136015827E-02, 0.1114837551629E-02
 0.7900473580229E-03,-0.1670116240608E-02, 0.4169350700853E-02, 0.1451188009417E-03,-0.2317734793706E-02, 0.1794295587433E-02,-0.1191857287329E-02, 0.5397181626784E-02, 0.8659800321224E-03
 0.6144978360017E-03,-0.1853125078927E-02, 0.3895122947222E-02,-0.1047303488821E-03,-0.2583505991278E-02, 0.1609563929629E-02,-0.1319038816944E-02, 0.5153525872740E-02, 0.6379501252600E-03
 0.6617414863305E-03,-0.1851908385100E-02, 0.3917295971189E-02,-0.9866083539590E-04,-0.2588823944285E-02, 0.1614197731072E-02,-0.1288008197302E-02, 0.5191344947016E-02, 0.6383751015197E-03
 0.3444065798014E-03,-0.2020406645564E-02, 0.3528752239551E-02,-0.4341779498884E-03,-0.2813773830014E-02, 0.1150955595197E-02,-0.1657314893567E-02, 0.4874036591639E-02, 0.3905993700817E-03
 0.1690652145137E-03,-0.2141093570372E-02, 0.3460837224714E-02,-0.4994690373001E-03,-0.2869122034266E-02, 0.1067667290085E-02,-0.1761714736256E-02, 0.4698026538208E-02, 0.3209350072002E-03
 0.1012175859763E-04,-0.2288781535915E-02, 0.3348472752255E-02,-0.5711103816211E-03,-0.2985915244345E-02, 0.9578012204229E-03,-0.1861072019243E-02, 0.4488060299781E-02, 0.1857852532800E-03
-0.9997748732450E-04,-0.2465198252000E-02, 0.3100686559454E-02,-0.7035810320793E-03,-0.3240130072182E-02, 0.7284161317451E-03,-0.1983973920565E-02, 0.4236803444051E-02,-0.9096944231163E-04
 0.1360300476580E-02,-0.1186606188437E-02, 0.4799860441938E-02, 0.7314608039453E-03,-0.2106991043456E-02, 0.2200314760544E-02,-0.7089979263149E-03, 0.6013427898639E-02, 0.1402084305356E-02
 0.1076471009640E-02,-0.1403694134039E-02, 0.4516929467293E-02, 0.4861271958875E-03,-0.2062048107373E-02, 0.2043731780217E-02,-0.9598437380825E-03, 0.5725853890576E-02, 0.1169661731680E-02
 0.8541382998781E-03,-0.1617366106937E-02, 0.4223500322125E-02, 0.2226119134555E-03,-0.2242639282979E-02, 0.1877393309520E-02,-0.1124533327127E-02, 0.5447921803468E-02, 0.9213480770592E-03
 0.6784975603398E-03,-0.1800707165342E-02, 0.3949977393172E-02,-0.2704702167645E-04,-0.2509051224190E-02, 0.1692737274249E-02,-0.1251974520086E-02, 0.5205059678766E-02, 0.6936852784747E-03
 0.7257204125688E-03,-0.1799481414473E-02, 0.3972225121701E-02,-0.2095367762816E-04,-0.2514341116444E-02, 0.1697428388037E-02,-0.1220942192673E-02, 0.5242968172595E-02, 0.6941488456411E-03
 0.4080728441150E-03,-0.1968736771523E-02, 0.3584267730863E-02,-0.3566437633433E-03,-0.2740484019104E-02, 0.1234224213154E-02,-0.1590743024296E-02, 0.4926257482385E-02, 0.4464799973349E-03
 0.2326301550113E-03,-0.2089670776485E-02, 0.3516367882724E-02,-0.4221547088141E-03,-0.2796476290943E-02, 0.1150740221123E-02,-0.1695402044490E-02, 0.4750494586475E-02, 0.3767364108850E-03
 0.7350870464944E-04,-0.2237648106440E-02, 0.3404060888051E-02,-0.4940389342615E-03,-0.2913274001783E-02, 0.1040672892667E-02,-0.1795069151944E-02, 0.4540817021129E-02, 0.2415592284729E-03
-0.3693541241890E-04,-0.2414491654195E-02, 0.3156563895436E-02,-0.6267201123494E-03,-0.3166343293686E-02, 0.8111984562096E-03,-0.1918363028060E-02, 0.4289969683131E-02,-0.3505627393333E-04
 0.1455411493436E-02,-0.1097821932465E-02, 0.4905402045756E-02, 0.8550544714782E-03,-0.1986885335651E-02, 0.2296104869280E-02,-0.6277947033717E-03, 0.6107734680493E-02, 0.1499631508715E-02
 0.1172137546064E-02,-0.1314909576021E-02, 0.4624037083316E-02, 0.6101075290220E-03,-0.1942728761191E-02, 0.2140078297354E-02,-0.8783974683549E-03, 0.5821885703191E-02, 0.1268170492673E-02
 0.9498632046353E-03,-0.1528980481516E-02, 0.4331813155658E-02, 0.3469025412921E-03,-0.2124348090635E-02, 0.1974000480679E-02,-0.1043229094577E-02, 0.5545312062120E-02, 0.1020522741099E-02
 0.7739701975933E-03,-0.1712952694639E-02, 0.4059133439024E-02, 0.9740202268060E-04,-0.2391878804005E-02, 0.1789420238688E-02,-0.1171021764789E-02, 0.5303412859764E-02, 0.7932410358693E-03
 0.8212252890542E-03,-0.1711704261595E-02, 0.4081610377689E-02, 0.1035583647233E-03,-0.2397122915245E-02, 0.1794259006312E-02,-0.1139986186376E-02, 0.5341585308069E-02, 0.7937984283264E-03
 0.5028551004407E-03,-0.1882273226526E-02, 0.3694019343788E-02,-0.2326355496186E-03,-0.2625216302594E-02, 0.1330947756492E-02,-0.1510418968197E-02, 0.5025234181127E-02, 0.5459868919371E-03
 0.3271705935585E-03,-0.2003672694697E-02, 0.3625994036206E-02,-0.2985412816264E-03,-0.2682240148297E-02, 0.1247196326564E-02,-0.1615415170418E-02, 0.4849707397125E-02, 0.4760251122074E-03
 0.1676798767970E-03,-0.2152195460658E-02, 0.3513590080863E-02,-0.3708662169172E-03,-0.2799048299830E-02, 0.1136825008210E-02,-0.1715500199550E-02, 0.4640288072694E-02, 0.3406694459241E-03
 0.5659177189964E-04,-0.2329814396642E-02, 0.3266257621918E-02,-0.5039812850245E-03,-0.3050301438361E-02, 0.9071264795287E-03,-0.1839341875520E-02, 0.4389775524856E-02, 0.6404183205366E-04
 0.1487801440881E-02,-0.1568173213888E-02, 0.5403884158655E-02, 0.7333797782016E-03,-0.2625853547307E-02, 0.2525315783119E-02,-0.9140642363635E-03, 0.6823399211326E-02, 0.1601296726853E-02
 0.1191155410639E-02,-0.1788537008706E-02, 0.5099674959529E-02, 0.4736617120836E-03,-0.2575823721716E-02, 0.2356644745432E-02,-0.1171136170922E-02, 0.6512494009793E-02, 0.1355682903542E-02
 0.9612521584946E-03,-0.2002131741471E-02, 0.4788318312836E-02, 0.2007849541960E-03,-0.2753133108077E-02, 0.2181001770860E-02,-0.1337907246513E-02, 0.6214993132028E-02, 0.1096790188431E-02
 0.7810223415073E-03,-0.2183480221310E-02, 0.4499699374374E-02,-0.5496796678673E-04,-0.3017124045182E-02, 0.1988212109412E-02,-0.1465592978337E-02, 0.5955872708250E-02, 0.8607726983532E-03
 0.8328793729515E-03,-0.2179612583399E-02, 0.4525649372651E-02,-0.4564523236488E-04,-0.3020491613732E-02, 0.1996253707863E-02,-0.1431206201330E-02, 0.5997509260515E-02, 0.8644469617434E-03
 0.5013056412495E-03,-0.2347529658717E-02, 0.4110215245342E-02,-0.3939721833405E-03,-0.3242519926797E-02, 0.1510493725927E-02,-0.1808570471490E-02, 0.5652677743533E-02, 0.6019798606192E-03
 0.3201907121799E-03,-0.2468359211330E-02, 0.4035508077660E-02,-0.4617061693279E-03,-0.3295698468662E-02, 0.1422158573203E-02,-0.1914512482729E-02, 0.5465777127552E-02, 0.5284444459596E-03
 0.1562270429651E-03,-0.2616123017274E-02, 0.3915181529714E-02,-0.5357299259741E-03,-0.3411088420170E-02, 0.1306734464571E-02,-0.2015005718208E-02, 0.5243913127050E-02, 0.3880825839554E-03
 0.4290636796667E-04,-0.2791619349595E-02, 0.3655003617892E-02,-0.6716448424178E-03,-0.3665108038027E-02, 0.1068642663587E-02,-0.2138736963774E-02, 0.4978514770447E-02, 0.1028439369947E-03
 0.1611602304373E-02,-0.1440035286046E-02, 0.5510369116993E-02, 0.8614418636797E-03,-0.2497258391537E-02, 0.2655339331521E-02,-0.8044608405060E-03, 0.6851016320705E-02, 0.1630752543828E-02
 0.1315042255352E-02,-0.1661258329462E-02, 0.5207467338906E-02, 0.6017317059872E-03,-0.2448663214271E-02, 0.2486754502107E-02,-0.1061990548482E-02, 0.6541674718583E-02, 0.1385876240788E-02
 0.1084521735182E-02,-0.1876264787099E-02, 0.4896972565807E-02, 0.3285232718409E-03,-0.2627712518638E-02, 0.2310819234166E-02,-0.1229678737191E-02, 0.6245278095297E-02, 0.1127354179962E-02
 0.9033308108833E-03,-0.2059247674996E-02, 0.4608870095181E-02, 0.7222673293403E-04,-0.2893506610296E-02, 0.2117583244839E-02,-0.1358463481962E-02, 0.5986916911580E-02, 0.8914538732367E-03
 0.9552363821149E-03,-0.2055343677680E-02, 0.4635106483414E-02, 0.8165301811824E-04,-0.2896850885448E-02, 0.2125845818706E-02,-0.1324038613262E-02, 0.6028946229286E-02, 0.8952679038434E-03
 0.6220980179710E-03,-0.2225914805735E-02, 0.4219783251278E-02,-0.2679899723881E-03,-0.3121730378111E-02, 0.1639407970588E-02,-0.1703074940996E-02, 0.5684662705785E-02, 0.6325885696239E-03
 0.4406283157804E-03,-0.2347620440828E-02, 0.4144972671914E-02,-0.3362869330097E-03,-0.3176131227742E-02, 0.1550658320446E-02,-0.1809629033486E-02, 0.5498134817996E-02, 0.5589843037534E-03
 0.2760810121293E-03,-0.2496428198659E-02, 0.4024526194419E-02,-0.4109919383860E-03,-0.3292104882935E-02, 0.1434728369523E-02,-0.1910880652997E-02, 0.5276590554846E-02, 0.4185615038382E-03
 0.1615745587894E-03,-0.2673478636423E-02, 0.3764350473902E-02,-0.5478167181028E-03,-0.3545686464997E-02, 0.1196063898743E-02,-0.2035728763307E-02, 0.5011468027265E-02, 0.1332920763768E-03
 0.1757390790882E-02,-0.1292645174454E-02, 0.5635625876848E-02, 0.9943990009305E-03,-0.2364054442338E-02, 0.2769160606482E-02,-0.7036517015300E-03, 0.6930201194727E-02, 0.1743036756381E-02
 0.1461178240838E-02,-0.1514522242676E-02, 0.5334560630933E-02, 0.7351355276204E-03,-0.2316772297393E-02, 0.2601116506084E-02,-0.9612374927747E-03, 0.6622939488541E-02, 0.1499053810699E-02
 0.1230258456219E-02,-0.1730790178266E-02, 0.5025367221665E-02, 0.4619807687722E-03,-0.2497441467215E-02, 0.2425247284981E-02,-0.1129533387478E-02, 0.6328089174930E-02, 0.1240991872599E-02
 0.1048263984315E-02,-0.1915310790366E-02, 0.4738115754456E-02, 0.2054532445473E-03,-0.2764938154717E-02, 0.2231835030532E-02,-0.1259178485205E-02, 0.6070802004522E-02, 0.1005215499890E-02
 0.1100260355227E-02,-0.1911369057012E-02, 0.4764698619327E-02, 0.2149878818710E-03,-0.2768259240828E-02, 0.2240349000768E-02,-0.1224733139621E-02, 0.6113237028323E-02, 0.1009189131124E-02
 0.7655811678221E-03,-0.2084557280653E-02, 0.4349719067848E-02,-0.1356460193866E-03,-0.2995918894403E-02, 0.1753509771047E-02,-0.1605072688002E-02, 0.5769524095829E-02, 0.7459776818808E-03
 0.5836872692528E-03,-0.2207179420952E-02, 0.4274825350106E-02,-0.2044538237538E-03,-0.3051532808320E-02, 0.1664431925232E-02,-0.1712152424230E-02, 0.5583427615376E-02, 0.6720851538415E-03
 0.4184936069806E-03,-0.2357071286159E-02, 0.4154288223632E-02,-0.2797803179481E-03,-0.3168091998608E-02, 0.1548081242185E-02,-0.1814072935401E-02, 0.5362288346823E-02, 0.5313850867032E-03
 0.3028016033895E-03,-0.2535685722377E-02, 0.3894222819094E-02,-0.4173854331394E-03,-0.3421243650511E-02, 0.1308960702017E-02,-0.1939898485307E-02, 0.5097552962152E-02, 0.2459086356587E-03
 0.1903117465483E-02,-0.1147543500813E-02, 0.5757923751332E-02, 0.1115253199280E-02,-0.2242888786716E-02, 0.2866479399973E-02,-0.6072462727254E-03, 0.7034812149624E-02, 0.1885812873295E-02
 0.1607401013726E-02,-0.1369876992472E-02, 0.5458859566484E-02, 0.8566974682142E-03,-0.2196729869524E-02, 0.2699189903088E-02,-0.8647027206448E-03, 0.6729770447064E-02, 0.1642779931501E-02
 0.1376274221408E-02,-0.1587183846736E-02, 0.5151144199500E-02, 0.5838563457583E-03,-0.2378767333728E-02, 0.2523602846319E-02,-0.1033409357289E-02, 0.6436630815249E-02, 0.1385244336802E-02
 0.1193668509348E-02,-0.1773027716741E-02, 0.4864905655387E-02, 0.3273363321251E-03,-0.2647706011696E-02, 0.2330209602584E-02,-0.1163729443570E-02, 0.6180554435401E-02, 0.1149642110058E-02
 0.1245759151249E-02,-0.1769051730435E-02, 0.4891824465489E-02, 0.3369680454412E-03,-0.2651006268158E-02, 0.2338962108676E-02,-0.1129272944387E-02, 0.6223349055624E-02, 0.1153767187755E-02
 0.9097460092740E-03,-0.1944581116512E-02, 0.4477371055812E-02,-0.1431436782078E-04,-0.2881106338401E-02, 0.1851970045890E-02,-0.1510663008691E-02, 0.5880236156501E-02, 0.8899818438793E-03
 0.7274484703561E-03,-0.2068049643024E-02, 0.4402430498262E-02,-0.8353944311721E-04,-0.2937790710064E-02, 0.1762644519148E-02,-0.1618204335717E-02, 0.5694584863178E-02, 0.8157332633815E-03
 0.5616534456928E-03,-0.2218937339378E-02, 0.4281852261806E-02,-0.1593773990093E-03,-0.3054897552703E-02, 0.1645967448776E-02,-0.1720714910024E-02, 0.5473894264676E-02, 0.6746971850081E-03
 0.4449059654156E-03,-0.2398962669642E-02, 0.4021994716144E-02,-0.2975880332821E-03,-0.3307751615395E-02, 0.1406528051250E-02,-0.1847384394841E-02, 0.5209630959047E-02, 0.3889922090564E-03
 0.1900698532696E-02,-0.1138120336006E-02, 0.5748108029869E-02, 0.1114611419509E-02,-0.2234861212853E-02, 0.2850453207078E-02,-0.6098399785997E-03, 0.7024323270182E-02, 0.1890390521075E-02
 0.1605027922670E-02,-0.1360518546989E-02, 0.5449256909369E-02, 0.8561573928150E-03,-0.2188819915269E-02, 0.2683243639502E-02,-0.8672669356804E-03, 0.6719551178296E-02, 0.1647389615043E-02
 0.1373987052137E-02,-0.1577918415582E-02, 0.5141918169349E-02, 0.5834031933335E-03,-0.2370961944144E-02, 0.2507834052455E-02,-0.1035978164980E-02, 0.6426860121920E-02, 0.1389938873057E-02
 0.1191500645123E-02,-0.1763860220550E-02, 0.4856139201067E-02, 0.3269673447064E-03,-0.2639991453796E-02, 0.2314687304421E-02,-0.1166303911785E-02, 0.6171326987362E-02, 0.1154451604480E-02
 0.1243398191736E-02,-0.1759920723058E-02, 0.4882724098751E-02, 0.3364997154915E-03,-0.2643313692987E-02, 0.2323216838478E-02,-0.1131909612574E-02, 0.6213810949240E-02, 0.1158446620832E-02
 0.9078901177483E-03,-0.1935530754684E-02, 0.4469450144745E-02,-0.1447520541676E-04,-0.2873529532708E-02, 0.1837033759338E-02,-0.1513119939063E-02, 0.5872042028924E-02, 0.8950207250022E-03
 0.7257556792124E-03,-0.2059016276780E-02, 0.4394767978687E-02,-0.8362177596695E-04,-0.2930260916052E-02, 0.1747913544451E-02,-0.1620602791807E-02, 0.5686739966577E-02, 0.8208626919945E-03
 0.5601427215179E-03,-0.2209924629214E-02, 0.4274540772865E-02,-0.1593672143489E-03,-0.3047416459689E-02, 0.1631491319686E-02,-0.1723056814656E-02, 0.5466508386555E-02, 0.6799577972519E-03
 0.4436069427203E-03,-0.2389997807225E-02, 0.4015278566407E-02,-0.2974480236921E-03,-0.3300333111896E-02, 0.1392437298806E-02,-0.1849672965640E-02, 0.5202979942164E-02, 0.3944671911076E-03
 0.2106187639269E-02,-0.9503679541997E-03, 0.5906720096626E-02, 0.1252660816577E-02,-0.2103260704230E-02, 0.3010408710427E-02,-0.4100843587893E-03, 0.7215745566966E-02, 0.2053494855343E-02
 0.1811457508221E-02,-0.1173051978310E-02, 0.5610693291662E-02, 0.9955928712070E-03,-0.2058506074583E-02, 0.2844307459067E-02,-0.6675908944955E-03, 0.6914059439391E-02, 0.1812135098671E-02
 0.1580390483468E-02,-0.1391479742629E-02, 0.5305412797453E-02, 0.7236573429675E-03,-0.2241999340233E-02, 0.2669364192618E-02,-0.8369778951561E-03, 0.6623723555232E-02, 0.1555757861746E-02
 0.1397278204398E-02,-0.1578855599793E-02, 0.5020995394961E-02, 0.4675712914619E-03,-0.2512399996327E-02, 0.2476295650114E-02,-0.9683050476689E-03, 0.6369767104271E-02, 0.1320828407928E-02
 0.1449412647878E-02,-0.1574840995719E-02, 0.5048272028947E-02, 0.4772990182248E-03,-0.2515674691812E-02, 0.2485313520521E-02,-0.9338210450638E-03, 0.6412906387017E-02, 0.1325119965739E-02
 0.1112084440866E-02,-0.1753269003216E-02, 0.4635216988961E-02, 0.1258158570650E-03,-0.2748561460430E-02, 0.1998649693082E-02,-0.1317018555843E-02, 0.6071109261074E-02, 0.1061173903059E-02
 0.9294012064911E-03,-0.1877777778300E-02, 0.4560355748563E-02, 0.5620272607069E-04,-0.2806425475738E-02, 0.1909047200722E-02,-0.1425380443947E-02, 0.5886210083990E-02, 0.9866163294472E-03
 0.7629693273949E-03,-0.2029878581399E-02, 0.4439924942850E-02,-0.2012700302559E-04,-0.2924355118205E-02, 0.1792037328638E-02,-0.1528877314353E-02, 0.5666381524786E-02, 0.8453623377686E-03
 0.6450204963398E-03,-0.2211614396841E-02, 0.4180733416538E-02,-0.1588430719023E-03,-0.3177507966569E-02, 0.1552454298959E-02,-0.1656857836780E-02, 0.5403211674617E-02, 0.5597547750623E-03
 0.2163364198254E-02,-0.9033619670860E-03, 0.5939018382043E-02, 0.1306397666936E-02,-0.2047566233673E-02, 0.3083622594079E-02,-0.3420633650241E-03, 0.7252093537698E-02, 0.2094376856444E-02
 0.1869086690214E-02,-0.1125959117680E-02, 0.5644049821173E-02, 0.1049781589415E-02,-0.2003255290633E-02, 0.2917852421552E-02,-0.5995242207551E-03, 0.6951563694431E-02, 0.1853684666394E-02
 0.1638219957804E-02,-0.1344513959588E-02, 0.5339711484117E-02, 0.7782229145251E-03,-0.2187177338742E-02, 0.2743157654429E-02,-0.7690453603135E-03, 0.6662266444179E-02, 0.1597857476081E-02
 0.1455137695714E-02,-0.1532151501909E-02, 0.5056071974228E-02, 0.5224066292131E-03,-0.2457999635442E-02, 0.2550284335878E-02,-0.9006064141806E-03, 0.6409162755807E-02, 0.1363333727072E-02
 0.1507232230134E-02,-0.1528136072623E-02, 0.5083389768395E-02, 0.5321413384125E-03,-0.2461261607290E-02, 0.2559337177657E-02,-0.8661269015801E-03, 0.6452361343917E-02, 0.1367646532252E-02
 0.1169821361260E-02,-0.1707174724194E-02, 0.4671163849365E-02, 0.1807411751022E-03,-0.2695014004372E-02, 0.2072986217161E-02,-0.1249766786766E-02, 0.6111379940156E-02, 0.1103950319229E-02
 0.9871219857733E-03,-0.1831878433183E-02, 0.4596419345112E-02, 0.1110164722025E-03,-0.2753326658902E-02, 0.1983273374846E-02,-0.1358363971473E-02, 0.5926795337047E-02, 0.1029380176946E-02
 0.8206120586413E-03,-0.1984206760270E-02, 0.4476159011550E-02, 0.3455949563080E-04,-0.2871337408613E-02, 0.1866167045746E-02,-0.1462138955115E-02, 0.5707342569203E-02, 0.8881755678031E-03
 0.7024542702590E-03,-0.2166282120105E-02, 0.4217391197606E-02,-0.1042329719449E-03,-0.3123917089862E-02, 0.1626654006248E-02,-0.1590466587684E-02, 0.5444717110715E-02, 0.6027998608356E-03
 0.2226063927309E-02,-0.8502518723537E-03, 0.5989555355192E-02, 0.1382683387096E-02,-0.1970389122435E-02, 0.3164998672981E-02,-0.2745915709379E-03, 0.7298969194726E-02, 0.2147914305184E-02
 0.1932350306859E-02,-0.1072710349924E-02, 0.5695837679268E-02, 0.1126498069823E-02,-0.1926587112859E-02, 0.2999665345479E-02,-0.5318824224396E-03, 0.6999796858283E-02, 0.1908016393141E-02
 0.1701737654513E-02,-0.1291376558398E-02, 0.5392579056642E-02, 0.8553341977256E-03,-0.2111077246064E-02, 0.2825276271328E-02,-0.7014681739542E-03, 0.6711671331221E-02, 0.1652826750164E-02
 0.1518698658221E-02,-0.1479286172472E-02, 0.5109800989989E-02, 0.5998084815138E-03,-0.2382490932680E-02, 0.2632620446018E-02,-0.8332268055160E-03, 0.6459492539388E-02, 0.1418758042168E-02
 0.1570778357798E-02,-0.1475265544500E-02, 0.5137224808943E-02, 0.6095676683483E-03,-0.2385732601894E-02, 0.2641748331138E-02,-0.7987520161030E-03, 0.6502821920593E-02, 0.1423115981072E-02
 0.1233232385607E-02,-0.1654978316201E-02, 0.4725772535305E-02, 0.2581383595916E-03,-0.2620614608669E-02, 0.2155664523879E-02,-0.1182774628918E-02, 0.6162574864792E-02, 0.1159634094782E-02
 0.1050497568000E-02,-0.1779903545036E-02, 0.4651101760311E-02, 0.1882329631163E-03,-0.2679556420153E-02, 0.2065812578529E-02,-0.1291599872442E-02, 0.5978308963123E-02, 0.1085018777866E-02
 0.8838777242358E-03,-0.1932491358404E-02, 0.4530967665168E-02, 0.1115762280819E-03,-0.2797553366336E-02, 0.1948572733176E-02,-0.1395651582510E-02, 0.5759223620124E-02, 0.9438317525590E-03
 0.7654599253451E-03,-0.2114949116218E-02, 0.4272601033594E-02,-0.2736018167362E-04,-0.3048956811497E-02, 0.1709091054959E-02,-0.1524323943117E-02, 0.5497107786981E-02, 0.6586709091786E-03
 0.2320608467942E-02,-0.7606686961923E-03, 0.6093059975489E-02, 0.1505913108554E-02,-0.1848557604663E-02, 0.3260033979360E-02,-0.1928008946882E-03, 0.7391327671743E-02, 0.2245078282256E-02
 0.2027673716774E-02,-0.9830289214711E-03, 0.5801160528923E-02, 0.1250267625729E-02,-0.1805507939135E-02, 0.3095454109684E-02,-0.4497395364509E-03, 0.7094125733115E-02, 0.2006280906114E-02
 0.1797324068721E-02,-0.1201995690941E-02, 0.5499359985580E-02, 0.9795679398248E-03,-0.1990959496180E-02, 0.2921507515302E-02,-0.6193712493291E-03, 0.6807586455448E-02, 0.1751896502873E-02
 0.1614209873415E-02,-0.1390447707522E-02, 0.5217655914874E-02, 0.7243428052346E-03,-0.2263416308234E-02, 0.2729091717820E-02,-0.7513987080617E-03, 0.6556562395496E-02, 0.1518334515074E-02
 0.1666349522954E-02,-0.1386404985448E-02, 0.5245368147559E-02, 0.7341775984453E-03,-0.2266624383142E-02, 0.2738413627613E-02,-0.7169199290484E-03, 0.6600204186275E-02, 0.1522810385166E-02
 0.1328289239571E-02,-0.1567322293694E-02, 0.4834527469022E-02, 0.3824312075753E-03,-0.2503361827120E-02, 0.2252442599976E-02,-0.1101451562046E-02, 0.6260470155749E-02, 0.1259315555967E-02
 0.1145396849772E-02,-0.1692678162964E-02, 0.4759816622447E-02, 0.3121829266296E-03,-0.2563319292897E-02, 0.2162387167270E-02,-0.1210579690229E-02, 0.6076560920657E-02, 0.1184527040041E-02
 0.9784911297417E-03,-0.1845770911320E-02, 0.4639682978308E-02, 0.2351402193417E-03,-0.2681301488032E-02, 0.2044913980080E-02,-0.1315013217214E-02, 0.5857855975245E-02, 0.1043222781250E-02
 0.8595281182442E-03,-0.2028943909985E-02, 0.4381632750256E-02, 0.9585350701295E-04,-0.2930834606377E-02, 0.1805325159437E-02,-0.1444180341508E-02, 0.5596190094381E-02, 0.7581554906334E-03
 0.2478272119035E-02,-0.1129413221452E-02, 0.6725217620129E-02, 0.1501845969968E-02,-0.2398767901450E-02, 0.3613619443208E-02,-0.3738523440834E-03,-0.1788267897308E-02, 0.2464162768779E-02
 0.2168991434943E-02,-0.1356666533435E-02, 0.6407544675342E-02, 0.1228740197011E-02,-0.2350874512907E-02, 0.3433809247711E-02,-0.6390282413570E-03,-0.2025101858594E-02, 0.2209357548106E-02
 0.1928319283976E-02,-0.1576704444140E-02, 0.6083718841246E-02, 0.9462763332078E-03,-0.2533211247970E-02, 0.3247893637519E-02,-0.8121141534008E-03,-0.2207608972016E-02, 0.1941946133033E-02
 0.1738478661882E-02,-0.1763961108705E-02, 0.5783359847119E-02, 0.6831070656205E-03,-0.2803329668184E-02, 0.3045032055626E-02,-0.9453816268576E-03,-0.2347601585366E-02, 0.1698002449700E-02
 0.1795374122303E-02,-0.1756985814943E-02, 0.5814295960532E-02, 0.6963031860525E-03,-0.2804363109542E-02, 0.3057521841905E-02,-0.9072316095999E-03,-0.2324686847412E-02, 0.1705722385977E-02
 0.1440183987303E-02,-0.1937867319977E-02, 0.5371521295893E-02, 0.3292630673371E-03,-0.3037117810245E-02, 0.2545108748713E-02,-0.1301547444580E-02,-0.2547292703020E-02, 0.1424813982823E-02
 0.1250341222300E-02,-0.2063583137572E-02, 0.5288825191656E-02, 0.2561655650151E-03,-0.3094276428270E-02, 0.2449250943094E-02,-0.1412538324077E-02,-0.2687817804101E-02, 0.1345477259832E-02
 0.1077420070891E-02,-0.2216944140932E-02, 0.5159301414422E-02, 0.1763409302130E-03,-0.3210235150677E-02, 0.2325380974014E-02,-0.1518342517566E-02,-0.2811059856759E-02, 0.1198026193744E-02
 0.9544594571269E-03,-0.2399302863403E-02, 0.4886217623756E-02, 0.3283156516097E-04,-0.3458961782256E-02, 0.2075437794956E-02,-0.1648616025224E-02,-0.2883716803549E-02, 0.9027462720130E-03
 0.2598606308810E-02,-0.1001772275486E-02, 0.6827109976109E-02, 0.1627557682476E-02,-0.2269528431065E-02, 0.3740259680492E-02,-0.2651854928205E-03,-0.1745774178109E-02, 0.2491988900939E-02
 0.2289724049926E-02,-0.1229741365156E-02, 0.6511086044946E-02, 0.1354686998217E-02,-0.2223013608138E-02, 0.3560815943725E-02,-0.5306576583095E-03,-0.1982658644187E-02, 0.2238063776423E-02
 0.2048725406298E-02,-0.1451047358599E-02, 0.6188471032659E-02, 0.1072112011545E-02,-0.2407003725797E-02, 0.3374880590965E-02,-0.7045221421952E-03,-0.2165727593313E-02, 0.1971162702914E-02
 0.1858181780201E-02,-0.1639807053885E-02, 0.5888962385156E-02, 0.8086017665081E-03,-0.2678832571053E-02, 0.3171832615003E-02,-0.8387678847177E-03,-0.2306519035432E-02, 0.1727465501659E-02
 0.1915147534094E-02,-0.1632783403632E-02, 0.5920293254463E-02, 0.8219231066799E-03,-0.2679834998447E-02, 0.3184588824724E-02,-0.8005702258577E-03,-0.2283660839961E-02, 0.1735354379753E-02
 0.1558745189690E-02,-0.1816154742258E-02, 0.5478053968131E-02, 0.4538516775432E-03,-0.2915341592399E-02, 0.2671914764651E-02,-0.1196358906633E-02,-0.2507421438414E-02, 0.1454402000901E-02
 0.1368690939025E-02,-0.1942679127465E-02, 0.5395379575900E-02, 0.3802830119886E-03,-0.2973681704252E-02, 0.2575756997714E-02,-0.1307894454049E-02,-0.2648227746167E-02, 0.1375064368043E-02
 0.1195329978436E-02,-0.2097009416926E-02, 0.5265880647681E-02, 0.2998742571523E-03,-0.3090208940113E-02, 0.2451513583482E-02,-0.1414388794070E-02,-0.2771910083627E-02, 0.1227619889449E-02
 0.1071350253185E-02,-0.2280824768324E-02, 0.4993048873340E-02, 0.1555921566092E-03,-0.3338520842401E-02, 0.2201219707363E-02,-0.1545691002923E-02,-0.2845447919945E-02, 0.9323913720538E-03
 0.2741525014787E-02,-0.8545958470695E-03, 0.6947789393793E-02, 0.1758509633281E-02,-0.2135404072053E-02, 0.3851451135765E-02,-0.1649428127768E-03,-0.1651681243374E-02, 0.2602150716682E-02
 0.2433351609913E-02,-0.1083052058439E-02, 0.6633981878416E-02, 0.1486328469232E-02,-0.2090131227520E-02, 0.3672842821287E-02,-0.4303042330847E-03,-0.1888749507483E-02, 0.2349323937008E-02
 0.2192280834542E-02,-0.1305452408289E-02, 0.6313059052192E-02, 0.1204038636629E-02,-0.2275639707229E-02, 0.3487245999260E-02,-0.6046293825363E-03,-0.2072489512577E-02, 0.2083090140295E-02
 0.2001217519104E-02,-0.1495598152677E-02, 0.6014767875241E-02, 0.9405069104998E-03,-0.2549065383242E-02, 0.3284269827405E-02,-0.7396075475207E-03,-0.2214193197118E-02, 0.1839707672610E-02
 0.2058308019538E-02,-0.1488526002834E-02, 0.6046523323755E-02, 0.9539644786777E-03,-0.2550040637695E-02, 0.3297338732509E-02,-0.7013757885999E-03,-0.2191328090339E-02, 0.1847794638536E-02
 0.1700732589755E-02,-0.1674330849296E-02, 0.5605068309635E-02, 0.5851848777602E-03,-0.2788211812437E-02, 0.2784616065087E-02,-0.1098280069643E-02,-0.2416659358383E-02, 0.1566530108580E-02
 0.1510411303179E-02,-0.1801698288241E-02, 0.5522453104519E-02, 0.5111972928569E-03,-0.2847724812632E-02, 0.2688239589977E-02,-0.1210278752070E-02,-0.2557997483349E-02, 0.1486988192735E-02
 0.1336557856671E-02,-0.1957030202048E-02, 0.5393025959603E-02, 0.4302632526525E-03,-0.2964819160112E-02, 0.2563695072781E-02,-0.1317378010115E-02,-0.2682353394639E-02, 0.1339370697721E-02
 0.1211562541232E-02,-0.2142299401544E-02, 0.5120560631191E-02, 0.2853361999379E-03,-0.3212710972539E-02, 0.2313131278907E-02,-0.1449572064811E-02,-0.2756937909832E-02, 0.1044097506078E-02
 0.2884879861428E-02,-0.7095457585133E-03, 0.7065912037994E-02, 0.1877726647565E-02,-0.2013266643802E-02, 0.3946699632882E-02,-0.6888952371982E-04,-0.1532757447375E-02, 0.2742749472899E-02
 0.2577561857211E-02,-0.9382927268168E-03, 0.6754472859544E-02, 0.1606482635044E-02,-0.1969042649852E-02, 0.3769125783633E-02,-0.3339593021014E-03,-0.1770076717382E-02, 0.2491091730069E-02
 0.2336607102087E-02,-0.1161565416386E-02, 0.6435408551877E-02, 0.1324723575504E-02,-0.2155818824177E-02, 0.3584065432665E-02,-0.5085514096719E-03,-0.1954494854553E-02, 0.2225608595603E-02
 0.2145210837653E-02,-0.1352883354075E-02, 0.6138484031010E-02, 0.1061394539639E-02,-0.2430583679330E-02, 0.3381334974165E-02,-0.6440796773390E-03,-0.2097098782454E-02, 0.1982606960588E-02
 0.2202431137769E-02,-0.1345768852468E-02, 0.6170627291009E-02, 0.1074976669193E-02,-0.2431536920581E-02, 0.3394705168100E-02,-0.6058247447061E-03,-0.2074187112133E-02, 0.1990883934354E-02
 0.1843874747249E-02,-0.1533733081231E-02, 0.5730114013750E-02, 0.7058068217090E-03,-0.2672033482337E-02, 0.2882129311314E-02,-0.1003600016593E-02,-0.2301211704708E-02, 0.1709275753259E-02
 0.1653303036434E-02,-0.1661875726678E-02, 0.5647590991091E-02, 0.6314861289750E-03,-0.2732580163963E-02, 0.2785604344687E-02,-0.1116002155629E-02,-0.2443190427836E-02, 0.1629462915953E-02
 0.1478997022059E-02,-0.1818122739774E-02, 0.5518281637679E-02, 0.5501286426247E-03,-0.2850203489388E-02, 0.2660838806329E-02,-0.1223631564689E-02,-0.2568305524967E-02, 0.1481623405935E-02
 0.1353107809260E-02,-0.2004693505320E-02, 0.5246265212465E-02, 0.4047201843303E-03,-0.3097800051397E-02, 0.2410113335039E-02,-0.1356587711584E-02,-0.2643948145605E-02, 0.1186310835494E-02
 0.2879645858597E-02,-0.7018424681073E-03, 0.7052661412837E-02, 0.1874701420185E-02,-0.2006519598719E-02, 0.3927875634140E-02,-0.7337703176293E-04,-0.1516087241939E-02, 0.2744707881415E-02
 0.2572420352629E-02,-0.9306452955503E-03, 0.6741503810749E-02, 0.1603594199896E-02,-0.1962415912370E-02, 0.3750421729861E-02,-0.3384096390325E-03,-0.1753469183082E-02, 0.2493109926322E-02
 0.2331622725879E-02,-0.1153989648663E-02, 0.6422907693924E-02, 0.1321967555855E-02,-0.2149288600272E-02, 0.3565608220043E-02,-0.5129850281684E-03,-0.1937985088679E-02, 0.2227765198976E-02
 0.2140427628669E-02,-0.1345377329300E-02, 0.6126554523764E-02, 0.1058773312818E-02,-0.2424130268312E-02, 0.3363206398155E-02,-0.6484894949240E-03,-0.2080701345146E-02, 0.1984943720933E-02
 0.2197401589208E-02,-0.1338315172437E-02, 0.6158389243774E-02, 0.1072221147870E-02,-0.2425107777188E-02, 0.3376292974205E-02,-0.6103182879171E-03,-0.2057793705686E-02, 0.1993047690726E-02
 0.1839543624164E-02,-0.1526289880570E-02, 0.5719302869052E-02, 0.7034893287849E-03,-0.2665690968347E-02, 0.2864722992043E-02,-0.1007830844308E-02,-0.2285000456359E-02, 0.1711950598968E-02
 0.1649182864187E-02,-0.1654424666870E-02, 0.5637073781642E-02, 0.6292801667578E-03,-0.2726262814764E-02, 0.2768446389488E-02,-0.1120150547293E-02,-0.2427039011734E-02, 0.1632265940323E-02
 0.1475118619351E-02,-0.1810662276480E-02, 0.5508169738813E-02, 0.5480567364573E-03,-0.2843936514734E-02, 0.2643993077750E-02,-0.1227694052598E-02,-0.2552230873688E-02, 0.1484609734051E-02
 0.1349532654877E-02,-0.1997240571550E-02, 0.5236886154030E-02, 0.4028419216838E-03,-0.3091642710223E-02, 0.2393747974692E-02,-0.1360554697814E-02,-0.2627996522270E-02, 0.1189597368264E-02
 0.3084304474562E-02,-0.5124718902227E-03, 0.7209111665181E-02, 0.2013055167291E-02,-0.1872439857135E-02, 0.4087391048057E-02, 0.1275880023649E-03,-0.1327490688673E-02, 0.2907662834327E-02
 0.2778481382970E-02,-0.7413404429856E-03, 0.6901202999945E-02, 0.1743601151023E-02,-0.1829508018561E-02, 0.3911403575631E-02,-0.1372602685346E-03,-0.1565249252575E-02, 0.2657965014450E-02
 0.2538058288603E-02,-0.9654986005078E-03, 0.6585094599828E-02, 0.1463037862791E-02,-0.2017604992270E-02, 0.3727368655849E-02,-0.3123019653172E-03,-0.1750636305618E-02, 0.2393939161700E-02
 0.2346570049929E-02,-0.1158131860662E-02, 0.6290479194130E-02, 0.1200405421533E-02,-0.2293699021516E-02, 0.3525314196106E-02,-0.4486375863108E-03,-0.1894503072199E-02, 0.2151888879777E-02
 0.2403867509120E-02,-0.1150976262715E-02, 0.6323021409810E-02, 0.1214110974363E-02,-0.2294628990448E-02, 0.3539022034053E-02,-0.4103586245292E-03,-0.1871474524319E-02, 0.2160372725214E-02
 0.2044537573526E-02,-0.1341565680352E-02, 0.5884498283204E-02, 0.8450935556853E-03,-0.2537751219646E-02, 0.3027258286314E-02,-0.8095925942428E-03,-0.2101080643559E-02, 0.1878929443207E-02
 0.1853803496933E-02,-0.1470645863638E-02, 0.5802240692406E-02, 0.7704983523801E-03,-0.2599425237683E-02, 0.2930602840669E-02,-0.9227100293178E-03,-0.2244099587479E-02, 0.1798921786149E-02
 0.1679082480153E-02,-0.1627988046944E-02, 0.5673301242258E-02, 0.6887715096293E-03,-0.2717845190627E-02, 0.2805666463852E-02,-0.1031217285369E-02,-0.2370399184250E-02, 0.1651013671678E-02
 0.1552243237239E-02,-0.1816107093561E-02, 0.5402302105916E-02, 0.5430339330393E-03,-0.2965746570170E-02, 0.2555052202858E-02,-0.1165336762575E-02,-0.2447574844391E-02, 0.1356043726123E-02
 0.3140094190140E-02,-0.4656452590778E-03, 0.7239602387604E-02, 0.2065816057098E-02,-0.1816387075326E-02, 0.4158812555591E-02, 0.1952098160766E-03,-0.1282737935539E-02, 0.2947564597457E-02
 0.2834879937999E-02,-0.6943623374792E-03, 0.6932902596269E-02, 0.1796912591869E-02,-0.1773869217450E-02, 0.3983299895708E-02,-0.6950379263928E-04,-0.1520347034693E-02, 0.2698618057003E-02
 0.2594811712378E-02,-0.9185782111058E-03, 0.6617886488081E-02, 0.1516829037682E-02,-0.1962348312612E-02, 0.3799664500476E-02,-0.2446018449998E-03,-0.1705780570741E-02, 0.2435235128508E-02
 0.2403494789294E-02,-0.1111407123026E-02, 0.6324190495821E-02, 0.1254564137873E-02,-0.2238813409585E-02, 0.3597955458776E-02,-0.3811019368162E-03,-0.1849816809072E-02, 0.2193680214448E-02
 0.2460752675469E-02,-0.1104254744412E-02, 0.6356814618496E-02, 0.1268275569530E-02,-0.2239735322534E-02, 0.3611711295054E-02,-0.3428362742941E-03,-0.1826782771509E-02, 0.2202187818909E-02
 0.2101535954792E-02,-0.1295361034016E-02, 0.5919304590207E-02, 0.8994852747225E-03,-0.2483657804055E-02, 0.3100512791488E-02,-0.7423786220623E-03,-0.2056810454129E-02, 0.1921112039548E-02
 0.1910857916520E-02,-0.1424605455851E-02, 0.5837216840543E-02, 0.8248193753649E-03,-0.2545760014358E-02, 0.3003806786521E-02,-0.8556928118017E-03,-0.2199980615222E-02, 0.1841128564005E-02
 0.1736134124394E-02,-0.1582139433615E-02, 0.5708512212317E-02, 0.7430111949818E-03,-0.2664245347424E-02, 0.2878847500630E-02,-0.9644373245864E-03,-0.2326482395580E-02, 0.1693317508388E-02
 0.1609179573533E-02,-0.1770546401086E-02, 0.5438050445035E-02, 0.5972672566955E-03,-0.2911561138790E-02, 0.2628437308781E-02,-0.1098846979142E-02,-0.2403977840367E-02, 0.1398657881686E-02
 0.3201682696149E-02,-0.4124809606242E-03, 0.7288294660281E-02, 0.2141211864734E-02,-0.1738516318044E-02, 0.4238643759380E-02, 0.2625407591609E-03,-0.1230052286523E-02, 0.3000296896490E-02
 0.2897204237423E-02,-0.6409846282982E-03, 0.6983025495410E-02, 0.1872856075896E-02,-0.1696475191354E-02, 0.4063727221860E-02,-0.1908209201166E-05,-0.1467475503922E-02, 0.2752243299614E-02
 0.2657555170614E-02,-0.8652338901398E-03, 0.6669263730002E-02, 0.1593288401540E-02,-0.1885464422619E-02, 0.3880557762542E-02,-0.1769876873155E-03,-0.1652946134467E-02, 0.2489602752649E-02
 0.2466429195174E-02,-0.1058262121125E-02, 0.6376589107542E-02, 0.1331428364860E-02,-0.2162456315368E-02, 0.3679221413944E-02,-0.3136120337432E-03,-0.1797162481882E-02, 0.2248601283685E-02
 0.2523683373815E-02,-0.1051106751722E-02, 0.6409370995731E-02, 0.1345168122136E-02,-0.2163363779139E-02, 0.3693076750559E-02,-0.2753558314195E-03,-0.1774115837931E-02, 0.2257164381482E-02
 0.2164521316205E-02,-0.1242788990435E-02, 0.5972820265399E-02, 0.9765092973095E-03,-0.2408337299444E-02, 0.3182392178984E-02,-0.6751527657828E-03,-0.2004625542228E-02, 0.1976419692130E-02
 0.1973880982028E-02,-0.1372223590926E-02, 0.5890870586214E-02, 0.9017075772707E-03,-0.2471047119330E-02, 0.3085607924487E-02,-0.7886581134817E-03,-0.2147977183527E-02, 0.1896429220420E-02
 0.1799122046285E-02,-0.1529980725986E-02, 0.5762365229044E-02, 0.8197487570460E-03,-0.2589496603103E-02, 0.2960588187130E-02,-0.8976403212692E-03,-0.2274715623777E-02, 0.1748686000350E-02
 0.1671998755147E-02,-0.1718716713625E-02, 0.5492420064456E-02, 0.6739361046277E-03,-0.2835605834755E-02, 0.2710341173275E-02,-0.1032339543373E-02,-0.2352570906628E-02, 0.1454325308617E-02
 0.3295380380905E-02,-0.3223705928804E-03, 0.7389394191488E-02, 0.2263670463598E-02,-0.1615283797920E-02, 0.4332654031640E-02, 0.3446711533129E-03,-0.1134543756608E-02, 0.3096760092143E-02
 0.2991929193465E-02,-0.5506585944821E-03, 0.7086221911419E-02, 0.1996029544061E-02,-0.1573945264266E-02, 0.4158705096602E-02, 0.8070233288074E-04,-0.1371901918338E-02, 0.2849961692145E-02
 0.2752767273898E-02,-0.7750911796682E-03, 0.6774190908702E-02, 0.1717100080464E-02,-0.1763807796388E-02, 0.3976174388605E-02,-0.9431166330940E-04,-0.1557612200951E-02, 0.2588280435244E-02
 0.2561757950841E-02,-0.9685561522276E-03, 0.6482833651749E-02, 0.1455700597783E-02,-0.2041745768663E-02, 0.3775254755133E-02,-0.2311094888980E-03,-0.1702258246582E-02, 0.2347924200872E-02
 0.2619110262817E-02,-0.9613750405690E-03, 0.6515964843284E-02, 0.1469535878968E-02,-0.2042625805075E-02, 0.3789360132435E-02,-0.1928433714992E-03,-0.1679160067460E-02, 0.2356638165457E-02
 0.2259650408810E-02,-0.1154134474622E-02, 0.6080270248784E-02, 0.1100765675084E-02,-0.2289345531170E-02, 0.3279020101707E-02,-0.5930112428326E-03,-0.1910692195431E-02, 0.2076018317453E-02
 0.2068947083228E-02,-0.1283956914144E-02, 0.5998384478830E-02, 0.1025680886647E-02,-0.2353044678914E-02, 0.3182101799720E-02,-0.7067784009346E-03,-0.2054462723852E-02, 0.1995905492933E-02
 0.1893993996465E-02,-0.1442169986789E-02, 0.5869991243556E-02, 0.9433984774304E-03,-0.2471447628737E-02, 0.3056924656634E-02,-0.8160999040785E-03,-0.2181693190647E-02, 0.1848113287084E-02
 0.1766428604919E-02,-0.1631550028236E-02, 0.5600511978205E-02, 0.7973288953918E-03,-0.2715632598953E-02, 0.2806695029261E-02,-0.9512333704783E-03,-0.2260201772598E-02, 0.1553962105317E-02
 0.3581616627418E-02,-0.5841552630829E-03,-0.2028665117565E-02, 0.2381525899044E-02,-0.2071326706725E-02, 0.4813244401717E-02, 0.2735764165337E-03,-0.1650465540033E-02, 0.3436589143324E-02
 0.3258586093694E-02,-0.8191600405081E-03,-0.2229083787898E-02, 0.2093531884168E-02,-0.2026333626183E-02, 0.4621301287791E-02,-0.5963925216214E-06,-0.1892071152098E-02, 0.3171781270284E-02
 0.3006205634858E-02,-0.1046414658602E-02,-0.2442403523719E-02, 0.1800558284044E-02,-0.2214463511902E-02, 0.4424223986503E-02,-0.1807470851257E-03,-0.2078445560804E-02, 0.2895142927694E-02
 0.2805927264404E-02,-0.1240296726887E-02,-0.2634501247342E-02, 0.1529357175404E-02,-0.2491450019999E-02, 0.4210459936791E-02,-0.3202759347398E-03,-0.2221746407330E-02, 0.2642623396110E-02
 0.2868122155007E-02,-0.1229902325582E-02,-0.2650999971630E-02, 0.1546696374723E-02,-0.2489873003222E-02, 0.4227620527968E-02,-0.2780471897988E-03,-0.2196354847268E-02, 0.2654637782090E-02
 0.2487484842610E-02,-0.1425453652121E-02,-0.2818538347242E-02, 0.1159280739513E-02,-0.2734927527793E-02, 0.3686661347849E-02,-0.6910691988426E-03,-0.2427757978557E-02, 0.2353737888182E-02
 0.2288192444897E-02,-0.1556661873897E-02,-0.2863104376559E-02, 0.1080250741795E-02,-0.2796981225109E-02, 0.3582647245648E-02,-0.8076982673068E-03,-0.2571726028456E-02, 0.2268046096890E-02
 0.2105581733856E-02,-0.1716276072795E-02,-0.2965981704581E-02, 0.9940282098987E-03,-0.2912782181363E-02, 0.3449665002911E-02,-0.9194343500868E-03,-0.2698387156097E-02, 0.2112897270268E-02
 0.1972199567897E-02,-0.1906285852075E-02,-0.3194630065652E-02, 0.8422146330744E-03,-0.3152483369047E-02, 0.3187045918098E-02,-0.1056991489713E-02,-0.2774280037641E-02, 0.1806823150486E-02
 0.3697951484624E-02,-0.4574990010767E-03,-0.1904415221316E-02, 0.2504338096159E-02,-0.1941887375013E-02, 0.4936021676293E-02, 0.3808607805445E-03,-0.1607728714560E-02, 0.3462527699211E-02
 0.3375666333161E-02,-0.6930485959310E-03,-0.2105686571078E-02, 0.2216836556968E-02,-0.1898198217024E-02, 0.4744756361222E-02, 0.1065794948251E-03,-0.1849340790218E-02, 0.3198758548986E-02
 0.3123280062865E-02,-0.9213999214353E-03,-0.2320402179648E-02, 0.1924002211424E-02,-0.2087870251909E-02, 0.4547960941131E-02,-0.7418786662625E-04,-0.2036237739192E-02, 0.2922786179772E-02
 0.2922580948328E-02,-0.1116628123662E-02,-0.2514118720543E-02, 0.1652690229058E-02,-0.2366448910485E-02, 0.4334295381994E-02,-0.2145535645037E-03,-0.2180304010568E-02, 0.2670657376838E-02
 0.2984870327226E-02,-0.1106169850648E-02,-0.2530590269816E-02, 0.1670180154084E-02,-0.2364830468253E-02, 0.4351768243014E-02,-0.1722646813374E-03,-0.2154958961383E-02, 0.2682875816091E-02
 0.2603397284904E-02,-0.1304015742570E-02,-0.2700781293380E-02, 0.1282054031976E-02,-0.2612507821970E-02, 0.3810993710491E-02,-0.5865290123136E-03,-0.2387482316879E-02, 0.2382117610890E-02
 0.2404053869916E-02,-0.1435952202140E-02,-0.2746289370358E-02, 0.1202656657667E-02,-0.2675690110571E-02, 0.3706810487099E-02,-0.7036242591811E-03,-0.2531709609617E-02, 0.2296499623033E-02
 0.2221162644545E-02,-0.1596446859795E-02,-0.2850261546308E-02, 0.1115959981239E-02,-0.2792038130527E-02, 0.3573600102558E-02,-0.8159708638958E-03,-0.2658791354844E-02, 0.2141432247455E-02
 0.2086938542645E-02,-0.1787797039036E-02,-0.3080457500176E-02, 0.9635291639884E-03,-0.3031349763929E-02, 0.3310858379830E-02,-0.9544535833621E-03,-0.2735549322136E-02, 0.1835502495809E-02
 0.3837489671736E-02,-0.3110527812901E-03,-0.1763701246450E-02, 0.2632745439874E-02,-0.1807273630559E-02, 0.5044185752451E-02, 0.4801443834295E-03,-0.1512729286694E-02, 0.3570102100416E-02
 0.3516313202500E-02,-0.5468918162494E-03,-0.1965603102879E-02, 0.2346207627397E-02,-0.1764733650932E-02, 0.4854075019762E-02, 0.2061672061510E-03,-0.1754461611595E-02, 0.3307659330571E-02
 0.3264211961313E-02,-0.7761403372310E-03,-0.2181557935337E-02, 0.2053918932764E-02,-0.1955796418733E-02, 0.4657912529303E-02, 0.2510865036573E-04,-0.1941971885707E-02, 0.3032584147438E-02
 0.3063300160679E-02,-0.9725758644375E-03,-0.2376794837823E-02, 0.1782820825801E-02,-0.2235840264031E-02, 0.4444586445236E-02,-0.1158424311829E-03,-0.2086900833656E-02, 0.2780981645810E-02
 0.3125759202755E-02,-0.9620528907942E-03,-0.2393226240783E-02, 0.1800482279834E-02,-0.2234186174018E-02, 0.4462443219942E-02,-0.7350031391131E-04,-0.2061549361251E-02, 0.2793445233303E-02
 0.2743501731097E-02,-0.1162118018337E-02,-0.2566031228862E-02, 0.1411962254192E-02,-0.2484384507380E-02, 0.3921996152931E-02,-0.4886667605962E-03,-0.2295577649562E-02, 0.2492615066240E-02
 0.2544065802632E-02,-0.1294809933112E-02,-0.2612497136367E-02, 0.1332250090054E-02,-0.2548686508753E-02, 0.3817713690917E-02,-0.6061520783739E-03,-0.2440309987109E-02, 0.2406886817887E-02
 0.2360850800727E-02,-0.1456208473016E-02,-0.2717590435935E-02, 0.1245136576873E-02,-0.2665576137577E-02, 0.3684331043771E-02,-0.7190293188948E-03,-0.2568039682435E-02, 0.2251762479839E-02
 0.2225790777141E-02,-0.1648883187980E-02,-0.2949357815619E-02, 0.1092212142035E-02,-0.2904479174593E-02, 0.3421516730576E-02,-0.8583058476808E-03,-0.2645817789077E-02, 0.1945967464110E-02
 0.3978007613291E-02,-0.1665477050078E-03,-0.1628454755687E-02, 0.2749841698393E-02,-0.1684548650478E-02, 0.5137033092979E-02, 0.5754856708418E-03,-0.1392568204918E-02, 0.3707994294949E-02
 0.3658083265876E-02,-0.4024817717326E-03,-0.1830771903711E-02, 0.2464499535444E-02,-0.1642961352976E-02, 0.4948256064171E-02, 0.3019879448545E-03,-0.1634481947661E-02, 0.3446964147634E-02
 0.3406449326754E-02,-0.6324069818672E-03,-0.2047727533676E-02, 0.2172984892873E-02,-0.1835166554644E-02, 0.4752900947370E-02, 0.1208272540241E-03,-0.1822606650053E-02, 0.3172888284064E-02
 0.3205504440877E-02,-0.8298376451644E-03,-0.2244255329730E-02, 0.1902307568199E-02,-0.2116422952962E-02, 0.4540062657450E-02,-0.2053144710013E-04,-0.1968380768353E-02, 0.2921895369050E-02
 0.3268143101011E-02,-0.8192583837494E-03,-0.2260641627634E-02, 0.1920129671691E-02,-0.2114740997217E-02, 0.4558297514261E-02, 0.2185199795646E-04,-0.1942990305390E-02, 0.2934596576735E-02
 0.2885276408674E-02,-0.1021272570258E-02,-0.2435762156694E-02, 0.1531504062624E-02,-0.2367124129467E-02, 0.4018316217753E-02,-0.3939830620337E-03,-0.2178631077718E-02, 0.2633673043927E-02
 0.2685759213051E-02,-0.1154654787425E-02,-0.2483096376766E-02, 0.1451554122394E-02,-0.2432410894625E-02, 0.3913990043475E-02,-0.5118038267458E-03,-0.2323975965057E-02, 0.2547769749280E-02
 0.2502253775546E-02,-0.1316872995813E-02,-0.2589204730473E-02, 0.1364116023835E-02,-0.2549804023063E-02, 0.3780498402723E-02,-0.6251418828967E-03,-0.2452436926562E-02, 0.2392550399999E-02
 0.2366470504512E-02,-0.1510721811525E-02,-0.2822377414747E-02, 0.1210847741924E-02,-0.2788415198792E-02, 0.3517693672855E-02,-0.7650877204432E-03,-0.2531241151529E-02, 0.2086924021151E-02
 0.3969747608884E-02,-0.1607884082782E-03,-0.1614357020634E-02, 0.2744221105035E-02,-0.1679279496200E-02, 0.5115242103557E-02, 0.5689090177001E-03,-0.1376911543677E-02, 0.3707112538697E-02
 0.3649981468232E-02,-0.3967643138620E-03,-0.1816718881802E-02, 0.2459059191456E-02,-0.1637814398438E-02, 0.4926638238864E-02, 0.2954611928663E-03,-0.1618894392936E-02, 0.3446177992308E-02
 0.3398591789886E-02,-0.6267318919307E-03,-0.2033766129935E-02, 0.2167733168742E-02,-0.1830102971154E-02, 0.4731611863630E-02, 0.1143462001964E-03,-0.1807115307173E-02, 0.3172305156809E-02
 0.3197941444862E-02,-0.8241951544457E-03,-0.2230406377939E-02, 0.1897252422408E-02,-0.2111414561985E-02, 0.4519195990232E-02,-0.2695062951347E-04,-0.1952994093423E-02, 0.2921569680390E-02
 0.3260272082744E-02,-0.8136902354163E-03,-0.2246817615133E-02, 0.1914896811009E-02,-0.2109767858458E-02, 0.4537083796292E-02, 0.1532115205276E-04,-0.1927615676665E-02, 0.2934049935156E-02
 0.2878310238832E-02,-0.1015624780660E-02,-0.2422096325184E-02, 0.1526864300938E-02,-0.2362184188548E-02, 0.3998327798459E-02,-0.4001484768675E-03,-0.2163404510089E-02, 0.2633813397560E-02
 0.2679064940213E-02,-0.1148970099861E-02,-0.2469529617136E-02, 0.1447063535876E-02,-0.2427472076990E-02, 0.3894300537299E-02,-0.5178589951817E-03,-0.2308804359327E-02, 0.2548079603777E-02
 0.2495872002568E-02,-0.1311143193715E-02,-0.2575724498072E-02, 0.1359807349160E-02,-0.2544916819640E-02, 0.3761184161634E-02,-0.6310765372362E-03,-0.2437329253827E-02, 0.2393101792876E-02
 0.2360485544432E-02,-0.1504949640167E-02,-0.2808958000564E-02, 0.1206807526713E-02,-0.2783684519572E-02, 0.3498958418223E-02,-0.7708755735176E-03,-0.2516225657081E-02, 0.2087874778200E-02
 0.4173088457875E-02, 0.2971461190451E-04,-0.1462090477362E-02, 0.2882476032659E-02,-0.1543017691896E-02, 0.5273963418300E-02, 0.7705750818612E-03,-0.1185164873576E-02, 0.3869459856050E-02
 0.3855219231402E-02,-0.2060701692697E-03,-0.1664620394122E-02, 0.2599263624349E-02,-0.1502579261752E-02, 0.5087200513632E-02, 0.4976133179878E-03,-0.1427414489605E-02, 0.3610708018573E-02
 0.3604632444827E-02,-0.4366032611754E-03,-0.1882535229864E-02, 0.2309270308640E-02,-0.1695936902804E-02, 0.4893277058587E-02, 0.3162698740360E-03,-0.1616412631052E-02, 0.3338420877678E-02
 0.3404046362495E-02,-0.6350941102745E-03,-0.2080432359632E-02, 0.2039583900220E-02,-0.1978357826283E-02, 0.4681488652532E-02, 0.1743344240600E-03,-0.1763365539617E-02, 0.3088687842425E-02
 0.3466813243359E-02,-0.6244644790041E-03,-0.2096745621394E-02, 0.2057567932591E-02,-0.1976651502707E-02, 0.4700152277105E-02, 0.2167447969247E-03,-0.1737880860562E-02, 0.3101647214288E-02
 0.3083749367933E-02,-0.8287868659010E-03,-0.2274563001429E-02, 0.1669483063986E-02,-0.2231458365447E-02, 0.4161499384872E-02,-0.2001537977479E-03,-0.1975960624902E-02, 0.2801241725090E-02
 0.2884314347020E-02,-0.9629847485168E-03,-0.2322944089451E-02, 0.1589386320666E-02,-0.2297805529303E-02, 0.4057194940302E-02,-0.3185675184700E-03,-0.2122299938812E-02, 0.2715271092988E-02
 0.2700634473676E-02,-0.1126159103544E-02,-0.2430234962323E-02, 0.1501715579865E-02,-0.2415960711543E-02, 0.3923704678546E-02,-0.4326580091626E-03,-0.2251897315178E-02, 0.2560149033956E-02
 0.2564169370391E-02,-0.1321366532890E-02,-0.2664960075121E-02, 0.1348313506071E-02,-0.2654881478816E-02, 0.3661294142081E-02,-0.5735980423946E-03,-0.2332175415210E-02, 0.2255135764514E-02
 0.4227255439992E-02, 0.7614899698799E-04,-0.1422925989440E-02, 0.2934006158096E-02,-0.1486819677439E-02, 0.5343306104931E-02, 0.8375304081451E-03,-0.1139957455313E-02, 0.3908172615662E-02
 0.3910166742310E-02,-0.1594074567898E-03,-0.1625338697703E-02, 0.2651456178849E-02,-0.1446756139897E-02, 0.5157180947783E-02, 0.5648067897626E-03,-0.1382029377919E-02, 0.3650265281823E-02
 0.3660105947095E-02,-0.3899157388207E-03,-0.1843330741823E-02, 0.2362059264321E-02,-0.1640436753678E-02, 0.4963825177715E-02, 0.3834978985265E-03,-0.1571047763277E-02, 0.3378724409607E-02
 0.3459847698744E-02,-0.5885237330990E-03,-0.2041434324517E-02, 0.2092851156107E-02,-0.1923165206508E-02, 0.4752546170879E-02, 0.2414791855511E-03,-0.1718147002854E-02, 0.3129586463875E-02
 0.3522575413015E-02,-0.5779002424088E-03,-0.2057716927690E-02, 0.2110841859312E-02,-0.1921455210392E-02, 0.4771264934148E-02, 0.2838681408542E-03,-0.1692661699992E-02, 0.3142575076737E-02
 0.3139837420229E-02,-0.7826303943743E-03,-0.2236104916487E-02, 0.1723144324988E-02,-0.2176980380224E-02, 0.4233447951511E-02,-0.1331859011605E-03,-0.1931125610542E-02, 0.2842665211304E-02
 0.2940537239570E-02,-0.9169562745548E-03,-0.2284727238623E-02, 0.1643022772358E-02,-0.2243729847043E-02, 0.4129160643554E-02,-0.2517518233637E-03,-0.2077600344035E-02, 0.2756759176584E-02
 0.2756936622487E-02,-0.1080280358401E-02,-0.2392261778159E-02, 0.1555322152151E-02,-0.2361931712214E-02, 0.3995728838404E-02,-0.3660323754820E-03,-0.2207383931738E-02, 0.2601786767895E-02
 0.2620457762363E-02,-0.1275715023889E-02,-0.2627249185069E-02, 0.1401992232220E-02,-0.2600254334524E-02, 0.3733663262300E-02,-0.5071968405280E-03,-0.2287965299485E-02, 0.2297170908978E-02
 0.4287503416278E-02, 0.1291572633541E-03,-0.1367234730199E-02, 0.3008210172166E-02,-0.1408503621756E-02, 0.5421310989716E-02, 0.9044750371512E-03,-0.1086567048741E-02, 0.3959874499506E-02
 0.3971336269653E-02,-0.1060974852229E-03,-0.1569535965051E-02, 0.2726340106930E-02,-0.1368874109237E-02, 0.5235959987278E-02, 0.6321255334553E-03,-0.1328418533060E-02, 0.3702969232807E-02
 0.3721875530295E-02,-0.3365472512245E-03,-0.1787655845402E-02, 0.2437595544718E-02,-0.1562992008648E-02, 0.5043246174500E-02, 0.4509313955734E-03,-0.1517442314534E-02, 0.3432286461657E-02
 0.3521971209963E-02,-0.5352689556912E-03,-0.1986042923935E-02, 0.2168920836374E-02,-0.1846167125711E-02, 0.4832507491149E-02, 0.3088731052809E-03,-0.1664694211710E-02, 0.3183810478114E-02
 0.3584706586661E-02,-0.5246422810310E-03,-0.2002284794229E-02, 0.2186947313367E-02,-0.1844446621625E-02, 0.4851350106636E-02, 0.3512500144635E-03,-0.1639202550855E-02, 0.3196869630806E-02
 0.3202231873410E-02,-0.7298358641818E-03,-0.2181412886291E-02, 0.1799558384671E-02,-0.2100928235684E-02, 0.4314307271802E-02,-0.6591400543510E-04,-0.1878105627370E-02, 0.2897416042090E-02
 0.3003047229183E-02,-0.8643147951318E-03,-0.2230346384245E-02, 0.1719351573154E-02,-0.2168257027019E-02, 0.4210010188222E-02,-0.1846283740526E-03,-0.2024745035229E-02, 0.2811545262548E-02
 0.2819491919076E-02,-0.1027819284141E-02,-0.2338212360176E-02, 0.1631555395052E-02,-0.2286397192248E-02, 0.4076598012077E-02,-0.2991016824816E-03,-0.2154749004358E-02, 0.2656696097633E-02
 0.2682945431654E-02,-0.1223520761403E-02,-0.2573585914181E-02, 0.1478240618259E-02,-0.2523483143617E-02, 0.3814832910900E-02,-0.4404927289511E-03,-0.2235674105696E-02, 0.2352471539078E-02
 0.4380079852448E-02, 0.2195182086510E-03,-0.1260612795527E-02, 0.3129487012192E-02,-0.1284197261508E-02, 0.5514035959284E-02, 0.9866956355345E-03,-0.9896092889250E-03, 0.4055317361229E-02
 0.4065204561681E-02,-0.1538326587821E-04,-0.1462924389804E-02, 0.2848528683757E-02,-0.1245205026288E-02, 0.5329882481416E-02, 0.7149731104002E-03,-0.1231338346477E-02, 0.3799837223438E-02
 0.3816472283512E-02,-0.2458799054600E-03,-0.1681461902379E-02, 0.2560616519470E-02,-0.1440086882388E-02, 0.5138014675422E-02, 0.5339711123516E-03,-0.1420549778235E-02, 0.3530282306358E-02
 0.3616893339662E-02,-0.4449157827422E-03,-0.1880506408818E-02, 0.2292580214369E-02,-0.1724089516342E-02, 0.4927878204379E-02, 0.3918471389727E-03,-0.1568186936599E-02, 0.3282602737355E-02
 0.3679769968046E-02,-0.4342539433951E-03,-0.1896686986483E-02, 0.2310730542121E-02,-0.1722342286601E-02, 0.4947044543345E-02, 0.4342458427897E-03,-0.1542655640805E-02, 0.3295854623377E-02
 0.3297236741805E-02,-0.6403815409987E-03,-0.2077240705555E-02, 0.1923453961885E-02,-0.1980443863945E-02, 0.4410581919444E-02, 0.1686325655963E-04,-0.1782511842752E-02, 0.2996670153058E-02
 0.3098086975875E-02,-0.7751972834062E-03,-0.2126748877239E-02, 0.1843031808604E-02,-0.2048725715710E-02, 0.4306224827947E-02,-0.1020651253671E-03,-0.1929548017699E-02, 0.2910734146785E-02
 0.2914434324406E-02,-0.9391000334341E-03,-0.2235273683057E-02, 0.1754981914391E-02,-0.2166781682949E-02, 0.4172735448955E-02,-0.2168289840783E-03,-0.2060023163958E-02, 0.2755911511538E-02
 0.2777562356742E-02,-0.1135363615158E-02,-0.2471507086950E-02, 0.1601512987066E-02,-0.2401890013283E-02, 0.3911119041364E-02,-0.3585867068023E-03,-0.2141579649079E-02, 0.2452022132650E-02
 0.4797922849836E-02, 0.6971620881531E-04,-0.1891313029551E-02, 0.3373070281639E-02,-0.1640486566605E-02, 0.6124294621130E-02, 0.1029844008994E-02,-0.1416379675749E-02, 0.4518758352743E-02
 0.4460115049204E-02,-0.1739350026565E-03,-0.2096007294722E-02, 0.3068663674490E-02,-0.1599191373739E-02, 0.5919198945170E-02, 0.7457489533529E-03,-0.1663470162523E-02, 0.4243126413499E-02
 0.4195081001760E-02,-0.4092090940059E-03,-0.2313645423534E-02, 0.2764236669139E-02,-0.1793912231800E-02, 0.5710041429145E-02, 0.5577601711104E-03,-0.1854325957757E-02, 0.3956549404960E-02
 0.3983468448188E-02,-0.6104589502959E-03,-0.2509817386724E-02, 0.2484370472324E-02,-0.2078538470354E-02, 0.5484516214670E-02, 0.4112721724255E-03,-0.2001499736586E-02, 0.3694807207981E-02
 0.4051277138703E-02,-0.5963391389404E-03,-0.2524324675574E-02, 0.2506096745833E-02,-0.2074067935566E-02, 0.5506556806823E-02, 0.4578853019270E-03,-0.1973316883745E-02, 0.3711372648337E-02
 0.3643098785398E-02,-0.8082974979505E-03,-0.2700122699177E-02, 0.2096645331243E-02,-0.2333064407205E-02, 0.4935139256833E-02, 0.2437656636283E-04,-0.2215011945567E-02, 0.3388946772126E-02
 0.3433723278752E-02,-0.9456221540934E-03,-0.2746948743241E-02, 0.2011112802057E-02,-0.2400964465129E-02, 0.4822317966498E-02,-0.9849254048118E-04,-0.2362921517606E-02, 0.3296337109443E-02
 0.3240727394563E-02,-0.1112163911967E-02,-0.2853080204071E-02, 0.1917895685809E-02,-0.2515866444243E-02, 0.4679550595045E-02,-0.2167925287824E-03,-0.2493538940695E-02, 0.3132874832008E-02
 0.3095991187297E-02,-0.1310632906711E-02,-0.3087159450323E-02, 0.1757065521525E-02,-0.2742703240690E-02, 0.4403443987345E-02,-0.3623859077274E-03,-0.2573318369345E-02, 0.2815260201136E-02
 0.4909727894542E-02, 0.1948987377755E-03,-0.1766192436547E-02, 0.3492439493033E-02,-0.1511298988190E-02, 0.6242733809989E-02, 0.1135300919176E-02,-0.1373654470404E-02, 0.4542552944742E-02
 0.4573030963111E-02,-0.4909853325716E-04,-0.1971678665807E-02, 0.3188813659446E-02,-0.1471213669358E-02, 0.6038662874624E-02, 0.8513122521127E-03,-0.1620694863238E-02, 0.4268133945680E-02
 0.4308334035855E-02,-0.2852695935105E-03,-0.2190650152899E-02, 0.2884806302650E-02,-0.1667340100502E-02, 0.5830121391956E-02, 0.6628924123306E-03,-0.1812018721309E-02, 0.3982396138975E-02
 0.4096609253759E-02,-0.4876825207598E-03,-0.2388382943810E-02, 0.2605086915778E-02,-0.1953414250830E-02, 0.5605005662638E-02, 0.5157297814192E-03,-0.1959908548569E-02, 0.3721205358357E-02
 0.4164545143873E-02,-0.4734795069799E-03,-0.2402858016354E-02, 0.2626995976986E-02,-0.1948888577251E-02, 0.5627400596535E-02, 0.5624188708916E-03,-0.1931761637132E-02, 0.3738008682640E-02
 0.3755964688974E-02,-0.6875062873473E-03,-0.2581236621035E-02, 0.2217190024340E-02,-0.2210349585874E-02, 0.5056636666662E-02, 0.1279296725669E-03,-0.2174516126479E-02, 0.3415928210317E-02
 0.3546699301634E-02,-0.8254658275688E-03,-0.2628974336752E-02, 0.2131405417880E-02,-0.2279312875463E-02, 0.4943798669010E-02, 0.4684010477088E-05,-0.2322661566001E-02, 0.3323475677411E-02
 0.3353588256131E-02,-0.9927848138068E-03,-0.2736168667436E-02, 0.2037836202277E-02,-0.2394733768000E-02, 0.4800962461567E-02,-0.1141355297895E-03,-0.2453675438998E-02, 0.3160179041016E-02
 0.3208218861316E-02,-0.1192459002110E-02,-0.2971756635764E-02, 0.1876562001050E-02,-0.2621207654664E-02, 0.4524956136824E-02,-0.2605365530336E-03,-0.2534288245294E-02, 0.2842812202960E-02
 0.5045367800199E-02, 0.3400955290763E-03,-0.1624249161603E-02, 0.3617765958278E-02,-0.1376632398516E-02, 0.6347482895252E-02, 0.1233233322425E-02,-0.1278113859940E-02, 0.4647077050705E-02
 0.4710203466835E-02, 0.9603808742064E-04,-0.1830294498344E-02, 0.3315409807286E-02,-0.1337581815828E-02, 0.6144909255423E-02, 0.9497691375040E-03,-0.1525190546511E-02, 0.4374235772784E-02
 0.4446177876140E-02,-0.1408024276949E-03,-0.2050427960750E-02, 0.3012237944807E-02,-0.1534944677061E-02, 0.5937316792521E-02, 0.7612499842987E-03,-0.1717050318853E-02, 0.4089647520714E-02
 0.4234577716017E-02,-0.3442165946097E-03,-0.2249608415170E-02, 0.2732993898672E-02,-0.1822325680858E-02, 0.5712827818413E-02, 0.6136678773878E-03,-0.1865735162237E-02, 0.3829214774770E-02
 0.4302723242493E-02,-0.3299264618533E-03,-0.2264043637370E-02, 0.2755118215585E-02,-0.1817751093318E-02, 0.5735688338669E-02, 0.6604355151601E-03,-0.1837580311037E-02, 0.3846318520814E-02
 0.3893800439102E-02,-0.5459281971955E-03,-0.2444945765448E-02, 0.2345263366768E-02,-0.2081560910729E-02, 0.5165649584048E-02, 0.2252828607653E-03,-0.2081748003215E-02, 0.3524425722372E-02
 0.3684624726550E-02,-0.6845412240788E-03,-0.2493614225914E-02, 0.2259280267004E-02,-0.2151578251847E-02, 0.5052842232433E-02, 0.1017308330468E-03,-0.2230363519138E-02, 0.3431966798288E-02
 0.3491369880666E-02,-0.8526509287682E-03,-0.2601896273941E-02, 0.2165414669446E-02,-0.2267508602467E-02, 0.4909971306394E-02,-0.1753482722692E-04,-0.2361990398343E-02, 0.3268741204097E-02
 0.3345370088495E-02,-0.1053501206823E-02,-0.2839002207537E-02, 0.2003813617657E-02,-0.2493586856624E-02, 0.4634098242332E-02,-0.1646195847683E-03,-0.2443582615574E-02, 0.2951706136162E-02
 0.5182572273168E-02, 0.4835589041726E-03,-0.1487696007998E-02, 0.3732259113959E-02,-0.1253708371095E-02, 0.6437609585454E-02, 0.1327502804721E-02,-0.1157127503534E-02, 0.4781736643214E-02
 0.4849082983461E-02, 0.2396332061657E-03,-0.1694085250218E-02, 0.3431386400277E-02,-0.1215493059887E-02, 0.6236684721933E-02, 0.1044731724172E-02,-0.1404292268708E-02, 0.4510576571287E-02
 0.4585906727950E-02, 0.2341203030167E-05,-0.1915141166831E-02, 0.3129258352005E-02,-0.1413847875407E-02, 0.6030184730375E-02, 0.8562961501493E-03,-0.1596681733209E-02, 0.4227259420301E-02
 0.4374603144225E-02,-0.2018648960839E-03,-0.2115538561767E-02, 0.2850676346980E-02,-0.1702289978975E-02, 0.5806440026995E-02, 0.7084661543791E-03,-0.1746138567616E-02, 0.3967685610252E-02
 0.4442966983493E-02,-0.1874977159317E-03,-0.2129931798601E-02, 0.2873005930150E-02,-0.1697676558140E-02, 0.5829772445778E-02, 0.7553001852412E-03,-0.1717949649583E-02, 0.3985087203691E-02
 0.4033852542496E-02,-0.4052105456467E-03,-0.2313057002319E-02, 0.2463355978008E-02,-0.1963504695532E-02, 0.5260538149617E-02, 0.3197031845020E-03,-0.1963625028474E-02, 0.3663369692951E-02
 0.3824776025547E-02,-0.5444150272583E-03,-0.2362570891928E-02, 0.2377241782506E-02,-0.2034446429286E-02, 0.5147795068135E-02, 0.1958936858054E-03,-0.2112813041570E-02, 0.3570841139767E-02
 0.3631406443238E-02,-0.7132341560626E-03,-0.2471836208752E-02, 0.2283161383048E-02,-0.2150848657516E-02, 0.5004932534050E-02, 0.7624588372023E-04,-0.2245131597722E-02, 0.3407659642255E-02
 0.3484874604590E-02,-0.9151130890393E-03,-0.2710289188537E-02, 0.2121367132175E-02,-0.2376639563344E-02, 0.4729257029306E-02,-0.7140494241597E-04,-0.2327706212885E-02, 0.3091020789434E-02
 0.5171091120088E-02, 0.4871485939437E-03,-0.1474659777764E-02, 0.3723838944766E-02,-0.1250126296527E-02, 0.6412686518981E-02, 0.1318644039295E-02,-0.1142707595099E-02, 0.4777794788922E-02
 0.4837803767617E-02, 0.2432012253408E-03,-0.1681094772510E-02, 0.3423199035043E-02,-0.1212031199161E-02, 0.6212005276584E-02, 0.1035941557116E-02,-0.1389941201065E-02, 0.4506775774586E-02
 0.4574961860588E-02, 0.5905201113288E-05,-0.1902241533142E-02, 0.3121327016051E-02,-0.1410449501265E-02, 0.6005929480305E-02, 0.8475892558904E-03,-0.1582420187553E-02, 0.4223740516296E-02
 0.4364068051136E-02,-0.1982864051594E-03,-0.2102748242404E-02, 0.2843015199826E-02,-0.1698917505137E-02, 0.5782712345761E-02, 0.6998686883192E-03,-0.1731970050209E-02, 0.3964515735241E-02
 0.4432049804888E-02,-0.1840219835859E-03,-0.2117159984160E-02, 0.2865118403013E-02,-0.1694354032057E-02, 0.5805636730260E-02, 0.7465561772811E-03,-0.1703802334445E-02, 0.3981628463375E-02
 0.4024135333513E-02,-0.4015440695232E-03,-0.2300434237777E-02, 0.2456241423828E-02,-0.1960147827382E-02, 0.5237866924333E-02, 0.3114489649354E-03,-0.1949584386611E-02, 0.3660804489594E-02
 0.3815366773452E-02,-0.5406779802324E-03,-0.2350010573976E-02, 0.2370317688551E-02,-0.2031061805020E-02, 0.5125483540381E-02, 0.1877814925756E-03,-0.2098812103375E-02, 0.3568494385957E-02
 0.3622372251135E-02,-0.7094100831110E-03,-0.2459341638367E-02, 0.2276472445807E-02,-0.2147513997694E-02, 0.4983064592978E-02, 0.6829428022767E-04,-0.2231175936107E-02, 0.3405622041159E-02
 0.3476383395497E-02,-0.9111864830224E-03,-0.2697876807838E-02, 0.2115032988636E-02,-0.2373508658423E-02, 0.4708063746152E-02,-0.7914867176539E-04,-0.2313817697504E-02, 0.3089493014734E-02
 0.5372593746488E-02, 0.6782946915724E-03,-0.1319611277907E-02, 0.3861583242964E-02,-0.1111974297063E-02, 0.6570266614811E-02, 0.1520499350378E-02,-0.9482961895970E-03, 0.4939086178199E-02
 0.5041764747749E-02, 0.4348323250130E-03,-0.1526113343506E-02, 0.3563218050762E-02,-0.1074733827726E-02, 0.6371809449555E-02, 0.1238622459919E-02,-0.1195654055356E-02, 0.4670553788403E-02
 0.4780196287487E-02, 0.1972530575649E-03,-0.1748023052658E-02, 0.3262972487103E-02,-0.1274037793187E-02, 0.6167166616101E-02, 0.1050307316036E-02,-0.1388787943634E-02, 0.4389388253518E-02
 0.4569742135539E-02,-0.7719078857247E-05,-0.1949691924522E-02, 0.2985707343734E-02,-0.1563446053615E-02, 0.5944863982573E-02, 0.9021620276210E-03,-0.1539311713607E-02, 0.4131412150544E-02
 0.4638273588355E-02, 0.6716028811262E-05,-0.1964016781619E-02, 0.3008247661257E-02,-0.1558800631522E-02, 0.5968739405146E-02, 0.9490334048770E-03,-0.1511047297080E-02, 0.4149141266885E-02
 0.4229591835926E-02,-0.2129458309644E-03,-0.2149713233041E-02, 0.2599561484854E-02,-0.1826814900041E-02, 0.5401382787801E-02, 0.5128134527655E-03,-0.1758984335345E-02, 0.3828318548328E-02
 0.4020862133965E-02,-0.3528245881654E-03,-0.2200244479312E-02, 0.2513442544955E-02,-0.1898734527344E-02, 0.5288814201852E-02, 0.3885505162002E-03,-0.1909097452522E-02, 0.3735862155308E-02
 0.3827581082785E-02,-0.5224395444979E-03,-0.2310645803966E-02, 0.2419280732486E-02,-0.2015855268853E-02, 0.5146133755944E-02, 0.2682925500282E-03,-0.2042483832544E-02, 0.3572958627813E-02
 0.3680662446552E-02,-0.7254601587369E-03,-0.2550559469782E-02, 0.2257566898251E-02,-0.2241960358175E-02, 0.4871171549390E-02, 0.1198376066128E-03,-0.2126460019391E-02, 0.3257227410947E-02
 0.5424900387469E-02, 0.7241224950220E-03,-0.1280064016794E-02, 0.3911627842890E-02,-0.1055847497524E-02, 0.6637235881788E-02, 0.1586520409031E-02,-0.9028287894411E-03, 0.4976405887759E-02
 0.5095042503792E-02, 0.4809778951993E-03,-0.1486421225759E-02, 0.3614050349268E-02,-0.1018932959317E-02, 0.6439603259819E-02, 0.1304999976729E-02,-0.1149972012230E-02, 0.4708819948427E-02
 0.4834183548488E-02, 0.2435195364586E-03,-0.1708379294696E-02, 0.3314531576347E-02,-0.1218487662279E-02, 0.6235715840591E-02, 0.1116823709540E-02,-0.1343090379022E-02, 0.4428515628289E-02
 0.4624222901791E-02, 0.3852159867559E-04,-0.1910227203549E-02, 0.3037868367134E-02,-0.1508126464210E-02, 0.6014100301569E-02, 0.9686883809313E-03,-0.1493727915828E-02, 0.4171245884239E-02
 0.4692726567995E-02, 0.5294905210322E-04,-0.1924526455208E-02, 0.3060419043558E-02,-0.1503480824207E-02, 0.6038024385626E-02, 0.1015531257228E-02,-0.1465469123659E-02, 0.4189010712053E-02
 0.4284594055156E-02,-0.1669962945143E-03,-0.2110748460771E-02, 0.2652296011871E-02,-0.1772115796190E-02, 0.5471791573999E-02, 0.5793276333117E-03,-0.1713736603511E-02, 0.3868821951983E-02
 0.4076084063627E-02,-0.3069612099076E-03,-0.2161510347033E-02, 0.2566202974934E-02,-0.1844405808354E-02, 0.5359318216542E-02, 0.4549630185254E-03,-0.1863965752769E-02, 0.3776474752834E-02
 0.3882970145918E-02,-0.4766773913925E-03,-0.2272139450166E-02, 0.2472068106313E-02,-0.1961550931652E-02, 0.5216786929245E-02, 0.3345684904001E-03,-0.1997518069528E-02, 0.3613778661977E-02
 0.3736147141499E-02,-0.6798553041385E-03,-0.2512285553998E-02, 0.2310513461895E-02,-0.2187044826351E-02, 0.4942313761564E-02, 0.1859637344197E-03,-0.2081773526703E-02, 0.3298539627141E-02
 0.5483579905882E-02, 0.7767629783591E-03,-0.1223675293102E-02, 0.3984337458981E-02,-0.9773374365414E-03, 0.6713128537036E-02, 0.1652832400317E-02,-0.8489328965858E-03, 0.5026855675528E-02
 0.5154858173758E-02, 0.5340222249152E-03,-0.1429887509477E-02, 0.3687587794353E-02,-0.9408033929993E-03, 0.6516470580057E-02, 0.1371810657434E-02,-0.1095810918925E-02, 0.4760390485576E-02
 0.4894794406651E-02, 0.2967284682833E-03,-0.1651936581386E-02, 0.3388873207879E-02,-0.1140707413259E-02, 0.6313418410864E-02, 0.1183858412439E-02,-0.1288892370983E-02, 0.4481071555582E-02
 0.4685356216529E-02, 0.9171547427255E-04,-0.1854032628956E-02, 0.3112885990598E-02,-0.1430696955347E-02, 0.6092522570307E-02, 0.1035779542132E-02,-0.1439644979438E-02, 0.4224583517747E-02
 0.4753899682310E-02, 0.1061491415113E-03,-0.1868298662734E-02, 0.3135484576363E-02,-0.1426043064086E-02, 0.6116590153006E-02, 0.1082610486497E-02,-0.1411386603672E-02, 0.4242437912089E-02
 0.4346227015105E-02,-0.1141331626486E-03,-0.2055206131603E-02, 0.2727862827773E-02,-0.1695522437115E-02, 0.5551402038513E-02, 0.6464574327834E-03,-0.1660034572256E-02, 0.3922838647354E-02
 0.4137924545726E-02,-0.2542081635268E-03,-0.2106269782043E-02, 0.2641740784648E-02,-0.1768356611951E-02, 0.5438997223449E-02, 0.5219928718926E-03,-0.1810407968536E-02, 0.3830572713309E-02
 0.3944944971344E-02,-0.4240555480587E-03,-0.2217213609614E-02, 0.2547571303079E-02,-0.1885410273181E-02, 0.5296573742429E-02, 0.4014563412350E-03,-0.1944159643799E-02, 0.3668060261203E-02
 0.3798149397543E-02,-0.6274292627754E-03,-0.2457709297606E-02, 0.2386124035091E-02,-0.2109637318626E-02, 0.5022539870568E-02, 0.2526956165936E-03,-0.2028734007351E-02, 0.3353313151913E-02
 0.5574764007641E-02, 0.8670956966248E-03,-0.1115566457925E-02, 0.4104019585651E-02,-0.8522865492942E-03, 0.6804316745606E-02, 0.1734892130800E-02,-0.7508130131002E-03, 0.5120960629132E-02
 0.5247646756139E-02, 0.6248663784266E-03,-0.1321734077959E-02, 0.3808401009316E-02,-0.8163092315049E-03, 0.6609100819523E-02, 0.1454663300491E-02,-0.9974929560351E-03, 0.4856104906960E-02
 0.4988575319232E-02, 0.3876814169239E-03,-0.1544138046653E-02, 0.3510733277566E-02,-0.1016847002443E-02, 0.6407110195440E-02, 0.1267044751499E-02,-0.1190693921857E-02, 0.4578095970709E-02
 0.4779675855816E-02, 0.1824935620220E-03,-0.1746831511706E-02, 0.3235579901661E-02,-0.1307523900791E-02, 0.6187008080491E-02, 0.1119019908798E-02,-0.1341773735866E-02, 0.4322567744154E-02
 0.4848433193702E-02, 0.1969785211624E-03,-0.1761046713610E-02, 0.3258339614176E-02,-0.1302839808558E-02, 0.6211496547062E-02, 0.1165891504107E-02,-0.1313484975781E-02, 0.4340669976361E-02
 0.4440897485054E-02,-0.2407982835982E-04,-0.1949299521677E-02, 0.2851070262428E-02,-0.1573791234450E-02, 0.5647122206529E-02, 0.7296850421674E-03,-0.1563001209652E-02, 0.4021489115243E-02
 0.4232758056859E-02,-0.1644322772864E-03,-0.2000928422795E-02, 0.2764808984519E-02,-0.1647532964086E-02, 0.5534735242819E-02, 0.6050610460196E-03,-0.1713741489075E-02, 0.3929219014065E-02
 0.4039794009103E-02,-0.3346116704866E-03,-0.2112509242951E-02, 0.2670463340438E-02,-0.1764459873919E-02, 0.5392318144227E-02, 0.4842887317714E-03,-0.1847934998539E-02, 0.3766814328596E-02
 0.3892761998522E-02,-0.5384553392976E-03,-0.2353808473354E-02, 0.2508973284702E-02,-0.1986656817695E-02, 0.5118570322958E-02, 0.3352351422637E-03,-0.1933108389308E-02, 0.3452539513978E-02
 0.6127331485170E-02, 0.8338384164428E-03,-0.1656347856242E-02, 0.4476678120866E-02,-0.1103805650050E-02,-0.2617533816658E-02, 0.1896113472796E-02,-0.1083141283952E-02, 0.5710502969268E-02
 0.5773772100638E-02, 0.5806135680614E-03,-0.1866029767751E-02, 0.4154323071350E-02,-0.1067031147586E-02,-0.2544771144879E-02, 0.1601141705605E-02,-0.1336463362327E-02, 0.5423223238499E-02
 0.5495130090963E-02, 0.3364893260318E-03,-0.2088628784374E-02, 0.3837495698449E-02,-0.1269176795946E-02,-0.2670868363519E-02, 0.1404520729832E-02,-0.1532440719288E-02, 0.5125996704262E-02
 0.5271235488355E-02, 0.1271063296589E-03,-0.2289477056573E-02, 0.3548334653290E-02,-0.1562251900608E-02,-0.2889857969189E-02, 0.1250360283318E-02,-0.1684074116839E-02, 0.4854375714970E-02
 0.5345006722976E-02, 0.1452466224228E-03,-0.2301694141697E-02, 0.3574703253070E-02,-0.1554612604924E-02,-0.2925754976881E-02, 0.1301652425808E-02,-0.1652782735227E-02, 0.4875656335416E-02
 0.4907008633186E-02,-0.8487336889581E-04,-0.2487249969540E-02, 0.3141566150719E-02,-0.1829227700760E-02,-0.3182644328071E-02, 0.8458599294277E-03,-0.1906312081726E-02, 0.4530159764865E-02
 0.4686975020207E-02,-0.2289528919902E-03,-0.2536842842742E-02, 0.3048950995845E-02,-0.1903949311063E-02,-0.3231446554112E-02, 0.7161386428083E-03,-0.2058687720490E-02, 0.4430091540433E-02
 0.4482921492021E-02,-0.4031115485503E-03,-0.2646791943792E-02, 0.2948135111344E-02,-0.2017196228148E-02,-0.3302854706726E-02, 0.5906341526684E-03,-0.2193820538839E-02, 0.4257728354220E-02
 0.4325793204921E-02,-0.6108638517672E-03,-0.2887011235219E-02, 0.2777583401791E-02,-0.2227245576990E-02,-0.3462618707544E-02, 0.4362446112049E-03,-0.2278150093299E-02, 0.3927829109578E-02
 0.6234079259265E-02, 0.9570600325875E-03,-0.1530827988285E-02, 0.4592060477810E-02,-0.9753219700976E-03,-0.2479932017791E-02, 0.1999301667329E-02,-0.1040688264696E-02, 0.5731926503103E-02
 0.5882003857612E-02, 0.7037166170861E-03,-0.1741218458900E-02, 0.4270805472792E-02,-0.9396436679637E-03,-0.2408511595032E-02, 0.1704678288302E-02,-0.1293889156814E-02, 0.5446049457953E-02
 0.5604058830024E-02, 0.4589239110793E-03,-0.1965064271168E-02, 0.3954709991201E-02,-0.1143032455188E-02,-0.2536303717495E-02, 0.1507835840343E-02,-0.1490264101227E-02, 0.5149846210514E-02
 0.5380388070328E-02, 0.2485871696097E-03,-0.2167392438795E-02, 0.3665982601673E-02,-0.1437384678365E-02,-0.2757082813782E-02, 0.1353184034841E-02,-0.1642548300375E-02, 0.4878947575835E-02
 0.5454331920464E-02, 0.2668342312361E-03,-0.2179569820306E-02, 0.3692563684249E-02,-0.1429672940503E-02,-0.2792945134030E-02, 0.1404570909636E-02,-0.1611280451807E-02, 0.4900531300926E-02
 0.5016444929916E-02, 0.3490260045228E-04,-0.2367603894962E-02, 0.3259466373364E-02,-0.1706564818951E-02,-0.3052699642248E-02, 0.9480911967677E-03,-0.1865785272642E-02, 0.4555587404944E-02
 0.4796671959806E-02,-0.1097053801056E-03,-0.2418072291364E-02, 0.3166727324229E-02,-0.1782271841438E-02,-0.3102528507992E-02, 0.8180940780615E-03,-0.2018369211159E-02, 0.4455759634109E-02
 0.4592668203265E-02,-0.2845236565437E-03,-0.2529040782515E-02, 0.3065695452695E-02,-0.1896002825890E-02,-0.3175156313381E-02, 0.6921723741124E-03,-0.2153868224038E-02, 0.4283647199486E-02
 0.4435161270422E-02,-0.4933271027826E-03,-0.2770703105321E-02, 0.2894891609453E-02,-0.2105717267687E-02,-0.3336672037389E-02, 0.5371079958230E-03,-0.2238985890857E-02, 0.3954110445927E-02
 0.6365299760389E-02, 0.1100489168176E-02,-0.1388149557518E-02, 0.4713770506599E-02,-0.8410399160531E-03,-0.2361626309903E-02, 0.2095493457597E-02,-0.9449797099747E-03, 0.5832949222272E-02
 0.6015195101482E-02, 0.8473471021096E-03,-0.1599001400331E-02, 0.4394123336119E-02,-0.8062598664578E-03,-0.2291363165775E-02, 0.1801642247264E-02,-0.1198111265801E-02, 0.5548922398586E-02
 0.5738336102628E-02, 0.6021435329742E-03,-0.1823905861300E-02, 0.4079182384366E-02,-0.1010703792614E-02,-0.2420575198119E-02, 0.1604914538577E-02,-0.1394924408612E-02, 0.5254143193067E-02
 0.5515162258836E-02, 0.3910390223786E-03,-0.2027585089302E-02, 0.3791217452913E-02,-0.1306177642136E-02,-0.2642842193708E-02, 0.1450027579399E-02,-0.1547917709646E-02, 0.4984255226415E-02
 0.5589340000208E-02, 0.4094025397968E-03,-0.2039718985039E-02, 0.3818065359496E-02,-0.1298398060567E-02,-0.2678651596574E-02, 0.1501525101859E-02,-0.1516637387960E-02, 0.5006206125667E-02
 0.5151628016463E-02, 0.1757694232420E-03,-0.2230156441906E-02, 0.3385294857199E-02,-0.1577438901736E-02,-0.2940860221722E-02, 0.1044644901029E-02,-0.1772439071332E-02, 0.4661727492517E-02
 0.4932127950159E-02, 0.3062442701679E-04,-0.2281519606676E-02, 0.3292485791526E-02,-0.1654121525752E-02,-0.2991591940743E-02, 0.9144357354721E-03,-0.1925448751847E-02, 0.4562007250876E-02
 0.4728169144176E-02,-0.1448559516924E-03,-0.2393529069994E-02, 0.3191290219527E-02,-0.1768323012172E-02,-0.3065291136952E-02, 0.7881624948449E-03,-0.2061515958836E-02, 0.4390104642416E-02
 0.4570274016313E-02,-0.3546681514198E-03,-0.2636630811538E-02, 0.3020342145362E-02,-0.1977656510693E-02,-0.3228322065730E-02, 0.6325360360312E-03,-0.2147559337317E-02, 0.4061111079368E-02
 0.6498707726851E-02, 0.1242414458820E-02,-0.1250752113409E-02, 0.4825180253221E-02,-0.7183062637488E-03,-0.2261697617085E-02, 0.2188333345285E-02,-0.8235886232672E-03, 0.5963850290670E-02
 0.6150719517454E-02, 0.9896624637253E-03,-0.1461850941455E-02, 0.4507334108378E-02,-0.6842224152236E-03,-0.2192398924536E-02, 0.1895415126871E-02,-0.1076690526125E-02, 0.5681795583592E-02
 0.5875124168622E-02, 0.7442623732412E-03,-0.1687574579064E-02, 0.4193732141691E-02,-0.8894824233040E-03,-0.2322753845456E-02, 0.1698977187162E-02,-0.1273927096604E-02, 0.5388585163129E-02
 0.5652611755064E-02, 0.5325952916862E-03,-0.1892374125434E-02, 0.3906692373694E-02,-0.1185841087247E-02,-0.2546206686852E-02, 0.1544018616465E-02,-0.1427600704687E-02, 0.5119829796184E-02
 0.5727018144579E-02, 0.5510642422036E-03,-0.1904465351288E-02, 0.3933802852536E-02,-0.1178005559646E-02,-0.2581954707067E-02, 0.1595615582453E-02,-0.1396287943492E-02, 0.5142138308616E-02
 0.5289596032608E-02, 0.3159845726364E-03,-0.2097005341266E-02, 0.3501571515908E-02,-0.1458873579744E-02,-0.2846183359106E-02, 0.1138535943331E-02,-0.1653468513599E-02, 0.4798127290459E-02
 0.5070383755138E-02, 0.1703610670992E-03,-0.2149180874508E-02, 0.3408748666464E-02,-0.1536408425821E-02,-0.2897679835554E-02, 0.1008157215071E-02,-0.1806998635796E-02, 0.4698456805750E-02
 0.4866499576605E-02,-0.5703624664831E-05,-0.2262128805234E-02, 0.3307458170284E-02,-0.1651043863284E-02,-0.2972282972186E-02, 0.8815895954523E-03,-0.1943706369737E-02, 0.4526752376065E-02
 0.4708291779330E-02,-0.2163813193197E-03,-0.2506498468895E-02, 0.3136480502590E-02,-0.1860096035757E-02,-0.3136568693978E-02, 0.7255101118011E-03,-0.2030676815361E-02, 0.4198398158598E-02
 0.6483821220720E-02, 0.1243611340381E-02,-0.1238989138217E-02, 0.4813756885589E-02,-0.7166194631162E-03,-0.2260668012623E-02, 0.2177003177634E-02,-0.8106321273583E-03, 0.5956651553263E-02
 0.6136028920382E-02, 0.9908649417045E-03,-0.1450133718901E-02, 0.4496206527686E-02,-0.6826495769494E-03,-0.2191456455662E-02, 0.1884179096794E-02,-0.1063796824475E-02, 0.5674791417775E-02
 0.5860852415894E-02, 0.7455092012119E-03,-0.1675941019474E-02, 0.4182942010074E-02,-0.8879456778692E-03,-0.2321861057697E-02, 0.1687871800716E-02,-0.1261110324209E-02, 0.5381947155298E-02
 0.5638894272019E-02, 0.5339145837341E-03,-0.1880837802780E-02, 0.3896259714628E-02,-0.1184292185189E-02,-0.2545336382990E-02, 0.1533080821096E-02,-0.1414859677232E-02, 0.5113641036858E-02
 0.5712829231650E-02, 0.5522452441332E-03,-0.1892951154495E-02, 0.3923075382126E-02,-0.1176527358208E-02,-0.2581107622357E-02, 0.1584487994792E-02,-0.1383580366168E-02, 0.5135624286787E-02
 0.5277043325173E-02, 0.3174905771467E-03,-0.2085606868980E-02, 0.3491827317743E-02,-0.1457274096283E-02,-0.2845317460400E-02, 0.1128045938017E-02,-0.1640814145829E-02, 0.4792732316196E-02
 0.5058124198079E-02, 0.1719760044173E-03,-0.2137822627338E-02, 0.3399243560541E-02,-0.1534747922987E-02,-0.2896830783132E-02, 0.9978453063403E-03,-0.1794361133009E-02, 0.4693324497263E-02
 0.4854656406832E-02,-0.3953327484713E-05,-0.2250815706816E-02, 0.3298250707075E-02,-0.1649428957063E-02,-0.2971453533687E-02, 0.8714842589388E-03,-0.1931089876870E-02, 0.4521994540786E-02
 0.4697225280151E-02,-0.2144572032209E-03,-0.2495253485622E-02, 0.3127725714528E-02,-0.1858731168463E-02,-0.3135756390915E-02, 0.7156840790864E-03,-0.2018101818483E-02, 0.4194277572908E-02
 0.6682945009028E-02, 0.1434908047729E-02,-0.1081558383046E-02, 0.4950587083921E-02,-0.5768712676895E-03,-0.2113294973042E-02, 0.2378535419663E-02,-0.6140508678130E-03, 0.6116404130718E-02
 0.6338262606527E-02, 0.1182977579108E-02,-0.1292639220438E-02, 0.4635664167874E-02,-0.5435572521917E-03,-0.2045315275827E-02, 0.2086913825543E-02,-0.8671638481332E-03, 0.5837356779504E-02
 0.6064881720164E-02, 0.9376544349902E-03,-0.1519077494648E-02, 0.4324340803798E-02,-0.7495280248027E-03,-0.2177116800528E-02, 0.1890935785900E-02,-0.1064981435048E-02, 0.5546694110624E-02
 0.5843751475430E-02, 0.7255546947983E-03,-0.1725017823938E-02, 0.4038975090623E-02,-0.1046620602788E-02,-0.2402033324339E-02, 0.1735953966003E-02,-0.1219580892229E-02, 0.5279904211176E-02
 0.5918333356692E-02, 0.7441186049510E-03,-0.1737044549905E-02, 0.4066363586883E-02,-0.1038738072957E-02,-0.2437672242111E-02, 0.1787607728650E-02,-0.1188207511932E-02, 0.5302604745041E-02
 0.5482039412822E-02, 0.5074897438907E-03,-0.1931983120810E-02, 0.3635549012689E-02,-0.1321519243943E-02,-0.2704546478052E-02, 0.1330389646529E-02,-0.1447434472073E-02, 0.4959895068962E-02
 0.5263457864468E-02, 0.3613529970328E-03,-0.1985129611055E-02, 0.3542876714168E-02,-0.1399934120488E-02,-0.2757100944115E-02, 0.1199714040959E-02,-0.1601798606446E-02, 0.4860451389889E-02
 0.5059949963419E-02, 0.1846741332444E-03,-0.2099150615030E-02, 0.3441668657348E-02,-0.1515235865159E-02,-0.2832932856630E-02, 0.1072695058637E-02,-0.1739485725875E-02, 0.4689225487744E-02
 0.4901683703679E-02,-0.2690129947032E-04,-0.2344870097128E-02, 0.3271002653282E-02,-0.1724606851066E-02,-0.2998851355831E-02, 0.9160218899129E-03,-0.1827769396923E-02, 0.4362100249204E-02
 0.6733153739278E-02, 0.1479914633697E-02,-0.1041815016535E-02, 0.4998895084203E-02,-0.5210333333845E-03,-0.2036599794054E-02, 0.2443355558362E-02,-0.5685228104849E-03, 0.6152126115241E-02
 0.6389654335895E-02, 0.1228404282554E-02,-0.1252714384338E-02, 0.4684898124918E-02,-0.4879863478800E-03,-0.1969058218783E-02, 0.2152223803813E-02,-0.8213746323710E-03, 0.5874137655396E-02
 0.6117176012796E-02, 0.9833120114231E-03,-0.1479161426354E-02, 0.4374447031431E-02,-0.6941221908467E-03,-0.2101396428683E-02, 0.1956502652258E-02,-0.1019130918411E-02, 0.5584458083603E-02
 0.5896709902232E-02, 0.7712908602435E-03,-0.1685242660339E-02, 0.4089821403098E-02,-0.9913544398941E-03,-0.2326891053299E-02, 0.1801636247787E-02,-0.1173801983039E-02, 0.5318491549800E-02
 0.5971293881997E-02, 0.7898474690349E-03,-0.1697248643423E-02, 0.4117224694596E-02,-0.9834739854504E-03,-0.2362490617415E-02, 0.1853255628572E-02,-0.1142441014997E-02, 0.5341244636406E-02
 0.5535778847721E-02, 0.5530740774936E-03,-0.1892653775235E-02, 0.3687164939317E-02,-0.1266762466669E-02,-0.2630456064857E-02, 0.1396244256467E-02,-0.1401929705809E-02, 0.4999314195931E-02
 0.5317507528427E-02, 0.4068986299816E-03,-0.1946015008946E-02, 0.3594574444230E-02,-0.1345509929726E-02,-0.2683452476837E-02, 0.1265523476728E-02,-0.1556386152305E-02, 0.4900025478967E-02
 0.5114259806097E-02, 0.2301734575146E-03,-0.2060243460640E-02, 0.3493455716983E-02,-0.1460810325485E-02,-0.2759793487831E-02, 0.1138427686933E-02,-0.1694214097447E-02, 0.4729068166449E-02
 0.4956206274475E-02, 0.1851979444443E-04,-0.2306161705670E-02, 0.3323043715053E-02,-0.1669556628636E-02,-0.2926380593998E-02, 0.9816880215805E-03,-0.1782745872663E-02, 0.4402540831727E-02
 0.6790039186893E-02, 0.1531974812280E-02,-0.9849442160678E-03, 0.5069810008440E-02,-0.4425825193744E-03,-0.1953890849753E-02, 0.2508789131182E-02,-0.5143252037626E-03, 0.6201101658041E-02
 0.6447929644475E-02, 0.1280984560940E-02,-0.1195653138835E-02, 0.4756803757238E-02,-0.4098515286814E-03,-0.1886797815231E-02, 0.2218295880378E-02,-0.7668560295079E-03, 0.5924364157437E-02
 0.6176454725032E-02, 0.1036177344218E-02,-0.1422141926295E-02, 0.4447325025114E-02,-0.6162331931514E-03,-0.2019695722661E-02, 0.2022921158360E-02,-0.9645221214808E-03, 0.5635805251094E-02
 0.5956678360017E-02, 0.8242529103404E-03,-0.1628424426831E-02, 0.4163533499458E-02,-0.9137040431882E-03,-0.2245800223360E-02, 0.1868218585009E-02,-0.1119260514498E-02, 0.5370746222053E-02
 0.6031369206754E-02, 0.8428222706759E-03,-0.1640402697953E-02, 0.4191000370037E-02,-0.9058151961131E-03,-0.2281351010897E-02, 0.1919829240861E-02,-0.1087906360326E-02, 0.5393617147823E-02
 0.5596477019078E-02, 0.6058513840170E-03,-0.1836425960673E-02, 0.3761650817116E-02,-0.1189819421578E-02,-0.2550491609841E-02, 0.1463044363836E-02,-0.1347702342927E-02, 0.5052412928041E-02
 0.5378525816872E-02, 0.4596146637763E-03,-0.1890072707402E-02, 0.3669092874578E-02,-0.1269069022121E-02,-0.2603964027890E-02, 0.1332277855864E-02,-0.1502278077621E-02, 0.4953255288317E-02
 0.5175511986709E-02, 0.2828139007263E-03,-0.2004593254310E-02, 0.3568006034505E-02,-0.1384244348332E-02,-0.2680853840207E-02, 0.1205096510825E-02,-0.1640279203905E-02, 0.4782546774138E-02
 0.5017563823487E-02, 0.7104404129956E-04,-0.2250819961625E-02, 0.3397801924428E-02,-0.1591693738786E-02,-0.2848160730087E-02, 0.1048278899610E-02,-0.1729097355232E-02, 0.4456619726021E-02
 0.6879563845319E-02, 0.1621998882182E-02,-0.8756736568424E-03, 0.5187484757133E-02,-0.3171193840178E-03,-0.1861904744635E-02, 0.2590436662959E-02,-0.4153354754010E-03, 0.6293548395576E-02
 0.6539441124263E-02, 0.1371699022596E-02,-0.1086262664675E-02, 0.4875850357641E-02,-0.2848490198285E-03,-0.1795389171633E-02, 0.2300921314492E-02,-0.6675739376014E-03, 0.6018620366268E-02
 0.6269248413147E-02, 0.1127175477869E-02,-0.1313025183688E-02, 0.4567652661092E-02,-0.4917129762647E-03,-0.1928980356520E-02, 0.2106036250521E-02,-0.8652751769695E-03, 0.5731568259367E-02
 0.6050220088710E-02, 0.9152320266331E-03,-0.1519829327407E-02, 0.4284908240611E-02,-0.7897091976432E-03,-0.2155827210242E-02, 0.1951518715743E-02,-0.1020269068569E-02, 0.5467643662590E-02
 0.6125243970929E-02, 0.9338766216868E-03,-0.1531761937146E-02, 0.4312586168735E-02,-0.7817808506530E-03,-0.2191305132300E-02, 0.2003196936382E-02,-0.9888905701922E-03, 0.5490818407753E-02
 0.5690594106842E-02, 0.6963005191635E-03,-0.1729034943057E-02, 0.3883845520344E-02,-0.1067090212494E-02,-0.2461883567970E-02, 0.1546535212544E-02,-0.1249454308715E-02, 0.5150183350288E-02
 0.5472982893525E-02, 0.5498540650602E-03,-0.1783226417036E-02, 0.3791230677320E-02,-0.1147192379090E-02,-0.2515935121803E-02, 0.1415670374483E-02,-0.1404358886722E-02, 0.5051094209639E-02
 0.5270120934070E-02, 0.3727960794282E-03,-0.1898351736727E-02, 0.3690051145276E-02,-0.1262193375898E-02,-0.2593495860152E-02, 0.1288313728656E-02,-0.1542764249664E-02, 0.4880585196113E-02
 0.5111969280068E-02, 0.1606582638053E-03,-0.2145316953340E-02, 0.3519925148897E-02,-0.1467561495994E-02,-0.2761685983921E-02, 0.1131282962468E-02,-0.1632140007274E-02, 0.4555270897305E-02
-0.2619407520106E-02, 0.1709385841714E-02,-0.1320865244582E-02, 0.5692202680209E-02,-0.4591924228311E-03,-0.2487158636131E-02, 0.2873007488617E-02,-0.6477391565452E-03, 0.7011743047636E-02
-0.2846870200495E-02, 0.1445630973496E-02,-0.1536277786805E-02, 0.5350361700702E-02,-0.4277867107262E-03,-0.2415473177315E-02, 0.2566177739138E-02,-0.9080731944313E-03, 0.6711987526700E-02
-0.2988364785119E-02, 0.1191800834286E-02,-0.1764508520461E-02, 0.5020188542187E-02,-0.6382231748460E-03,-0.2545085257995E-02, 0.2360113104133E-02,-0.1109838276654E-02, 0.6403400388310E-02
-0.3092557942551E-02, 0.9734994228250E-03,-0.1970661995160E-02, 0.4721094969816E-02,-0.9405890381364E-03,-0.2768792109321E-02, 0.2197554413567E-02,-0.1266540146280E-02, 0.6121238206917E-02
-0.3070190180331E-02, 0.9959410979160E-03,-0.1980285694871E-02, 0.4752266044630E-02,-0.9295127941650E-03,-0.2802977268244E-02, 0.2253796892860E-02,-0.1231817603498E-02, 0.6147330730912E-02
-0.3383706650138E-02, 0.7458987781177E-03,-0.2177155366121E-02, 0.4293793644107E-02,-0.1221457854013E-02,-0.3069679048514E-02, 0.1773918185599E-02,-0.1498777220017E-02, 0.5777215012916E-02
-0.3470634450399E-02, 0.5944133606147E-03,-0.2230042344978E-02, 0.4193535602670E-02,-0.1303999243837E-02,-0.3120874555617E-02, 0.1636727636004E-02,-0.1656172515695E-02, 0.5669161860146E-02
-0.3550673263314E-02, 0.4119361259633E-03,-0.2344394122619E-02, 0.4084538292565E-02,-0.1414824030949E-02,-0.3195210578240E-02, 0.1503375539272E-02,-0.1796403521859E-02, 0.5487329697966E-02
-0.3647979625144E-02, 0.1940657588768E-03,-0.2591489151445E-02, 0.3903550951581E-02,-0.1604091272374E-02,-0.3359666484269E-02, 0.1339426952858E-02,-0.1885958641971E-02, 0.5144405047202E-02
-0.2488277648046E-02, 0.1830164053558E-02,-0.1195426423623E-02, 0.5803073477456E-02,-0.3318637864617E-03,-0.2348420309482E-02, 0.2973493931151E-02,-0.6058258071490E-03, 0.7030590774997E-02
-0.2717186159695E-02, 0.1566547082258E-02,-0.1411440510322E-02, 0.5462683686563E-02,-0.3014211035305E-03,-0.2278047396064E-02, 0.2667281885739E-02,-0.8659504155042E-03, 0.6732443051190E-02
-0.2860709228459E-02, 0.1312306130924E-02,-0.1640806487312E-02, 0.5133579815263E-02,-0.5129120711279E-03,-0.2409298910449E-02, 0.2461228722189E-02,-0.1068025623390E-02, 0.6425069498996E-02
-0.2967087512868E-02, 0.1093286822937E-02,-0.1848335163932E-02, 0.4835229673025E-02,-0.8163572255076E-03,-0.2634730708367E-02, 0.2298382303817E-02,-0.1225297440954E-02, 0.6143806591382E-02
-0.2944732853890E-02, 0.1115863231351E-02,-0.1857908777815E-02, 0.4866673161360E-02,-0.8051872200172E-03,-0.2668871798352E-02, 0.2354743660206E-02,-0.1190582475996E-02, 0.6170321529538E-02
-0.3261372362741E-02, 0.8642956305281E-03,-0.2057123853418E-02, 0.4408661813623E-02,-0.1099192239628E-02,-0.2938358577735E-02, 0.1874501155864E-02,-0.1458414945715E-02, 0.5800958601775E-02
-0.3349372146945E-02, 0.7124013351735E-03,-0.2110842056265E-02, 0.4308416180504E-02,-0.1182628775250E-02,-0.2990557739140E-02, 0.1737146216187E-02,-0.1615982869493E-02, 0.5693223222499E-02
-0.3430705244728E-02, 0.5293966400765E-03,-0.2226157487825E-02, 0.4199346258159E-02,-0.1293896022800E-02,-0.3066085505077E-02, 0.1603489983225E-02,-0.1756541485608E-02, 0.5511722035670E-02
-0.3529942961642E-02, 0.3106480950054E-03,-0.2474606140581E-02, 0.4018314681380E-02,-0.1482857501944E-02,-0.3232245715586E-02, 0.1439013669867E-02,-0.1846829227611E-02, 0.5169286377859E-02
-0.2339115248692E-02, 0.1971310781667E-02,-0.1052516457833E-02, 0.5920637300514E-02,-0.1984026161230E-03,-0.2228918271752E-02, 0.3067560987471E-02,-0.5103315945471E-03, 0.7127670391942E-02
-0.2569486402862E-02, 0.1708189402422E-02,-0.1268867354979E-02, 0.5582224867864E-02,-0.1686997686219E-03,-0.2159656949054E-02, 0.2762395982728E-02,-0.7702580890252E-03, 0.6831665004530E-02
-0.2715037821471E-02, 0.1453827145044E-02,-0.1499161692692E-02, 0.5254624027360E-02,-0.3810374978889E-03,-0.2292263284780E-02, 0.2556693342200E-02,-0.9726527556606E-03, 0.6526011770878E-02
-0.2823617407963E-02, 0.1234300771659E-02,-0.1707919952699E-02, 0.4957349943835E-02,-0.6853920110671E-03,-0.2519113599130E-02, 0.2393813970658E-02,-0.1130529360893E-02, 0.6246033464758E-02
-0.2801244353287E-02, 0.1257030846599E-02,-0.1717441982538E-02, 0.4989123136458E-02,-0.6741287999770E-03,-0.2553198574598E-02, 0.2450325491502E-02,-0.1095793220289E-02, 0.6272996167660E-02
-0.3121252698365E-02, 0.1004062725375E-02,-0.1918910166496E-02, 0.4531842707057E-02,-0.9700562177286E-03,-0.2825051444496E-02, 0.1969968653621E-02,-0.1364783452906E-02, 0.5904392730210E-02
-0.3210421114759E-02, 0.8517625028185E-03,-0.1973477054635E-02, 0.4431667535108E-02,-0.1054377150664E-02,-0.2878134202220E-02, 0.1832506528830E-02,-0.1522721901804E-02, 0.5796888955603E-02
-0.3293145669248E-02, 0.6682397821771E-03,-0.2089773181969E-02, 0.4322577636817E-02,-0.1166069246650E-02,-0.2954709122515E-02, 0.1698603138264E-02,-0.1663793335330E-02, 0.5615746316496E-02
-0.3394418079806E-02, 0.4486682895936E-03,-0.2339559587274E-02, 0.4141597744206E-02,-0.1354666463174E-02,-0.3122338409785E-02, 0.1533697265727E-02,-0.1754941790508E-02, 0.5274077368181E-02
-0.2192217978735E-02, 0.2111204142728E-02,-0.9147463182886E-03, 0.6028480317735E-02,-0.7624783527978E-04,-0.2127837669117E-02, 0.3158616957415E-02,-0.3889658215465E-03, 0.7254287892992E-02
-0.2423910538445E-02, 0.1848763246115E-02,-0.1131221309855E-02, 0.5692214826725E-02,-0.4708052025878E-04,-0.2059490388566E-02, 0.2854650842581E-02,-0.6487199857298E-03, 0.6960565968244E-02
-0.2571295648440E-02, 0.1594489192503E-02,-0.1362205782881E-02, 0.5366277095630E-02,-0.2600330803886E-03,-0.2193174344601E-02, 0.2649464355804E-02,-0.8514097596192E-03, 0.6656806886187E-02
-0.2681878846925E-02, 0.1374655460418E-02,-0.1571964157365E-02, 0.5070217061765E-02,-0.5650713158213E-03,-0.2421143615830E-02, 0.2486705804451E-02,-0.1009855992483E-02, 0.6378261579536E-02
-0.2659473305301E-02, 0.1397528270049E-02,-0.1581438297660E-02, 0.5102309954555E-02,-0.5537280111720E-03,-0.2455167507608E-02, 0.2543357489449E-02,-0.9750851683790E-03, 0.6405632283754E-02
-0.2982661662189E-02, 0.1143402874931E-02,-0.1784860290694E-02, 0.4645929834988E-02,-0.8512680132030E-03,-0.2728954418307E-02, 0.2063065737473E-02,-0.1245301232207E-02, 0.6037816023317E-02
-0.3072945129700E-02, 0.9907512830220E-03,-0.1840195984809E-02, 0.4545870851647E-02,-0.9363572400072E-03,-0.2782785187560E-02, 0.1925531966675E-02,-0.1403696264390E-02, 0.5930498380081E-02
-0.3156988070530E-02, 0.8067841321891E-03,-0.1957372797268E-02, 0.4436817924816E-02,-0.1048439241064E-02,-0.2860242677101E-02, 0.1791430979745E-02,-0.1545345786665E-02, 0.5749724902716E-02
-0.3260164059727E-02, 0.5865274028231E-03,-0.2208327753099E-02, 0.4255983281851E-02,-0.1236763158005E-02,-0.3029084243139E-02, 0.1626194233241E-02,-0.1637354460439E-02, 0.5408951148186E-02
-0.2179955610472E-02, 0.2109788603844E-02,-0.9044749861694E-03, 0.6013873247671E-02,-0.7666512558205E-04,-0.2127971206701E-02, 0.3144634990240E-02,-0.3777035518584E-03, 0.7243653096598E-02
-0.2411752711355E-02, 0.1847388767509E-02,-0.1120993178800E-02, 0.5677976103745E-02,-0.4760068870885E-04,-0.2059711231925E-02, 0.2840796360487E-02,-0.6375103860209E-03, 0.6950186520736E-02
-0.2559291564637E-02, 0.1593218778827E-02,-0.1352047453268E-02, 0.5352463287304E-02,-0.2605533331999E-03,-0.2193443077739E-02, 0.2635797781986E-02,-0.8402579318292E-03, 0.6646877424646E-02
-0.2670038880299E-02, 0.1373527512230E-02,-0.1561882473788E-02, 0.5056856536329E-02,-0.5655314165703E-03,-0.2421431659473E-02, 0.2473275654748E-02,-0.9987550244706E-03, 0.6368886511869E-02
-0.2647667185452E-02, 0.1396218548292E-02,-0.1571390116385E-02, 0.5088616907584E-02,-0.5542857147196E-03,-0.2455469811139E-02, 0.2529688689026E-02,-0.9640355115257E-03, 0.6395961941257E-02
-0.2971025738696E-02, 0.1142576643024E-02,-0.1774873409841E-02, 0.4633448182704E-02,-0.8515973300101E-03,-0.2729238692018E-02, 0.2050206354105E-02,-0.1234233191002E-02, 0.6029502050415E-02
-0.3061384761532E-02, 0.9900776197295E-03,-0.1830233065603E-02, 0.4533672870591E-02,-0.9365875132555E-03,-0.2783071949856E-02, 0.1912890415234E-02,-0.1392618887312E-02, 0.5922478271395E-02
-0.3145521394592E-02, 0.8063010759296E-03,-0.1947432066559E-02, 0.4424977561776E-02,-0.1048707458785E-02,-0.2860533415250E-02, 0.1779047325633E-02,-0.1534260038944E-02, 0.5742134355029E-02
-0.3248836048727E-02, 0.5863006655913E-03,-0.2198417827737E-02, 0.4244707826385E-02,-0.1237325875048E-02,-0.3029379373085E-02, 0.1614172366531E-02,-0.1626274930870E-02, 0.5402145972456E-02
-0.1986409453782E-02, 0.2300743230454E-02,-0.7450694022531E-03, 0.6149348608072E-02, 0.6438686406076E-04,-0.1977681353833E-02, 0.3345328837537E-02,-0.1794568055780E-03, 0.7401360525487E-02
-0.2219688920651E-02, 0.2039526752602E-02,-0.9613625065707E-03, 0.5816459405613E-02, 0.9302045979799E-04,-0.1910583136290E-02, 0.3043106100779E-02,-0.4390015316319E-03, 0.7111055252890E-02
-0.2369379341383E-02, 0.1785737650875E-02,-0.1192887202795E-02, 0.5493233469294E-02,-0.1203692136424E-03,-0.2045620375152E-02, 0.2838755130348E-02,-0.6420737272121E-03, 0.6810274376009E-02
-0.2482521232818E-02, 0.1565843823757E-02,-0.1403621998015E-02, 0.5199236957064E-02,-0.4258751669391E-03,-0.2274956363914E-02, 0.2676295534331E-02,-0.8012737361682E-03, 0.6534092543269E-02
-0.2460078074289E-02, 0.1588849847111E-02,-0.1413032213574E-02, 0.5231670058266E-02,-0.4144612357778E-03,-0.2308871486423E-02, 0.2733032396103E-02,-0.7664540039673E-03, 0.6561899503764E-02
-0.2787321495154E-02, 0.1333613587272E-02,-0.1618635913795E-02, 0.4777196836657E-02,-0.7136079558171E-03,-0.2585177765127E-02, 0.2253128897875E-02,-0.1038458569608E-02, 0.6195824603926E-02
-0.2879073404394E-02, 0.1180629358994E-02,-0.1674880219450E-02, 0.4677458111187E-02,-0.7994640401944E-03,-0.2640035695820E-02, 0.2115471788925E-02,-0.1197577587440E-02, 0.6088905585655E-02
-0.2964852937996E-02, 0.9962507756431E-03,-0.1793050160190E-02, 0.4568667213950E-02,-0.9121516958397E-03,-0.2718684583909E-02, 0.1981094623456E-02,-0.1340099356728E-02, 0.5908834440420E-02
-0.3070504925193E-02, 0.7753666259334E-03,-0.2045221288447E-02, 0.4388394348756E-02,-0.1100799756235E-02,-0.2889094032400E-02, 0.1815494254438E-02,-0.1433312640511E-02, 0.5569639597300E-02
-0.1926943645262E-02, 0.2344715034653E-02,-0.7053200283460E-03, 0.6195665861211E-02, 0.1197181101504E-03,-0.1900232343420E-02, 0.3408683706934E-02,-0.1340726854486E-03, 0.7435280818404E-02
-0.2160550162845E-02, 0.2084034174450E-02,-0.9213853718156E-03, 0.5863856209549E-02, 0.1481536217175E-03,-0.1833560249519E-02, 0.3107099571238E-02,-0.3932990954059E-03, 0.7146158503560E-02
-0.2310805238577E-02, 0.1830600045444E-02,-0.1152868141026E-02, 0.5541658412949E-02,-0.6530170707595E-04,-0.1969102017243E-02, 0.2903136992850E-02,-0.5962536480153E-03, 0.6846486327062E-02
-0.2424604187981E-02, 0.1610902449994E-02,-0.1363694814722E-02, 0.5248548592265E-02,-0.3708422387806E-03,-0.2198975903106E-02, 0.2740910163925E-02,-0.7554734005526E-03, 0.6571246618474E-02
-0.2402155206975E-02, 0.1633903439315E-02,-0.1373088636137E-02, 0.5281011308538E-02,-0.3594311722173E-03,-0.2232853879739E-02, 0.2797609087449E-02,-0.7206723222007E-03, 0.6599139885039E-02
-0.2730414969909E-02, 0.1378676069217E-02,-0.1579085790543E-02, 0.4827497362062E-02,-0.6589563611262E-03,-0.2510193055307E-02, 0.2318120523074E-02,-0.9928567345144E-03, 0.6233993923277E-02
-0.2822555876824E-02, 0.1225706115609E-02,-0.1635523953796E-02, 0.4727899419476E-02,-0.7451013423914E-03,-0.2565478506953E-02, 0.2180480437477E-02,-0.1152038992231E-02, 0.6127274679179E-02
-0.2908800928352E-02, 0.1041342515861E-02,-0.1753876070275E-02, 0.4619264200668E-02,-0.8577584842139E-03,-0.2644617678806E-02, 0.2046092196972E-02,-0.1294670900929E-02, 0.5947535342088E-02
-0.3015110474981E-02, 0.8204684169774E-03,-0.2006206267228E-02, 0.4439349912214E-02,-0.1045767946965E-02,-0.2815662423246E-02, 0.1880517317961E-02,-0.1388094403478E-02, 0.5609057290508E-02
-0.1863871287481E-02, 0.2395982993306E-02,-0.6481860871076E-03, 0.6264481817695E-02, 0.1978561616617E-03,-0.1816532883394E-02, 0.3472994210395E-02,-0.7978204324543E-04, 0.7482560512481E-02
-0.2097781964842E-02, 0.2135952630836E-02,-0.8640033711676E-03, 0.5933843658793E-02, 0.2260511296270E-03,-0.1750293184776E-02, 0.3172203832367E-02,-0.3386195727252E-03, 0.7194832146242E-02
-0.2248628761805E-02, 0.1882938416189E-02,-0.1095465856615E-02, 0.5612799161025E-02, 0.1246921090676E-04,-0.1886357277017E-02, 0.2968722943880E-02,-0.5414192782537E-03, 0.6896421380292E-02
-0.2363135674284E-02, 0.1663462447993E-02,-0.1306434983587E-02, 0.5320691468483E-02,-0.2931813035541E-03,-0.2116795589720E-02, 0.2806778195136E-02,-0.7006485012895E-03, 0.6622217428706E-02
-0.2340679454924E-02, 0.1686486337529E-02,-0.1315804611523E-02, 0.5353242497956E-02,-0.2817588247744E-03,-0.2150629682706E-02, 0.2863475641975E-02,-0.6658591622565E-03, 0.6650269825637E-02
-0.2670025829440E-02, 0.1431213645471E-02,-0.1522338922658E-02, 0.4900659075427E-02,-0.5818549559182E-03,-0.2429076594922E-02, 0.2384403717676E-02,-0.9382648657171E-03, 0.6285986824912E-02
-0.2762583313394E-02, 0.1278236902672E-02,-0.1579040300963E-02, 0.4801161482827E-02,-0.6684532151879E-03,-0.2484824758541E-02, 0.2246777738631E-02,-0.1097535653876E-02, 0.6179452226547E-02
-0.2849331533851E-02, 0.1093859610643E-02,-0.1697655842590E-02, 0.4692630791892E-02,-0.7809479300210E-03,-0.2564494738785E-02, 0.2112365868239E-02,-0.1240308840461E-02, 0.6000031402946E-02
-0.2956357340000E-02, 0.8729575282309E-03,-0.1950246465645E-02, 0.4513032876907E-02,-0.9676307255463E-03,-0.2736224067612E-02, 0.1946798058151E-02,-0.1333979921319E-02, 0.5662269333415E-02
-0.1772768241515E-02, 0.2485418092085E-02,-0.5380846109845E-03, 0.6379728951051E-02, 0.3233991744513E-03,-0.1723080562928E-02, 0.3553977608799E-02, 0.1978020651413E-04, 0.7573027170254E-02
-0.2007176220946E-02, 0.2226277563358E-02,-0.7536867217635E-03, 0.6050727480077E-02, 0.3512449070732E-03,-0.1657383438903E-02, 0.3254369056488E-02,-0.2386517533376E-03, 0.7287324670770E-02
-0.2158956105234E-02, 0.1973740662552E-02,-0.9853228184422E-03, 0.5731219188429E-02, 0.1373533122713E-03,-0.1794087054330E-02, 0.3051547812220E-02,-0.4413859315004E-03, 0.6990632759259E-02
-0.2274571208974E-02, 0.1754417624290E-02,-0.1196721070540E-02, 0.5440388172707E-02,-0.1686387828170E-03,-0.2025208951743E-02, 0.2889929796852E-02,-0.6007852193725E-03, 0.6717748228565E-02
-0.2252098780486E-02, 0.1777549119424E-02,-0.1206045072048E-02, 0.5473200481674E-02,-0.1571608184688E-03,-0.2058978750610E-02, 0.2946729838057E-02,-0.5659739652822E-03, 0.6746153109416E-02
-0.2583160333191E-02, 0.1521854073881E-02,-0.1413716719068E-02, 0.5021494355435E-02,-0.4583771653040E-03,-0.2338777762666E-02, 0.2467967136234E-02,-0.8390306898363E-03, 0.6382588481018E-02
-0.2676355269672E-02, 0.1368743383702E-02,-0.1470932912053E-02, 0.4922036028274E-02,-0.5457636354816E-03,-0.2395093252425E-02, 0.2330310813123E-02,-0.9985836433839E-03, 0.6276211822771E-02
-0.2763873937540E-02, 0.1184191866663E-02,-0.1590111259494E-02, 0.4813508019925E-02,-0.6580317458428E-03,-0.2475417666913E-02, 0.2195789834743E-02,-0.1141715592238E-02, 0.6097095925978E-02
-0.2872008948148E-02, 0.9630333601066E-03,-0.1843364192870E-02, 0.4634113778758E-02,-0.8425840870584E-03,-0.2647992157529E-02, 0.2030093206044E-02,-0.1235895673723E-02, 0.5760084753968E-02
-0.2486199880876E-02, 0.2696974995300E-02,-0.8818164156728E-03, 0.7019583658062E-02, 0.2949638902181E-03,-0.2259634947903E-02, 0.3960780929657E-02,-0.1077308358100E-03,-0.1611485197469E-02
-0.2718812226126E-02, 0.2421708600143E-02,-0.1103732936925E-02, 0.6656715157854E-02, 0.3201296397438E-03,-0.2189744624022E-02, 0.3641093617094E-02,-0.3758902199080E-03,-0.1819662313153E-02
-0.2864142137385E-02, 0.2157294481412E-02,-0.1338293870266E-02, 0.6312251130506E-02, 0.1005063530647E-03,-0.2323555415903E-02, 0.3424760024588E-02,-0.5841355617409E-03,-0.2024527224165E-02
-0.2971659204002E-02, 0.1929271150039E-02,-0.1550408380585E-02, 0.6002582284763E-02,-0.2120223889687E-03,-0.2552641423091E-02, 0.3253069886589E-02,-0.7465362051625E-03,-0.2199493374113E-02
-0.2946763170929E-02, 0.1956274512542E-02,-0.1557126762959E-02, 0.6038647470082E-02,-0.1972506252606E-03,-0.2584822328326E-02, 0.3314545879635E-02,-0.7080649967325E-03,-0.2202913888376E-02
-0.3271133160698E-02, 0.1684550893104E-02,-0.1766934791696E-02, 0.5553192973075E-02,-0.5082619156956E-03,-0.2862935481563E-02, 0.2808778911905E-02,-0.9900807721857E-03,-0.2353383165251E-02
-0.3361062949952E-02, 0.1525003709561E-02,-0.1823666058934E-02, 0.5444744144676E-02,-0.5996386988603E-03,-0.2917039995081E-02, 0.2663491384084E-02,-0.1153066063213E-02,-0.2467741952789E-02
-0.3444239569515E-02, 0.1333500122328E-02,-0.1943028510153E-02, 0.5326997022368E-02,-0.7072657253816E-03,-0.2994868140621E-02, 0.2521639325460E-02,-0.1298994488907E-02,-0.2608021071427E-02
-0.3545501736667E-02, 0.1104666356176E-02,-0.2197761502500E-02, 0.5134854971996E-02,-0.8717021678766E-03,-0.3164733900061E-02, 0.2347370358170E-02,-0.1394466896507E-02,-0.2774953823506E-02
-0.2354133758196E-02, 0.2814837791901E-02,-0.7569493319591E-03, 0.7125432463375E-02, 0.4206902001155E-03,-0.2120230990573E-02, 0.4058134225424E-02,-0.6662724485506E-04,-0.1577764606205E-02
-0.2588113901702E-02, 0.2539994368488E-02,-0.9793358629752E-03, 0.6764398859712E-02, 0.4450460093390E-03,-0.2051608684005E-02, 0.3739361281276E-02,-0.3344715799009E-03,-0.1785833210332E-02
-0.2735408019462E-02, 0.2275455408451E-02,-0.1214894547409E-02, 0.6421362104970E-02, 0.2245830684034E-03,-0.2186981108335E-02, 0.3523297108606E-02,-0.5429223007186E-03,-0.1990974291484E-02
-0.2845056021950E-02, 0.2046975878586E-02,-0.1428254984194E-02, 0.6112765113295E-02,-0.8880028532679E-04,-0.2417702717661E-02, 0.3351544585096E-02,-0.7057960491655E-03,-0.2166435343068E-02
-0.2820172708330E-02, 0.2074147226177E-02,-0.1434909539025E-02, 0.6149215099648E-02,-0.7390934245604E-04,-0.2449826935437E-02, 0.3413160947351E-02,-0.6673128363371E-03,-0.2169873324114E-02
-0.3147573323005E-02, 0.1801214976570E-02,-0.1646899510565E-02, 0.5664662075732E-02,-0.3867348817135E-03,-0.2730611307678E-02, 0.2907385996287E-02,-0.9500791963746E-03,-0.2321307331148E-02
-0.3238546216279E-02, 0.1641390669747E-02,-0.1704406144710E-02, 0.5556366847446E-02,-0.4789041586102E-03,-0.2785686775143E-02, 0.2762057122925E-02,-0.1113193951165E-02,-0.2435878083531E-02
-0.3322987905044E-02, 0.1449505352301E-02,-0.1824663286954E-02, 0.5438693146027E-02,-0.5869253122753E-03,-0.2864667776999E-02, 0.2620026141154E-02,-0.1259403448570E-02,-0.2576443754877E-02
-0.3426142864546E-02, 0.1219985194171E-02,-0.2080641632894E-02, 0.5246728971380E-02,-0.7510862609335E-03,-0.3036172877811E-02, 0.2445391259146E-02,-0.1355542154956E-02,-0.2743933155238E-02
-0.2203597233429E-02, 0.2953195989679E-02,-0.6143220693511E-03, 0.7238324831309E-02, 0.5528980686734E-03,-0.1999935301510E-02, 0.4149698146967E-02, 0.2826577214427E-04,-0.1463205635266E-02
-0.2438946271575E-02, 0.2679174866072E-02,-0.8368938010163E-03, 0.6879668974802E-02, 0.5766943861709E-03,-0.1932357763717E-02, 0.3832274181023E-02,-0.2392278717851E-03,-0.1671378911211E-02
-0.2588187682204E-02, 0.2414834591353E-02,-0.1073222692924E-02, 0.6538513383628E-02, 0.3556199455225E-03,-0.2068997125360E-02, 0.3616817453630E-02,-0.4478579443602E-03,-0.1877062932491E-02
-0.2699967173785E-02, 0.2186135398285E-02,-0.1287665238383E-02, 0.6231333043872E-02, 0.4156624089911E-04,-0.2301045860691E-02, 0.3445251246107E-02,-0.6112135680769E-03,-0.2053313583121E-02
-0.2675070489418E-02, 0.2213505278189E-02,-0.1294255238551E-02, 0.6268189383528E-02, 0.5658280186757E-04,-0.2333106346246E-02, 0.3507064716474E-02,-0.5726957162567E-03,-0.2056692591378E-02
-0.3005723233680E-02, 0.1939501188169E-02,-0.1508317263191E-02, 0.5784798062949E-02,-0.2579129835903E-03,-0.2616141349411E-02, 0.3001483515932E-02,-0.8564579589186E-03,-0.2209738308480E-02
-0.3097835364833E-02, 0.1779416143672E-02,-0.1566614738706E-02, 0.5676725643317E-02,-0.3508627532784E-03,-0.2672070346535E-02, 0.2856162549340E-02,-0.1019877008952E-02,-0.2324917771843E-02
-0.3183637562821E-02, 0.1587171841342E-02,-0.1687778625810E-02, 0.5559185900880E-02,-0.4592565393601E-03,-0.2752062810186E-02, 0.2713998395413E-02,-0.1166533279468E-02,-0.2466187919243E-02
-0.3288780327167E-02, 0.1357032807525E-02,-0.1944973001639E-02, 0.5367480808119E-02,-0.6230722754089E-03,-0.2924975713878E-02, 0.2539077214402E-02,-0.1263456258521E-02,-0.2634633213367E-02
-0.2055199088267E-02, 0.3090570218114E-02,-0.4766610110379E-03, 0.7342116048406E-02, 0.6740891484502E-03,-0.1898043913998E-02, 0.4238623639269E-02, 0.1491705537331E-03,-0.1319382351458E-02
-0.2291774420723E-02, 0.2817551945005E-02,-0.6992078141774E-03, 0.6985980400259E-02, 0.6975318741303E-03,-0.1831307609759E-02, 0.3922690382043E-02,-0.1179822324799E-03,-0.1527705154925E-02
-0.2442765850805E-02, 0.2553614060594E-02,-0.9360711644473E-03, 0.6646843386295E-02, 0.4760689575071E-03,-0.1968937888417E-02, 0.3707994749140E-02,-0.3267566344500E-03,-0.1733965311425E-02
-0.2556476354705E-02, 0.2324888157478E-02,-0.1151368940036E-02, 0.6341194345689E-02, 0.1615571602231E-03,-0.2202019380255E-02, 0.3536756140725E-02,-0.4905520900331E-03,-0.1911037148856E-02
-0.2531554780595E-02, 0.2352446280384E-02,-0.1157900659710E-02, 0.6378418724980E-02, 0.1766859121080E-03,-0.2234014996459E-02, 0.3598762470564E-02,-0.4519925755880E-03,-0.1914325224461E-02
-0.2865266488729E-02, 0.2077598665517E-02,-0.1373739279924E-02, 0.5896317541254E-02,-0.1391860297568E-03,-0.2518874524602E-02, 0.3093527598015E-02,-0.7368039134617E-03,-0.2069113178111E-02
-0.2958465311716E-02, 0.1917303382359E-02,-0.1432751153584E-02, 0.5788505285377E-02,-0.2328084773564E-03,-0.2575524518349E-02, 0.2948242052160E-02,-0.9006032910703E-03,-0.2185025480008E-02
-0.3045555527519E-02, 0.1724769128017E-02,-0.1554725138144E-02, 0.5671147663605E-02,-0.3415421972211E-03,-0.2656367463703E-02, 0.2805985072319E-02,-0.1047763541498E-02,-0.2327123111032E-02
-0.3152553802764E-02, 0.1494141942691E-02,-0.1812969464921E-02, 0.5479772578347E-02,-0.5050952172449E-03,-0.2830436863582E-02, 0.2630863720254E-02,-0.1145468586410E-02,-0.2496607924395E-02
-0.2044023169728E-02, 0.3086332696843E-02,-0.4681085408389E-03, 0.7324162257690E-02, 0.6713607342353E-03,-0.1899510533523E-02, 0.4221805958033E-02, 0.1585064410061E-03,-0.1302924752983E-02
-0.2280697609906E-02, 0.2813399552457E-02,-0.6906916010898E-03, 0.6968476788246E-02, 0.6947180970439E-03,-0.1832862498842E-02, 0.3906042349870E-02,-0.1086833851585E-03,-0.1511280914756E-02
-0.2431838362016E-02, 0.2549636807668E-02,-0.9276042713845E-03, 0.6629852928186E-02, 0.4733005536319E-03,-0.1970535742072E-02, 0.3691605425459E-02,-0.3174887439195E-03,-0.1717605786050E-02
-0.2545708397640E-02, 0.2321135681666E-02,-0.1142950680698E-02, 0.6324758109457E-02, 0.1589073179652E-03,-0.2203627349057E-02, 0.3520685835565E-02,-0.4813017888973E-03,-0.1894764608376E-02
-0.2520813080857E-02, 0.2348461269416E-02,-0.1149531299714E-02, 0.6361677213375E-02, 0.1739040855799E-03,-0.2235639921075E-02, 0.3582385815566E-02,-0.4428173000043E-03,-0.1898026825286E-02
-0.2854688205753E-02, 0.2074283162780E-02,-0.1365361232281E-02, 0.5881025323799E-02,-0.1416093742682E-03,-0.2520453997673E-02, 0.3078161262381E-02,-0.7275195519839E-03,-0.2053045072160E-02
-0.2947946027394E-02, 0.1914187825087E-02,-0.1424374508389E-02, 0.5773529641700E-02,-0.2350899029013E-03,-0.2577091757456E-02, 0.2933139762151E-02,-0.8912786055690E-03,-0.2169022907853E-02
-0.3035112272738E-02, 0.1721905672402E-02,-0.1546341816316E-02, 0.5656579251690E-02,-0.3438502752451E-03,-0.2657921918410E-02, 0.2791200278473E-02,-0.1038395359199E-02,-0.2311178877879E-02
-0.3142234300773E-02, 0.1491631132602E-02,-0.1804574679767E-02, 0.5465897767472E-02,-0.5077392828246E-03,-0.2831976563675E-02, 0.2616533930581E-02,-0.1136063001888E-02,-0.2480727781087E-02
-0.1847253063524E-02, 0.3276449284876E-02,-0.3071430400534E-03, 0.7457816176251E-02, 0.8134275518941E-03,-0.1746658176747E-02, 0.4421163116084E-02, 0.3579047648594E-03,-0.1150239112455E-02
-0.2085278396759E-02, 0.3005103255354E-02,-0.5293083183781E-03, 0.7105546770828E-02, 0.8366025989948E-03,-0.1681072587241E-02, 0.4107464950744E-02, 0.9122229202256E-04,-0.1358322227412E-02
-0.2238456606362E-02, 0.2742101980000E-02,-0.7665005160613E-03, 0.6769593242923E-02, 0.6150112784124E-03,-0.1819931338387E-02, 0.3894014949527E-02,-0.1176997211109E-03,-0.1564899940032E-02
-0.2354623584593E-02, 0.2513727187712E-02,-0.9825758732874E-03, 0.6466430139828E-02, 0.3003320602221E-03,-0.2054251661285E-02, 0.3723425715190E-02,-0.2820454556240E-03,-0.1742656475702E-02
-0.2329675958819E-02, 0.2541467582553E-02,-0.9890378596150E-03, 0.6504036193632E-02, 0.3155654479309E-03,-0.2086137757908E-02, 0.3785561067876E-02,-0.2434439888718E-03,-0.1745844725265E-02
-0.2667267415967E-02, 0.2265983967921E-02,-0.1206801027106E-02, 0.6024373397233E-02,-0.1576188680870E-05,-0.2373345946725E-02, 0.3281279958191E-02,-0.5297448131217E-03,-0.1902442917738E-02
-0.2761887264867E-02, 0.2105556158112E-02,-0.1266644696631E-02, 0.5917066120401E-02,-0.9583729170726E-04,-0.2430979899612E-02, 0.3136060842344E-02,-0.6941377462858E-03,-0.2019102805030E-02
-0.2850664316370E-02, 0.1912834248525E-02,-0.1389514128944E-02, 0.5800167719379E-02,-0.2051079676120E-03,-0.2512962525797E-02, 0.2993717630414E-02,-0.8420435985387E-03,-0.2162044762904E-02
-0.2960067505822E-02, 0.1681875764280E-02,-0.1648813099830E-02, 0.5609624303794E-02,-0.3689919067662E-03,-0.2688511925172E-02, 0.2818480369013E-02,-0.9408254319895E-03,-0.2332597011160E-02
-0.1787227435574E-02, 0.3319174379469E-02,-0.2675813242100E-03, 0.7501887151476E-02, 0.8680357002586E-03,-0.1668718985612E-02, 0.4482793069852E-02, 0.4029375964364E-03,-0.1107927958900E-02
-0.2025539385854E-02, 0.3048492868101E-02,-0.4894619802053E-03, 0.7150867886420E-02, 0.8910916017557E-03,-0.1603541431292E-02, 0.4169897409926E-02, 0.1366413908658E-03,-0.1315752684073E-02
-0.2179246041657E-02, 0.2785984674980E-02,-0.7265501301000E-03, 0.6816105572849E-02, 0.6695479601554E-03,-0.1742860494499E-02, 0.3956981775371E-02,-0.7209576984594E-04,-0.1522230453008E-02
-0.2296037780287E-02, 0.2557936693570E-02,-0.9426573804529E-03, 0.6513980088873E-02, 0.3549537030549E-03,-0.1977664167295E-02, 0.3786755646311E-02,-0.2363993203655E-03,-0.1700013536594E-02
-0.2271090959782E-02, 0.2585677882066E-02,-0.9491065053787E-03, 0.6551647650550E-02, 0.3701854051857E-03,-0.2009514882341E-02, 0.3848849513200E-02,-0.1978220906423E-03,-0.1703175442899E-02
-0.2609638015240E-02, 0.2310368939752E-02,-0.1167175608769E-02, 0.6073159122144E-02, 0.5280905274174E-04,-0.2297677309899E-02, 0.3345209825168E-02,-0.4842073294943E-03,-0.1860104731262E-02
-0.2704629915294E-02, 0.2150013910629E-02,-0.1227187717656E-02, 0.5966053195379E-02,-0.4169152253595E-04,-0.2355719900006E-02, 0.3200076058087E-02,-0.6486291672972E-03,-0.1976890036253E-02
-0.2793853996515E-02, 0.1957374498606E-02,-0.1350208417904E-02, 0.5849379634627E-02,-0.1508992287876E-03,-0.2438168418199E-02, 0.3057793755793E-02,-0.7966089776602E-03,-0.2119971606068E-02
-0.2903888503488E-02, 0.1726522992614E-02,-0.1609617655667E-02, 0.5659310436099E-02,-0.3141302891833E-03,-0.2614309301142E-02, 0.2882681945134E-02,-0.8955563233844E-03,-0.2290701785495E-02
-0.1723380367522E-02, 0.3369438792934E-02,-0.2104065640531E-03, 0.7568297455428E-02, 0.9456084491757E-03,-0.1584292175282E-02, 0.4545741064232E-02, 0.4571093090712E-03,-0.1054525967627E-02
-0.1961951272766E-02, 0.3099552787484E-02,-0.4319692078410E-03, 0.7218650401189E-02, 0.9685103041645E-03,-0.1519522550229E-02, 0.4233809160005E-02, 0.1912821032113E-03,-0.1262055891919E-02
-0.2116207830824E-02, 0.2837613725146E-02,-0.6689619494664E-03, 0.6885232647589E-02, 0.7469751282324E-03,-0.1659313300503E-02, 0.4021523757291E-02,-0.1722397529105E-04,-0.1468426627069E-02
-0.2233669810168E-02, 0.2609924988066E-02,-0.8851404404107E-03, 0.6584283394804E-02, 0.4324160241989E-03,-0.1894621239819E-02, 0.3851709577456E-02,-0.1814688043491E-03,-0.1646250426648E-02
-0.2208724975154E-02, 0.2637705118079E-02,-0.8915671873985E-03, 0.6622076927523E-02, 0.4476656349109E-03,-0.1926430396790E-02, 0.3913812333387E-02,-0.1429064409200E-03,-0.1649377856310E-02
-0.2548289106596E-02, 0.2362512018264E-02,-0.1110077276183E-02, 0.6144747192376E-02, 0.1298784431069E-03,-0.2215615940438E-02, 0.3410793771882E-02,-0.4294142257854E-03,-0.1806706233365E-02
-0.2643681626055E-02, 0.2202210765289E-02,-0.1170325424654E-02, 0.6037816255014E-02, 0.3498016672160E-04,-0.2274102594824E-02, 0.3265739278136E-02,-0.5938881998227E-03,-0.1923661356418E-02
-0.2733391169217E-02, 0.2009625852596E-02,-0.1293574690333E-02, 0.5921326365510E-02,-0.7402416491170E-04,-0.2357057540660E-02, 0.3123500543751E-02,-0.7419717333286E-03,-0.2066932856722E-02
-0.2844114068237E-02, 0.1778841919436E-02,-0.1553186045833E-02, 0.5731689727831E-02,-0.2358993503094E-03,-0.2533837344494E-02, 0.2948487683727E-02,-0.8411213642449E-03,-0.2237894407366E-02
-0.1630872087083E-02, 0.3458004233817E-02,-0.9981034152309E-04, 0.7680691129002E-02, 0.1070899775738E-02,-0.1489635192617E-02, 0.4625815522003E-02, 0.5569412005502E-03,-0.9605847773746E-03
-0.1869872730319E-02, 0.3189228764694E-02,-0.3210434707783E-03, 0.7332971399363E-02, 0.1093579160793E-02,-0.1425356972559E-02, 0.4315287081736E-02, 0.2916522208895E-03,-0.1167825454131E-02
-0.2024999210508E-02, 0.2927979529251E-02,-0.5580901590403E-03, 0.7001366824948E-02, 0.8719278867485E-03,-0.1565716278253E-02, 0.4103843899517E-02, 0.8332879772362E-04,-0.1374206108693E-02
-0.2143512759497E-02, 0.2700631167304E-02,-0.7745871974851E-03, 0.6701939049299E-02, 0.5572324359709E-03,-0.1801633120995E-02, 0.3934507936699E-02,-0.8098703103311E-04,-0.1552253319003E-02
-0.2118565059814E-02, 0.2728562168755E-02,-0.7809639099609E-03, 0.6740036028299E-02, 0.5725612467876E-03,-0.1833380221910E-02, 0.3996760736248E-02,-0.4240052852089E-04,-0.1555320253716E-02
-0.2459745991269E-02, 0.2453135623155E-02,-0.1000479489627E-02, 0.6263860468458E-02, 0.2538549336791E-03,-0.2123819462809E-02, 0.3494245514691E-02,-0.3294277536625E-03,-0.1713453718628E-02
-0.2555758355475E-02, 0.2292785366380E-02,-0.1061205707354E-02, 0.6157083959065E-02, 0.1582421279567E-03,-0.2182853850003E-02, 0.3349233595396E-02,-0.4941284557963E-03,-0.1830780547874E-02
-0.2646218811036E-02, 0.2100117793514E-02,-0.1184967037054E-02, 0.6040708080072E-02, 0.4952115579477E-04,-0.2266438135044E-02, 0.3206956068055E-02,-0.6425172226537E-03,-0.1974471311866E-02
-0.2758015552310E-02, 0.1869196159839E-02,-0.1445149776881E-02, 0.5851401913766E-02,-0.1101770803478E-03,-0.2444014133175E-02, 0.3031904080777E-02,-0.7421199323677E-03,-0.2145935646950E-02
-0.2254434968220E-02, 0.3796884973824E-02,-0.3367302939861E-03,-0.1773493563208E-02, 0.1159809082922E-02,-0.1932075567210E-02, 0.5159405024793E-02, 0.5389645050139E-03,-0.1472734547628E-02
-0.2493029985009E-02, 0.3509102432058E-02,-0.5659567822735E-03,-0.1987238904050E-02, 0.1177850705336E-02,-0.1864729386191E-02, 0.4825845371381E-02, 0.2621364712229E-03,-0.1685186010742E-02
-0.2642915825725E-02, 0.3233211236092E-02,-0.8075767752749E-03,-0.2213288078509E-02, 0.9481162368474E-03,-0.2003452696307E-02, 0.4598404936385E-02, 0.4669472198469E-04,-0.1894075946040E-02
-0.2754418947290E-02, 0.2994656300695E-02,-0.1026334631643E-02,-0.2421481454303E-02, 0.6245208010669E-03,-0.2238608994186E-02, 0.4416830229130E-02,-0.1220543617213E-03,-0.2072672768101E-02
-0.2726678261449E-02, 0.3026475809137E-02,-0.1029844361847E-02,-0.2434571154100E-02, 0.6432235148112E-03,-0.2268489632483E-02, 0.4483730224386E-02,-0.7952052183598E-04,-0.2073986921958E-02
-0.3063582860659E-02, 0.2731334870675E-02,-0.1254241369093E-02,-0.2663662280769E-02, 0.3114075220750E-03,-0.2559674539743E-02, 0.3950264035127E-02,-0.3782490086188E-03,-0.2232060730820E-02
-0.3157065485961E-02, 0.2563050726456E-02,-0.1315380237315E-02,-0.2688217233087E-02, 0.2101663464496E-03,-0.2617225864371E-02, 0.3796265102716E-02,-0.5474118774874E-03,-0.2349449537184E-02
-0.3243970894079E-02, 0.2361800561257E-02,-0.1440378593085E-02,-0.2748444790760E-02, 0.1065182826818E-03,-0.2699132338248E-02, 0.3645275041800E-02,-0.6996526677840E-03,-0.2493319260218E-02
-0.3349915837818E-02, 0.2121171573948E-02,-0.1703538302316E-02,-0.2919367138264E-02,-0.2899956727000E-04,-0.2875151047385E-02, 0.3459908423703E-02,-0.8017470478696E-03,-0.2664683174923E-02
-0.2121955452007E-02, 0.3911361447112E-02,-0.2129301334754E-03,-0.1643170338403E-02, 0.1283494807737E-02,-0.1792484826411E-02, 0.5253220018796E-02, 0.5789871197187E-03,-0.1438864174434E-02
-0.2361813320396E-02, 0.3624316434753E-02,-0.4424696280059E-03,-0.1857516182606E-02, 0.1300897392141E-02,-0.1726345916026E-02, 0.4920897517294E-02, 0.3025974418494E-03,-0.1651167118937E-02
-0.2513573985548E-02, 0.3348617127297E-02,-0.6849230246581E-03,-0.2084702271992E-02, 0.1070564469062E-02,-0.1866529878031E-02, 0.4694002371544E-02, 0.8707266672864E-04,-0.1860295095447E-02
-0.2627130967146E-02, 0.3109895060274E-02,-0.9047721383917E-03,-0.2294285145090E-02, 0.7463669326362E-03,-0.2103207216834E-02, 0.4512606309442E-02,-0.8203643628510E-04,-0.2039355935338E-02
-0.2599401322502E-02, 0.3141917924062E-02,-0.9082005380578E-03,-0.2307324456131E-02, 0.7652195456880E-03,-0.2133014851181E-02, 0.4579695636748E-02,-0.3946717192740E-04,-0.2040663536553E-02
-0.2939207958424E-02, 0.2845908789638E-02,-0.1134584776942E-02,-0.2538867396530E-02, 0.4318615962829E-03,-0.2426724042474E-02, 0.4046598347762E-02,-0.3388045485583E-03,-0.2199707530766E-02
-0.3033692948601E-02, 0.2677494336430E-02,-0.1196432305214E-02,-0.2564327480630E-02, 0.3299426350491E-03,-0.2485203471518E-02, 0.3892688216249E-02,-0.5080459378245E-03,-0.2317291550867E-02
-0.3121822152077E-02, 0.2476024165162E-02,-0.1322243054254E-02,-0.2625604360368E-02, 0.2259553773840E-03,-0.2568212348782E-02, 0.3741650409566E-02,-0.6605130564732E-03,-0.2461422796702E-02
-0.3229605481558E-02, 0.2234917146232E-02,-0.1586518835139E-02,-0.2797976153286E-02, 0.9068174749258E-04,-0.2745787252320E-02, 0.3556092246671E-02,-0.7631965349763E-03,-0.2633307576379E-02
-0.1970548559794E-02, 0.4046428201109E-02,-0.7110586623049E-04,-0.1509516685736E-02, 0.1414024510994E-02,-0.1671802773028E-02, 0.5341914543212E-02, 0.6728891079713E-03,-0.1323235005235E-02
-0.2211649832592E-02, 0.3760565651780E-02,-0.3006506068280E-03,-0.1724132198355E-02, 0.1431068658458E-02,-0.1606620964996E-02, 0.5011270175574E-02, 0.3970271045949E-03,-0.1535585477680E-02
-0.2365248863857E-02, 0.3485415798991E-02,-0.5436873708187E-03,-0.1952174918917E-02, 0.1200386008419E-02,-0.1747960771747E-02, 0.4785259298264E-02, 0.1814847012196E-03,-0.1745198675584E-02
-0.2480843212104E-02, 0.3246787644167E-02,-0.7644446171997E-03,-0.2162924097720E-02, 0.8757838380911E-03,-0.1985851113658E-02, 0.4604284442418E-02, 0.1203527456244E-04,-0.1924996564113E-02
-0.2453102201079E-02, 0.3279065235115E-02,-0.7677897220151E-03,-0.2175905124694E-02, 0.8948026649019E-03,-0.2015582392811E-02, 0.4671628129932E-02, 0.5465810944314E-04,-0.1926250150314E-02
-0.2796008093592E-02, 0.2982332434116E-02,-0.9960343931215E-03,-0.2409658831244E-02, 0.5600500454313E-03,-0.2311399084465E-02, 0.4139052919665E-02,-0.2454911417285E-03,-0.2086834273708E-02
-0.2891589395965E-02, 0.2813817972192E-02,-0.1058603256080E-02,-0.2435969527683E-02, 0.4574669032654E-03,-0.2370691510725E-02, 0.3985276246376E-02,-0.4149592319825E-03,-0.2205002639793E-02
-0.2981034548851E-02, 0.2612163577681E-02,-0.1185232785190E-02,-0.2498235319418E-02, 0.3531655527608E-03,-0.2454664904837E-02, 0.3834227750995E-02,-0.5677962437834E-03,-0.2349810739531E-02
-0.3090742009320E-02, 0.2370657729590E-02,-0.1450581492566E-02,-0.2671950863084E-02, 0.2182154605817E-03,-0.2633570772261E-02, 0.3648534022908E-02,-0.6711764272370E-03,-0.2522613617521E-02
-0.1821108541855E-02, 0.4180800999465E-02, 0.6595798808145E-04,-0.1388789217996E-02, 0.1533872891379E-02,-0.1569444623088E-02, 0.5428365730259E-02, 0.7928932972563E-03,-0.1177964990150E-02
-0.2063309486712E-02, 0.3896296435013E-02,-0.1633854078621E-03,-0.1603426964267E-02, 0.1550766260413E-02,-0.1505009795042E-02, 0.5099529951737E-02, 0.5175672363303E-03,-0.1390403440200E-02
-0.2218547591124E-02, 0.3621891860007E-02,-0.4067736153003E-03,-0.1832048549998E-02, 0.1319945975617E-02,-0.1647232175144E-02, 0.4874545649704E-02, 0.3020539777898E-03,-0.1600529622561E-02
-0.2335976827232E-02, 0.3383541681546E-02,-0.6282161725382E-03,-0.2043690711745E-02, 0.9951352049984E-03,-0.1886048974141E-02, 0.4694120899001E-02, 0.1323136248969E-03,-0.1781089606426E-02
-0.2308215480776E-02, 0.3416067944096E-02,-0.6314864193172E-03,-0.2056614372118E-02, 0.1014307045692E-02,-0.1915706699330E-02, 0.4761709868367E-02, 0.1749907328171E-03,-0.1782270160680E-02
-0.2654024583112E-02, 0.3118822142664E-02,-0.8613024896327E-03,-0.2292183709514E-02, 0.6784348783125E-03,-0.2213214671812E-02, 0.4229782350948E-02,-0.1260079508977E-03,-0.1944495255434E-02
-0.2750651139166E-02, 0.2950252941055E-02,-0.9245202297949E-03,-0.2319225063798E-02, 0.5752861123088E-03,-0.2273191371974E-02, 0.4076159658561E-02,-0.2957673853428E-03,-0.2063369773988E-02
-0.2841340689798E-02, 0.2748477327913E-02,-0.1051876077385E-02,-0.2382338144235E-02, 0.4707004432117E-03,-0.2357972929397E-02, 0.3925132873260E-02,-0.4490224883766E-03,-0.2208977664866E-02
-0.2952839141885E-02, 0.2506695210672E-02,-0.1318136322166E-02,-0.2557179317738E-02, 0.3359994950315E-03,-0.2537966061363E-02, 0.3739375634540E-02,-0.5530956881669E-03,-0.2382783110286E-02
-0.1811219690072E-02, 0.4173526117048E-02, 0.7256431873293E-04,-0.1379648831241E-02, 0.1528633580545E-02,-0.1572422265747E-02, 0.5408553800293E-02, 0.8000693307527E-03,-0.1162486393492E-02
-0.2053515043708E-02, 0.3889162219445E-02,-0.1568034704042E-03,-0.1594277301751E-02, 0.1545463741618E-02,-0.1508075426918E-02, 0.5079938346399E-02, 0.5247281320289E-03,-0.1374962892392E-02
-0.2208893943656E-02, 0.3615019661906E-02,-0.4002126206001E-03,-0.1822924958961E-02, 0.1314745267890E-02,-0.1650331410734E-02, 0.4855288728141E-02, 0.3092194356112E-03,-0.1585158246450E-02
-0.2326470720113E-02, 0.3376991712904E-02,-0.6216668065737E-03,-0.2034613914394E-02, 0.9901245385455E-03,-0.1889142705494E-02, 0.4675273061810E-02, 0.1395042369633E-03,-0.1765801654508E-02
-0.2298739583182E-02, 0.3409221963331E-02,-0.6250073758303E-03,-0.2047548423539E-02, 0.1009124075255E-02,-0.1918828688225E-02, 0.4742515734338E-02, 0.1820758311880E-03,-0.1766988603139E-02
-0.2644675223342E-02, 0.3112852714408E-02,-0.8547249847300E-03,-0.2283204166006E-02, 0.6737618297343E-03,-0.2216241181052E-02, 0.4211816050091E-02,-0.1187016851692E-03,-0.1929349427993E-02
-0.2741343408145E-02, 0.2944540870423E-02,-0.9179182503538E-03,-0.2310327626955E-02, 0.5708028538154E-03,-0.2276189184753E-02, 0.4058500422524E-02,-0.2883850448415E-03,-0.2048276865681E-02
-0.2832089662033E-02, 0.2743088761382E-02,-0.1045233112490E-02,-0.2373520437774E-02, 0.4662058141750E-03,-0.2360938509509E-02, 0.3907849456819E-02,-0.4415554239317E-03,-0.2193940794650E-02
-0.2943689570229E-02, 0.2501762360862E-02,-0.1311428680250E-02,-0.2548420443296E-02, 0.3311309737787E-03,-0.2540890763152E-02, 0.3722655210228E-02,-0.5455378877003E-03,-0.2367816807888E-02
-0.1611706129907E-02, 0.4362327783846E-02, 0.2346663792383E-03,-0.1251139288445E-02, 0.1671424478289E-02,-0.1417360897653E-02, 0.5606046621119E-02, 0.1000099588861E-02,-0.1006974222807E-02
-0.1855178081191E-02, 0.4079988107590E-02, 0.5940766945770E-05,-0.1465412798453E-02, 0.1688347495726E-02,-0.1353949846136E-02, 0.5279977279772E-02, 0.7255460142531E-03,-0.1219087589493E-02
-0.2012445114400E-02, 0.3807014585341E-02,-0.2375270054016E-03,-0.1694368887492E-02, 0.1457741676333E-02,-0.1497243701727E-02, 0.5056686359380E-02, 0.5101568664975E-03,-0.1429445361474E-02
-0.2132192748276E-02, 0.3569464633455E-02,-0.4595129306913E-03,-0.1906776522196E-02, 0.1133096073437E-02,-0.1737139744008E-02, 0.4877293866759E-02, 0.3401016603291E-03,-0.1610612739669E-02
-0.2104417577910E-02, 0.3602240363042E-02,-0.4627003763520E-03,-0.1919623452851E-02, 0.1152416284955E-02,-0.1766683374863E-02, 0.4945049738708E-02, 0.3828196477407E-03,-0.1611703960977E-02
-0.2453871892999E-02, 0.3304865106194E-02,-0.6941432116474E-03,-0.2157022295135E-02, 0.8156417304427E-03,-0.2066327506966E-02, 0.4414684192094E-02, 0.8067113169405E-04,-0.1775637118386E-02
-0.2551855757526E-02, 0.3136382107332E-02,-0.7581008052858E-03,-0.2184903361420E-02, 0.7119971977188E-03,-0.2127232120521E-02, 0.4261334490953E-02,-0.8953077119532E-04,-0.1895220058300E-02
-0.2644164625800E-02, 0.2934661957903E-02,-0.8862365115045E-03,-0.2248961296467E-02, 0.6069509069323E-03,-0.2213087075960E-02, 0.4110429688991E-02,-0.2433851840603E-03,-0.2041626767706E-02
-0.2757970104549E-02, 0.2692868412601E-02,-0.1153362688158E-02,-0.2424949661938E-02, 0.4719102201493E-03,-0.2394449763660E-02, 0.3924825892498E-02,-0.3483881700965E-03,-0.2216439698446E-02
-0.1551350752350E-02, 0.4403599993069E-02, 0.2738437530822E-03,-0.1196679005092E-02, 0.1725095452229E-02,-0.1339200266733E-02, 0.5665692990227E-02, 0.1044571869010E-02,-0.9642237601636E-03
-0.1795056128508E-02, 0.4122066189525E-02, 0.4547037303473E-04,-0.1410770673436E-02, 0.1741988414253E-02,-0.1276171950339E-02, 0.5340605383898E-02, 0.7704837028332E-03,-0.1176054471606E-02
-0.1952802641338E-02, 0.3849738529418E-02,-0.1978193363244E-03,-0.1639749314315E-02, 0.1511557603513E-02,-0.1419869273593E-02, 0.5118005552857E-02, 0.5553578058983E-03,-0.1386287103977E-02
-0.2073130680048E-02, 0.3612660153703E-02,-0.4197656956034E-03,-0.1852322675270E-02, 0.1187130928429E-02,-0.1660179588788E-02, 0.4939115456122E-02, 0.3854170029655E-03,-0.1567458205957E-02
-0.2045363481341E-02, 0.3645441316897E-02,-0.4229426102668E-03,-0.1865127248619E-02, 0.1206452517757E-02,-0.1689688706921E-02, 0.5006835521517E-02, 0.4281061270474E-03,-0.1568525590084E-02
-0.2395692891948E-02, 0.3348423819262E-02,-0.6545896463530E-03,-0.2103084547581E-02, 0.8696016189169E-03,-0.1990188604173E-02, 0.4477352301651E-02, 0.1259819781462E-03,-0.1732762013454E-02
-0.2494026757343E-02, 0.3180076914624E-02,-0.7186856100364E-03,-0.2131247867991E-02, 0.7657726885711E-03,-0.2051477992096E-02, 0.4324159934751E-02,-0.4420912981158E-04,-0.1852457571019E-02
-0.2586758591876E-02, 0.2978512761368E-02,-0.8469361298057E-03,-0.2195611492032E-02, 0.6608250484624E-03,-0.2137768335068E-02, 0.4173392434461E-02,-0.1980957346173E-03,-0.1998987383658E-02
-0.2701160492677E-02, 0.2736932791739E-02,-0.1114115128571E-02,-0.2371934455303E-02, 0.5264518040632E-03,-0.2319667909262E-02, 0.3988023845569E-02,-0.3032126611325E-03,-0.2173955315769E-02
-0.1486952590606E-02, 0.4452655398418E-02, 0.3308329745511E-03,-0.1121185264783E-02, 0.1801853221435E-02,-0.1254313272670E-02, 0.5727039390184E-02, 0.1098410683942E-02,-0.9101099554776E-03
-0.1730856906674E-02, 0.4172074768537E-02, 0.1028602830769E-03,-0.1335092325150E-02, 0.1818689229630E-02,-0.1191659507123E-02, 0.5403102287394E-02, 0.8248841255653E-03,-0.1121615821445E-02
-0.1889097446487E-02, 0.3900479456255E-02,-0.1402453794344E-03,-0.1564139575032E-02, 0.1588417727845E-02,-0.1335764267164E-02, 0.5181291480573E-02, 0.6100772972422E-03,-0.1331709813110E-02
-0.2010045410680E-02, 0.3663911444735E-02,-0.3621790378641E-03,-0.1776957584655E-02, 0.1264187959577E-02,-0.1576503744729E-02, 0.5002950290230E-02, 0.4402738289706E-03,-0.1512893394229E-02
-0.1982287742830E-02, 0.3696747184518E-02,-0.3653329202825E-03,-0.1789708529593E-02, 0.1283537888407E-02,-0.1605971087079E-02, 0.5070697953828E-02, 0.4829472578604E-03,-0.1513928673250E-02
-0.2333548414749E-02, 0.3400025256638E-02,-0.5973104420050E-03,-0.2028428164043E-02, 0.9464505975929E-03,-0.1907391620177E-02, 0.4542050041019E-02, 0.1808114925751E-03,-0.1678535179851E-02
-0.2432261130002E-02, 0.3231796436789E-02,-0.6616100552551E-03,-0.2056947454803E-02, 0.8422860947478E-03,-0.1969100886558E-02, 0.4389007572154E-02, 0.1061041488505E-04,-0.1798387538314E-02
-0.2525454402134E-02, 0.3030360195992E-02,-0.7900480432104E-03,-0.2121706087986E-02, 0.7375861763353E-03,-0.2055866716380E-02, 0.4238355591600E-02,-0.1433366673891E-03,-0.1945089095986E-02
-0.2640508042194E-02, 0.2788953831436E-02,-0.1057361231310E-02,-0.2298491569875E-02, 0.6045971916063E-03,-0.2238348867893E-02, 0.4053183137719E-02,-0.2486043029395E-03,-0.2120261019452E-02
-0.1393306642327E-02, 0.4540076988471E-02, 0.4415813402308E-03,-0.1001700634091E-02, 0.1926565292116E-02,-0.1158714527207E-02, 0.5805957882291E-02, 0.1198206367569E-02,-0.8147378417025E-03
-0.1637550588789E-02, 0.4260845594611E-02, 0.2140724656946E-03,-0.1215418107198E-02, 0.1943319714061E-02,-0.1096485566592E-02, 0.5483667369732E-02, 0.9253701832543E-03,-0.1025905086073E-02
-0.1796578105856E-02, 0.3990168812216E-02,-0.2894760093579E-04,-0.1444686916026E-02, 0.1713146158782E-02,-0.1241070844430E-02, 0.5262894773887E-02, 0.7108795069632E-03,-0.1235957277319E-02
-0.1918504553690E-02, 0.3754143312493E-02,-0.2510711975675E-03,-0.1657996193663E-02, 0.1389006588611E-02,-0.1482328215280E-02, 0.5085190749898E-02, 0.5411175884110E-03,-0.1417318646136E-02
-0.1890751703487E-02, 0.3787179279039E-02,-0.2541647357761E-03,-0.1670675781979E-02, 0.1408468443707E-02,-0.1511729804266E-02, 0.5153136598947E-02, 0.5838230178871E-03,-0.1418296936540E-02
-0.2243515682288E-02, 0.3490432845901E-02,-0.4869983324639E-03,-0.1910692687715E-02, 0.1070677252917E-02,-0.1814290654259E-02, 0.4625191038068E-02, 0.2813130233848E-03,-0.1583665839277E-02
-0.2342822059816E-02, 0.3322244097903E-02,-0.5517316127903E-03,-0.1939765753158E-02, 0.9658808786686E-03,-0.1876520822422E-02, 0.4472275034564E-02, 0.1109496232242E-03,-0.1703873115835E-02
-0.2436737440673E-02, 0.3120822490908E-02,-0.6806217724256E-03,-0.2005159074892E-02, 0.8615250754735E-03,-0.1963882968636E-02, 0.4321662300357E-02,-0.4324116767950E-04,-0.1850969694708E-02
-0.2552818170743E-02, 0.2879410138022E-02,-0.9484016144124E-03,-0.2182750435930E-02, 0.7307561248231E-03,-0.2147101602100E-02, 0.4136538361212E-02,-0.1488993335600E-03,-0.2026605712641E-02
-0.1921184411267E-02, 0.5009112778307E-02, 0.3165004782159E-03,-0.1634416281487E-02, 0.2135948614247E-02,-0.1501443488402E-02, 0.6468921913985E-02, 0.1293964367099E-02,-0.1238066284414E-02
-0.2166636623808E-02, 0.4707806224891E-02, 0.7912867879321E-04,-0.1852477543732E-02, 0.2145947960135E-02,-0.1437424658512E-02, 0.6120459166714E-02, 0.1007595355209E-02,-0.1455465875610E-02
-0.2321832299292E-02, 0.4419544489198E-02,-0.1703059547399E-03,-0.2082833534965E-02, 0.1905158419192E-02,-0.1581804070414E-02, 0.5881061106060E-02, 0.7842187996390E-03,-0.1668961603804E-02
-0.2438012869574E-02, 0.4169631629071E-02,-0.3964130792655E-03,-0.2295131794324E-02, 0.1569580662614E-02,-0.1823749783811E-02, 0.5688831917103E-02, 0.6084542976206E-03,-0.1851729466126E-02
-0.2407106103289E-02, 0.4206510637270E-02,-0.3964163778982E-03,-0.2306168338780E-02, 0.1592459953430E-02,-0.1851026243138E-02, 0.5761279849938E-02, 0.6553549727865E-03,-0.1850607824729E-02
-0.2758294421951E-02, 0.3886068766881E-02,-0.6370834288234E-03,-0.2544145273971E-02, 0.1238063187337E-02,-0.2157012353914E-02, 0.5198296894606E-02, 0.3382398431659E-03,-0.2017785581684E-02
-0.2855904543607E-02, 0.3708421214977E-02,-0.7032073957791E-03,-0.2570609201040E-02, 0.1125923655984E-02,-0.2218573038109E-02, 0.5034979439895E-02, 0.1622973826898E-03,-0.2138696323203E-02
-0.2947152243236E-02, 0.3496734268741E-02,-0.8344830220207E-03,-0.2633413204073E-02, 0.1027039253810E-02,-0.2305168084593E-02, 0.4874221759826E-02, 0.3116909089013E-05,-0.2286669342180E-02
-0.3058531031587E-02, 0.3243411442829E-02,-0.1106879655924E-02,-0.2808833746424E-02, 0.9245417245556E-03,-0.2488108565514E-02, 0.4676968657112E-02,-0.1063124708553E-03,-0.2463060004835E-02
-0.1788822376093E-02, 0.5119751900649E-02, 0.4387353058778E-03,-0.1503194082809E-02, 0.2257159663351E-02,-0.1362154936281E-02, 0.6558813541453E-02, 0.1332635177912E-02,-0.1204273448968E-02
-0.2035404363962E-02, 0.4819524033216E-02, 0.2012337053255E-03,-0.1721799838979E-02, 0.2266714527834E-02,-0.1299264513114E-02, 0.6211935934791E-02, 0.1046845961761E-02,-0.1421472704225E-02
-0.2192359550119E-02, 0.4531791424597E-02,-0.4884230993167E-04,-0.1953236180920E-02, 0.2025592452735E-02,-0.1444979464352E-02, 0.5973372052651E-02, 0.8235264515880E-03,-0.1635157513007E-02
-0.2310493507363E-02, 0.4282020434124E-02,-0.2758599086733E-03,-0.2166870324062E-02, 0.1689688535240E-02,-0.1688306158974E-02, 0.5781574049115E-02, 0.6475312065790E-03,-0.1818345802483E-02
-0.2279594300815E-02, 0.4319152875951E-02,-0.2757602354990E-03,-0.2177857585762E-02, 0.1712750456274E-02,-0.1715489087791E-02, 0.5854308333842E-02, 0.6944949667122E-03,-0.1817203705148E-02
-0.2633520026315E-02, 0.3998228744952E-02,-0.5181885317288E-03,-0.2418200875673E-02, 0.1357115561806E-02,-0.2023820254284E-02, 0.5292084294190E-02, 0.3769317488019E-03,-0.1985304532185E-02
-0.2732079749830E-02, 0.3820601560195E-02,-0.5849431427840E-03,-0.2445533151095E-02, 0.1244424794590E-02,-0.2086255468674E-02, 0.5128989734155E-02, 0.2009696011209E-03,-0.2106389676289E-02
-0.2824497573281E-02, 0.3608862921463E-02,-0.7169352880475E-03,-0.2509347748053E-02, 0.1145262476878E-02,-0.2173890116125E-02, 0.4968317170610E-02, 0.4162570485016E-04,-0.2254600987711E-02
-0.2937643839601E-02, 0.3355294908361E-02,-0.9902979684118E-03,-0.2686172907891E-02, 0.1042977086045E-02,-0.2358284688063E-02, 0.4771057942209E-02,-0.6830504205625E-04,-0.2431480202312E-02
-0.1637055532231E-02, 0.5251031937777E-02, 0.5792320956854E-03,-0.1368385743995E-02, 0.2385593290001E-02,-0.1241499366058E-02, 0.6644282940283E-02, 0.1425155598057E-02,-0.1088001513250E-02
-0.1884722844004E-02, 0.4952375716012E-02, 0.3419343083197E-03,-0.1587195682116E-02, 0.2395013331183E-02,-0.1179458043498E-02, 0.6299439925735E-02, 0.1140095920606E-02,-0.1305169393585E-02
-0.2043378920323E-02, 0.4665570947092E-02, 0.9149108381488E-04,-0.1819418931816E-02, 0.2153828752061E-02,-0.1326194065702E-02, 0.6062055959762E-02, 0.9169422188834E-03,-0.1519260974536E-02
-0.2163431264493E-02, 0.4416233224586E-02,-0.1362336932064E-03,-0.2034153040033E-02, 0.1817810441648E-02,-0.1570595990724E-02, 0.5870928385830E-02, 0.7407667403040E-03,-0.1703115664737E-02
-0.2132519228088E-02, 0.4453675630194E-02,-0.1360254203451E-03,-0.2045085132116E-02, 0.1841086284196E-02,-0.1597684461542E-02, 0.5943986754839E-02, 0.7878091222854E-03,-0.1701918709278E-02
-0.2489354769608E-02, 0.4132421293096E-02,-0.3800723663073E-03,-0.2287544019760E-02, 0.1484356183003E-02,-0.1907951781426E-02, 0.5382631787945E-02, 0.4696394422416E-03,-0.1871472007427E-02
-0.2588954539671E-02, 0.3954864570846E-02,-0.4474668640822E-03,-0.2315701272841E-02, 0.1371129874037E-02,-0.1971149552904E-02, 0.5219806791026E-02, 0.2935397768280E-03,-0.1993105977929E-02
-0.2682630270104E-02, 0.3743128731218E-02,-0.5801756467941E-03,-0.2380473905285E-02, 0.1271718072013E-02,-0.2059690839234E-02, 0.5059253641634E-02, 0.1339137485395E-03,-0.2141953806121E-02
-0.2797619922435E-02, 0.3489404814430E-02,-0.8544468475336E-03,-0.2558592570006E-02, 0.1169731246958E-02,-0.2245323338487E-02, 0.4862014574404E-02, 0.2338459341114E-04,-0.2319697985689E-02
-0.1487038479089E-02, 0.5381919992363E-02, 0.7152062303839E-03,-0.1246482348716E-02, 0.2503728679972E-02,-0.1139021731269E-02, 0.6727919984484E-02, 0.1543818209351E-02,-0.9417745934029E-03
-0.1735646567481E-02, 0.5085005435765E-02, 0.4783143273233E-03,-0.1465249408558E-02, 0.2513220169797E-02,-0.1077613131223E-02, 0.6385229584208E-02, 0.1259516605147E-02,-0.1158944422923E-02
-0.1895802893517E-02, 0.4799318356224E-02, 0.2277305153399E-03,-0.1697980667899E-02, 0.2272172713763E-02,-0.1225101496893E-02, 0.6149159292662E-02, 0.1036588345428E-02,-0.1373462073746E-02
-0.2017569980657E-02, 0.4550590157305E-02,-0.4842913507060E-06,-0.1913540398989E-02, 0.1936218897156E-02,-0.1470302385605E-02, 0.5958820640161E-02, 0.8602898800352E-03,-0.1558000295257E-02
-0.1986638522706E-02, 0.4588333381768E-02,-0.1774268338746E-06,-0.1924418418861E-02, 0.1959698389993E-02,-0.1497302992803E-02, 0.6032168330871E-02, 0.9074055262294E-03,-0.1556736349634E-02
-0.2346186532086E-02, 0.4266936015594E-02,-0.2455632319915E-03,-0.2168602365422E-02, 0.1602122523360E-02,-0.1809103961463E-02, 0.5471784373538E-02, 0.5886081316019E-03,-0.1727829447890E-02
-0.2446777243261E-02, 0.4089492540949E-02,-0.3135298350443E-03,-0.2197474026879E-02, 0.1488448987374E-02,-0.1872940440042E-02, 0.5309244954038E-02, 0.4123191022592E-03,-0.1850129526055E-02
-0.2541640751610E-02, 0.3877818949584E-02,-0.4468678561117E-03,-0.2263070914119E-02, 0.1388813820180E-02,-0.1962238040428E-02, 0.5148838891560E-02, 0.2523727437804E-03,-0.1999731275233E-02
-0.2658340437284E-02, 0.3624050855857E-02,-0.7218922923386E-03,-0.2442266607358E-02, 0.1287058472913E-02,-0.2148874758650E-02, 0.4951676846963E-02, 0.1412501368770E-03,-0.2178418197762E-02
-0.1478646385817E-02, 0.5371421512034E-02, 0.7196376257700E-03,-0.1238423125987E-02, 0.2495776415273E-02,-0.1143699372418E-02, 0.6704973426709E-02, 0.1548603049165E-02,-0.9275209573505E-03
-0.1727342235477E-02, 0.5074708822459E-02, 0.4827390463016E-03,-0.1457182990290E-02, 0.2505242402852E-02,-0.1082374656569E-02, 0.6362562561586E-02, 0.1264315425067E-02,-0.1144730197236E-02
-0.1887625347049E-02, 0.4789373626058E-02, 0.2321715873361E-03,-0.1689945674093E-02, 0.2264363057568E-02,-0.1229881360800E-02, 0.6126902744226E-02, 0.1041436920806E-02,-0.1359312518667E-02
-0.2009520364228E-02, 0.4541073234961E-02, 0.3992088451865E-05,-0.1905555951239E-02, 0.1928678160725E-02,-0.1475054527429E-02, 0.5937066768753E-02, 0.8652167395187E-03,-0.1543923558202E-02
-0.1978631703447E-02, 0.4578460615874E-02, 0.4200830831884E-05,-0.1916449927851E-02, 0.1951930848128E-02,-0.1502098474355E-02, 0.6010087604182E-02, 0.9121893259660E-03,-0.1542681570278E-02
-0.2338244690187E-02, 0.4258206117207E-02,-0.2409756707605E-03,-0.2160698380932E-02, 0.1595050837573E-02,-0.1813740417154E-02, 0.5451157519963E-02, 0.5937481584180E-03,-0.1713854337801E-02
-0.2438857375897E-02, 0.4081064215680E-02,-0.3088874694657E-03,-0.2189610648020E-02, 0.1481619763454E-02,-0.1877528088619E-02, 0.5288958438649E-02, 0.4175759946157E-03,-0.1836190908256E-02
-0.2533754975476E-02, 0.3869781657271E-02,-0.4421441236217E-03,-0.2255250279686E-02, 0.1381992794921E-02,-0.1966769186174E-02, 0.5128978814731E-02, 0.2577619838040E-03,-0.1985833009736E-02
-0.2650525912961E-02, 0.3616607120641E-02,-0.7170403152671E-03,-0.2434492273243E-02, 0.1279831717435E-02,-0.2153331416088E-02, 0.4932505469718E-02, 0.1467936773516E-03,-0.2164574200184E-02
-0.1276872142613E-02, 0.5558388564596E-02, 0.8824480654356E-03,-0.1107354723441E-02, 0.2639021492979E-02,-0.9867800821341E-03, 0.6900056505026E-02, 0.1748740332647E-02,-0.7695522658973E-03
-0.1526527758938E-02, 0.5264175636091E-02, 0.6464479715481E-03,-0.1325667853020E-02, 0.2648861151267E-02,-0.9262395049334E-03, 0.6560699682393E-02, 0.1465555644927E-02,-0.9862834184648E-03
-0.1688514583320E-02, 0.4980458032556E-02, 0.3960726470858E-03,-0.1558636616601E-02, 0.2408405210659E-02,-0.1074609338505E-02, 0.6326810096903E-02, 0.1243060651876E-02,-0.1200917526631E-02
-0.1812425648838E-02, 0.4733017076892E-02, 0.1675846375828E-03,-0.1774870872872E-02, 0.2072985516736E-02,-0.1320697290936E-02, 0.6137921753316E-02, 0.1066714902474E-02,-0.1385958830563E-02
-0.1781490764355E-02, 0.4771071803979E-02, 0.1679961176701E-03,-0.1785671977592E-02, 0.2096675246393E-02,-0.1347572041492E-02, 0.6211453819813E-02, 0.1113877426122E-02,-0.1384613589084E-02
-0.2144392635610E-02, 0.4450090400773E-02,-0.7867925440821E-04,-0.2031575298223E-02, 0.1738582251279E-02,-0.1661258384722E-02, 0.5653284810893E-02, 0.7943093305527E-03,-0.1557279986402E-02
-0.2246259712219E-02, 0.4272972535570E-02,-0.1472786274433E-03,-0.2061275274233E-02, 0.1624569687915E-02,-0.1725953220015E-02, 0.5491241972617E-02, 0.6177499720857E-03,-0.1680235553488E-02
-0.2342656740290E-02, 0.4061621618457E-02,-0.2812628578652E-03,-0.2127794439991E-02, 0.1524556899460E-02,-0.1816243023108E-02, 0.5331186602781E-02, 0.4573704034105E-03,-0.1830574076872E-02
-0.2461539391811E-02, 0.3808190124070E-02,-0.5569368751945E-03,-0.2308073306143E-02, 0.1422449182412E-02,-0.2004116875650E-02, 0.5134471486245E-02, 0.3454837531243E-03,-0.2010185279192E-02
-0.1216420873451E-02, 0.5597999116143E-02, 0.9210427523885E-03,-0.1052388003760E-02, 0.2691546628622E-02,-0.9086728365179E-03, 0.6957462529169E-02, 0.1792442044144E-02,-0.7265518249964E-03
-0.1466243083274E-02, 0.5304750325792E-02, 0.6854735264053E-03,-0.1270492387114E-02, 0.2701454243617E-02,-0.8484809788802E-03, 0.6619282073900E-02, 0.1509813294086E-02,-0.9429682202989E-03
-0.1628647079440E-02, 0.5021843616574E-02, 0.4353625309031E-03,-0.1503454259435E-02, 0.2461314423201E-02,-0.9971841992594E-03, 0.6386248501097E-02, 0.1287671328140E-02,-0.1157443391970E-02
-0.1753081785079E-02, 0.4775027792370E-02, 0.2069973546948E-03,-0.1719825485962E-02, 0.2126262320196E-02,-0.1243602780186E-02, 0.6198008043483E-02, 0.1111522642964E-02,-0.1342456842855E-02
-0.1722162114653E-02, 0.4813111370406E-02, 0.2074185164198E-03,-0.1730592639020E-02, 0.2149960500125E-02,-0.1270442496485E-02, 0.6271525544004E-02, 0.1158653031494E-02,-0.1341092345671E-02
-0.2085839017302E-02, 0.4492664014512E-02,-0.3934518458954E-04,-0.1977003462592E-02, 0.1791961877713E-02,-0.1584867153800E-02, 0.5714491404705E-02, 0.8392311015425E-03,-0.1514016593648E-02
-0.2188028545953E-02, 0.4315752750738E-02,-0.1080482566565E-03,-0.2006972656136E-02, 0.1677825157814E-02,-0.1649917189933E-02, 0.5552679803946E-02, 0.6627276585211E-03,-0.1637068152933E-02
-0.2284818489244E-02, 0.4104637773889E-02,-0.2421052319331E-03,-0.2073781366764E-02, 0.1577949431206E-02,-0.1740605010941E-02, 0.5392841220094E-02, 0.5023632320454E-03,-0.1787509693344E-02
-0.2404253701883E-02, 0.3851530986581E-02,-0.5177656366142E-03,-0.2254369129674E-02, 0.1476523692184E-02,-0.1928950030818E-02, 0.5196482056513E-02, 0.3904209206799E-03,-0.1967247858781E-02
-0.1151697889673E-02, 0.5645637988094E-02, 0.9776178113733E-03,-0.9760419294920E-03, 0.2767242486129E-02,-0.8235973010517E-03, 0.7016969817939E-02, 0.1845732719531E-02,-0.6719267888666E-03
-0.1401643695405E-02, 0.5353519895642E-02, 0.7425449751567E-03,-0.1193928327351E-02, 0.2777201588282E-02,-0.7637369210962E-03, 0.6680144694261E-02, 0.1563770859804E-02,-0.8879785076070E-03
-0.1564471429580E-02, 0.5071523467085E-02, 0.4927204729115E-03,-0.1426921035024E-02, 0.2537387292923E-02,-0.9127693713744E-03, 0.6448067022284E-02, 0.1342047770578E-02,-0.1102273833792E-02
-0.1689462832520E-02, 0.4825378312168E-02, 0.2644649119811E-03,-0.1643499842566E-02, 0.2202709578509E-02,-0.1159526909919E-02, 0.6260516303391E-02, 0.1166125444975E-02,-0.1287262200970E-02
-0.1658558612971E-02, 0.4863558471523E-02, 0.2649126877910E-03,-0.1654222231862E-02, 0.2226451257720E-02,-0.1186322369354E-02, 0.6334092143235E-02, 0.1213242140155E-02,-0.1285870149685E-02
-0.2023063605989E-02, 0.4543560262230E-02, 0.1794304343944E-04,-0.1901334917482E-02, 0.1868403806349E-02,-0.1501546283935E-02, 0.5778113730406E-02, 0.8939310571310E-03,-0.1459115792504E-02
-0.2125604262567E-02, 0.4366843607175E-02,-0.5092616470131E-04,-0.1931648134262E-02, 0.1753999993182E-02,-0.1566986217281E-02, 0.5616528133502E-02, 0.7174656222810E-03,-0.1582306387974E-02
-0.2222825234007E-02, 0.4155938875095E-02,-0.1851232715070E-03,-0.1998835504221E-02, 0.1654419425777E-02,-0.1658111781186E-02, 0.5456881335036E-02, 0.5570896059749E-03,-0.1732897645266E-02
-0.2342866621533E-02, 0.3903108823264E-02,-0.4608400640413E-03,-0.2179854802583E-02, 0.1554405002003E-02,-0.1846972075402E-02, 0.5260819589039E-02, 0.4450541925847E-03,-0.1912808160897E-02
-0.1057183455776E-02, 0.5731638288035E-02, 0.1088171636701E-02,-0.8549834382179E-03, 0.2891047742328E-02,-0.7273204688724E-03, 0.7094485437872E-02, 0.1945183756800E-02,-0.5754033496604E-03
-0.1307356196875E-02, 0.5441135710987E-02, 0.8537173718506E-03,-0.1072626572409E-02, 0.2901082573692E-02,-0.6678040392377E-03, 0.6759574043912E-02, 0.1664084214870E-02,-0.7910507424628E-03
-0.1470868198645E-02, 0.5160310411033E-02, 0.6041381077819E-03,-0.1305778958696E-02, 0.2661600080662E-02,-0.8172121183964E-03, 0.6528744247168E-02, 0.1442827042297E-02,-0.1005238215008E-02
-0.1596748323483E-02, 0.4914924861684E-02, 0.3758393132503E-03,-0.1522789062245E-02, 0.2327258385978E-02,-0.1064379642205E-02, 0.6341995143551E-02, 0.1267071990010E-02,-0.1190346041954E-02
-0.1565851505585E-02, 0.4953383580686E-02, 0.3763646480008E-03,-0.1533445513644E-02, 0.2351153234312E-02,-0.1091100758180E-02, 0.6415810283928E-02, 0.1314235051862E-02,-0.1188901218265E-02
-0.1931728391957E-02, 0.4633522908837E-02, 0.1287050078230E-03,-0.1781776281799E-02, 0.1992629882601E-02,-0.1407332767193E-02, 0.5860735399343E-02, 0.9947072500099E-03,-0.1362843857683E-02
-0.2034828224592E-02, 0.4456957976904E-02, 0.5945405580557E-04,-0.1812636901663E-02, 0.1877686158304E-02,-0.1473260305163E-02, 0.5699375173936E-02, 0.8181529455976E-03,-0.1486364692442E-02
-0.2132733844128E-02, 0.4246181220906E-02,-0.7512628912063E-04,-0.1880444678456E-02, 0.1778514484241E-02,-0.1564942172404E-02, 0.5539855689977E-02, 0.6576026847601E-03,-0.1637320076398E-02
-0.2253744691540E-02, 0.3993465750545E-02,-0.3511911719854E-03,-0.2062226474831E-02, 0.1680758634391E-02,-0.1754468628132E-02, 0.5343922680206E-02, 0.5452454673844E-03,-0.1817649958001E-02
-0.1483369748176E-02, 0.6333725933670E-02, 0.1079510455284E-02,-0.1398146634677E-02, 0.3223590654053E-02,-0.9653009893714E-03,-0.2261418426811E-02, 0.2158426772406E-02,-0.9046151589406E-03
-0.1736594584746E-02, 0.6017879291394E-02, 0.8331297360954E-03,-0.1621205450612E-02, 0.3224698950723E-02,-0.9054144616733E-03,-0.2371328544874E-02, 0.1861618513934E-02,-0.1127667381735E-02
-0.1897887274633E-02, 0.5716349526054E-02, 0.5750990718619E-03,-0.1856471635508E-02, 0.2971878287324E-02,-0.1056224060854E-02,-0.2491891755134E-02, 0.1629549257413E-02,-0.1346376643192E-02
-0.2019466640271E-02, 0.5454238398228E-02, 0.3409146373289E-03,-0.2073440066567E-02, 0.2623334654647E-02,-0.1305711243106E-02,-0.2629323481473E-02, 0.1446087914586E-02,-0.1533877855577E-02
-0.1985063882627E-02, 0.5496410469826E-02, 0.3447032058115E-03,-0.2082121981984E-02, 0.2650512863855E-02,-0.1330088874447E-02,-0.2649217867422E-02, 0.1497648572017E-02,-0.1529998453880E-02
-0.2352360688539E-02, 0.5148679097411E-02, 0.8606915634507E-04,-0.2330463175974E-02, 0.2271902444625E-02,-0.1652644181590E-02,-0.2979654177918E-02, 0.1160464616987E-02,-0.1707795782196E-02
-0.2454698749196E-02, 0.4961073420783E-02, 0.1437283711379E-04,-0.2359330367753E-02, 0.2147818401617E-02,-0.1718790859905E-02,-0.3027732687179E-02, 0.9771282865024E-03,-0.1832740309274E-02
-0.2550926409711E-02, 0.4738278894451E-02,-0.1238339251112E-03,-0.2425253371575E-02, 0.2054478945020E-02,-0.1810700416752E-02,-0.3096872577118E-02, 0.8103709786222E-03,-0.1985357480653E-02
-0.2668515351716E-02, 0.4471316894247E-02,-0.4062971732055E-03,-0.2605846227935E-02, 0.1989126483640E-02,-0.2001354906492E-02,-0.3266413302721E-02, 0.6928893011426E-03,-0.2167408997677E-02
-0.1351665983353E-02, 0.6440091863477E-02, 0.1199682142144E-02,-0.1266531669543E-02, 0.3341926369720E-02,-0.8268050237161E-03,-0.2152729726173E-02, 0.2195476963055E-02,-0.8711380775204E-03
-0.1605857949867E-02, 0.6125689717746E-02, 0.9533817886468E-03,-0.1490056668641E-02, 0.3342782656589E-02,-0.7679500410079E-03,-0.2263644196529E-02, 0.1899408264379E-02,-0.1093924700840E-02
-0.1768767967382E-02, 0.5825039749109E-02, 0.6949299685929E-03,-0.1726320721223E-02, 0.3089923968939E-02,-0.9199454003514E-03,-0.2385540195699E-02, 0.1667554045446E-02,-0.1312761151194E-02
-0.1892176311415E-02, 0.5563394230658E-02, 0.4600423247218E-03,-0.1944546104639E-02, 0.2741368538856E-02,-0.1170647185499E-02,-0.2524397403555E-02, 0.1484007510255E-02,-0.1500625726551E-02
-0.1857775221216E-02, 0.5605893172140E-02, 0.4639601003455E-03,-0.1953174035166E-02, 0.2768777063278E-02,-0.1194906242237E-02,-0.2544256572553E-02, 0.1535662881912E-02,-0.1496715878420E-02
-0.2227609081111E-02, 0.5258125636691E-02, 0.2038221364861E-03,-0.2203769973388E-02, 0.2389240379728E-02,-0.1519594368219E-02,-0.2876914164812E-02, 0.1198210307101E-02,-0.1675352444144E-02
-0.2330831792996E-02, 0.5070687187973E-02, 0.1315842597944E-03,-0.2233470167988E-02, 0.2264742647144E-02,-0.1586551267443E-02,-0.2925808135372E-02, 0.1014921207257E-02,-0.1800445182742E-02
-0.2428163056178E-02, 0.4848009424565E-02,-0.7229533601742E-05,-0.2300362662995E-02, 0.2171192967549E-02,-0.1679425270469E-02,-0.2995910182762E-02, 0.8480716708310E-03,-0.1953275018013E-02
-0.2547431120615E-02, 0.4581064936318E-02,-0.2904872899436E-03,-0.2482297553602E-02, 0.2106019207196E-02,-0.1871412551218E-02,-0.3166808569640E-02, 0.7301866195219E-03,-0.2135780082559E-02
-0.1200057662913E-02, 0.6567096443269E-02, 0.1338326251331E-02,-0.1131056300532E-02, 0.3467866114290E-02,-0.7065905367325E-03,-0.2053569630721E-02, 0.2286226676657E-02,-0.7546591820360E-03
-0.1455143551991E-02, 0.6254681065799E-02, 0.1092468640198E-02,-0.1354695993913E-02, 0.3468822761111E-02,-0.6484559483348E-03,-0.2165199498294E-02, 0.1991114568152E-02,-0.9773134486782E-03
-0.1619587670331E-02, 0.5955362651780E-02, 0.8338955221792E-03,-0.1591652125653E-02, 0.3216214282289E-02,-0.8013136895026E-03,-0.2288193376915E-02, 0.1759631230861E-02,-0.1196457048847E-02
-0.1744769845367E-02, 0.5694515111484E-02, 0.5985288416637E-03,-0.1810887531960E-02, 0.2867863744628E-02,-0.1052929134894E-02,-0.2428277898801E-02, 0.1576082814221E-02,-0.1384898629823E-02
-0.1710350662834E-02, 0.5737369998177E-02, 0.6025878799975E-03,-0.1819458377937E-02, 0.2895547660586E-02,-0.1077069235857E-02,-0.2448089771012E-02, 0.1627848585661E-02,-0.1380927897287E-02
-0.2082867675268E-02, 0.5389728293144E-02, 0.3411025707009E-03,-0.2072047513098E-02, 0.2515228759998E-02,-0.1403494636984E-02,-0.2782625401233E-02, 0.1290015340630E-02,-0.1560910323310E-02
-0.2187061212846E-02, 0.5202536532138E-02, 0.2683182211838E-03,-0.2102540782839E-02, 0.2390335205611E-02,-0.1471153446884E-02,-0.2832258177261E-02, 0.1106689688941E-02,-0.1686505177837E-02
-0.2285579081149E-02, 0.4980058444942E-02, 0.1289041772965E-03,-0.2170352068095E-02, 0.2296606175944E-02,-0.1564865134557E-02,-0.2903231208895E-02, 0.9396566788086E-03,-0.1839918802987E-02
-0.2406592216907E-02, 0.4713228462829E-02,-0.1550762247210E-03,-0.2353513240914E-02, 0.2231703095573E-02,-0.1757981328908E-02,-0.3075320175434E-02, 0.8212817488479E-03,-0.2023220772833E-02
-0.1049935381315E-02, 0.6694016904617E-02, 0.1472716721987E-02,-0.1008407704029E-02, 0.3583925750621E-02,-0.6043425193309E-03,-0.1959225074995E-02, 0.2403107691856E-02,-0.6079721564115E-03
-0.1305770319041E-02, 0.6383752455636E-02, 0.1227498331312E-02,-0.1231916981192E-02, 0.3585197206007E-02,-0.5467058855864E-03,-0.2071392980573E-02, 0.2109003177746E-02,-0.8305180268433E-03
-0.1471547311463E-02, 0.6085954093983E-02, 0.9690236816521E-03,-0.1469288141582E-02, 0.3333022229230E-02,-0.7001637702888E-03,-0.2195295176389E-02, 0.1877964236351E-02,-0.1049977303433E-02
-0.1598299371460E-02, 0.5826076252937E-02, 0.7333877481625E-03,-0.1689261363107E-02, 0.2985029394079E-02,-0.9524296263565E-03,-0.2336425596601E-02, 0.1694479430418E-02,-0.1239003857095E-02
-0.1563857561498E-02, 0.5869260101559E-02, 0.7375771667856E-03,-0.1697778237711E-02, 0.3012976845137E-02,-0.9764608499754E-03,-0.2356185537265E-02, 0.1746344866646E-02,-0.1234963680304E-02
-0.1938860745700E-02, 0.5521899865793E-02, 0.4750119303147E-03,-0.1951974701179E-02, 0.2632104443812E-02,-0.1304239064261E-02,-0.2692346846845E-02, 0.1408126475914E-02,-0.1416374279284E-02
-0.2043978444108E-02, 0.5335000512406E-02, 0.4017436355223E-03,-0.1983155049569E-02, 0.2506892317028E-02,-0.1372481823946E-02,-0.2742648042067E-02, 0.1224726589702E-02,-0.1542582276148E-02
-0.2143614863826E-02, 0.5112783147586E-02, 0.2618108008457E-03,-0.2051755723593E-02, 0.2413005601157E-02,-0.1466888287689E-02,-0.2814405733419E-02, 0.1057482826753E-02,-0.1696688000192E-02
-0.2266240540192E-02, 0.4846164842663E-02,-0.2274478569413E-04,-0.2235930127800E-02, 0.2348313180208E-02,-0.1660912213169E-02,-0.2987542007949E-02, 0.9386239839919E-03,-0.1880853353916E-02
-0.1043262233652E-02, 0.6680128991900E-02, 0.1474746646253E-02,-0.1001641154577E-02, 0.3573099476287E-02,-0.6109080370416E-03,-0.1956113835330E-02, 0.2405273690347E-02,-0.5951820648768E-03
-0.1299172733533E-02, 0.6370129632714E-02, 0.1229546029168E-02,-0.1225144872672E-02, 0.3574360483652E-02,-0.5533469485516E-03,-0.2068302918039E-02, 0.2111220441447E-02,-0.8177650088916E-03
-0.1465055471483E-02, 0.6072767507057E-02, 0.9711349737871E-03,-0.1462543881321E-02, 0.3322438275062E-02,-0.7068012011883E-03,-0.2192254516487E-02, 0.1880287392557E-02,-0.1037276581576E-02
-0.1591908413712E-02, 0.5813426624818E-02, 0.7355922366642E-03,-0.1682559320804E-02, 0.2974826395215E-02,-0.9590094339396E-03,-0.2333435508301E-02, 0.1696945577343E-02,-0.1226358065684E-02
-0.1557525996606E-02, 0.5856209355379E-02, 0.7396488213441E-03,-0.1691099317419E-02, 0.3002506090127E-02,-0.9831051384051E-03,-0.2353221781497E-02, 0.1748621750931E-02,-0.1222348859927E-02
-0.1932516775852E-02, 0.5510344630149E-02, 0.4774267434110E-03,-0.1945324053402E-02, 0.2622507800542E-02,-0.1310642395738E-02,-0.2689353182542E-02, 0.1410919782600E-02,-0.1403795899176E-02
-0.2037632454306E-02, 0.5323762018302E-02, 0.4042478760190E-03,-0.1976522130831E-02, 0.2497596495991E-02,-0.1378812813710E-02,-0.2739678221229E-02, 0.1227682820250E-02,-0.1530020015331E-02
-0.2137274868524E-02, 0.5101989920733E-02, 0.2644430757024E-03,-0.2045141818483E-02, 0.2403742292797E-02,-0.1473133820890E-02,-0.2811463152901E-02, 0.1060625849851E-02,-0.1684140725529E-02
-0.2259933321639E-02, 0.4836157030406E-02,-0.1990904684973E-04,-0.2229341468461E-02, 0.2338614020582E-02,-0.1667041390646E-02,-0.2984619796511E-02, 0.9419958978560E-03,-0.1868327875596E-02
-0.8397113124739E-03, 0.6864714398259E-02, 0.1637832504273E-02,-0.8683395340842E-03, 0.3716468150002E-02,-0.4524858569161E-03,-0.1766130320879E-02, 0.2604990741620E-02,-0.4351484504399E-03
-0.1096323059611E-02, 0.6557731841000E-02, 0.1393818394477E-02,-0.1091278160836E-02, 0.3718460883790E-02,-0.3955326575941E-03,-0.1879288608288E-02, 0.2312390324368E-02,-0.6571122805289E-03
-0.1263690120205E-02, 0.6262486036633E-02, 0.1135879614382E-02,-0.1328763179063E-02, 0.3467283031307E-02,-0.5496486746912E-03,-0.2004620140537E-02, 0.2082131398324E-02,-0.8765427525305E-03
-0.1392374917398E-02, 0.6004420166646E-02, 0.9002769698618E-03,-0.1549294295182E-02, 0.3120208512490E-02,-0.8025763757436E-03,-0.2147365117423E-02, 0.1898899015255E-02,-0.1065940450446E-02
-0.1357935146027E-02, 0.6047956754855E-02, 0.9046027498427E-03,-0.1557737417919E-02, 0.3148419733388E-02,-0.8264619183850E-03,-0.2167037071023E-02, 0.1950825893847E-02,-0.1061823218075E-02
-0.1735947414153E-02, 0.5701600955757E-02, 0.6411233110398E-03,-0.1813493646760E-02, 0.2767465155595E-02,-0.1155836699859E-02,-0.2506056204298E-02, 0.1612254085117E-02,-0.1244639860019E-02
-0.1842242082319E-02, 0.5515288617754E-02, 0.5673444800070E-03,-0.1845465887711E-02, 0.2642085158749E-02,-0.1224854873807E-02,-0.2557508157304E-02, 0.1428777081049E-02,-0.1371435708769E-02
-0.1943307219118E-02, 0.5293688367698E-02, 0.4269171589458E-03,-0.1914942332653E-02, 0.2547911225838E-02,-0.1320157575777E-02,-0.2630595589242E-02, 0.1261285839329E-02,-0.1526199289760E-02
-0.2067966466132E-02, 0.5027785637826E-02, 0.1419559811455E-03,-0.2100114851999E-02, 0.2482852064010E-02,-0.1515264195836E-02,-0.2805491904526E-02, 0.1141846951218E-02,-0.1711183330187E-02
-0.7794023871790E-03, 0.6902454010440E-02, 0.1675645255718E-02,-0.8130981078684E-03, 0.3767638570687E-02,-0.3747089301817E-03,-0.1699024873009E-02, 0.2647712465048E-02,-0.3920924170171E-03
-0.1036099232107E-02, 0.6596613873709E-02, 0.1432151997518E-02,-0.1035791615228E-02, 0.3769809779342E-02,-0.3180617451923E-03,-0.1812450184095E-02, 0.2355769998548E-02,-0.6137008469259E-03
-0.1203807186163E-02, 0.6302354599657E-02, 0.1174576346287E-02,-0.1273229007520E-02, 0.3519103186565E-02,-0.4724273898543E-03,-0.1938164426954E-02, 0.2125965489994E-02,-0.8329293534168E-03
-0.1332946114461E-02, 0.6045072471738E-02, 0.9391918231993E-03,-0.1493857064027E-02, 0.3172558099745E-02,-0.7255868753844E-03,-0.2081347204895E-02, 0.1943023495154E-02,-0.1022258556466E-02
-0.1298528325399E-02, 0.6088693892441E-02, 0.9435283901382E-03,-0.1502272573085E-02, 0.3200782589488E-02,-0.7494351488144E-03,-0.2100983406316E-02, 0.1994916429589E-02,-0.1018127441930E-02
-0.1677196354247E-02, 0.5743024788116E-02, 0.6800902461336E-03,-0.1758472286810E-02, 0.2820109673519E-02,-0.1079411413915E-02,-0.2440836779255E-02, 0.1656625269690E-02,-0.1201141532148E-02
-0.1783779875131E-02, 0.5556998361225E-02, 0.6062469330408E-03,-0.1790698170993E-02, 0.2694671640415E-02,-0.1148749617783E-02,-0.2492648302909E-02, 0.1473254727879E-02,-0.1328012524458E-02
-0.1885201299806E-02, 0.5335720727381E-02, 0.4657945103809E-03,-0.1860444234416E-02, 0.2600676745916E-02,-0.1244406217454E-02,-0.2566143947878E-02, 0.1305831521878E-02,-0.1482854639210E-02
-0.2010359855619E-02, 0.5070254773908E-02, 0.1809224082587E-03,-0.2045891475117E-02, 0.2536314253972E-02,-0.1439907042476E-02,-0.2741553436912E-02, 0.1186401868081E-02,-0.1667931466002E-02
-0.7145835774867E-03, 0.6948468742527E-02, 0.1731576040405E-02,-0.7361707700464E-03, 0.3842036462172E-02,-0.2897190729514E-03,-0.1633221941458E-02, 0.2700239729057E-02,-0.3371626543438E-03
-0.9713128569324E-03, 0.6643961594449E-02, 0.1488688140778E-02,-0.9586008806346E-03, 0.3844374374774E-02,-0.2333505773689E-03,-0.1746850160554E-02, 0.2409082159184E-02,-0.5583563016794E-03
-0.1139359483898E-02, 0.6350805697107E-02, 0.1231515439413E-02,-0.1196018191662E-02, 0.3594175220108E-02,-0.3879529261928E-03,-0.1872913097735E-02, 0.2179808204455E-02,-0.7773535232447E-03
-0.1268978590579E-02, 0.6094360689535E-02, 0.9963505510385E-03,-0.1416804244214E-02, 0.3248199962591E-02,-0.6413456032598E-03,-0.2016513971667E-02, 0.1997192005293E-02,-0.9666104147132E-03
-0.1234580865587E-02, 0.6138165573146E-02, 0.1000720897996E-02,-0.1425181559896E-02, 0.3276487726918E-02,-0.6651441320035E-03,-0.2036104968087E-02, 0.2049076461818E-02,-0.9624566773241E-03
-0.1613954771863E-02, 0.5793041899831E-02, 0.7372146721632E-03,-0.1682008738239E-02, 0.2895964996667E-02,-0.9957798774704E-03,-0.2376742404449E-02, 0.1711029435370E-02,-0.1145727590054E-02
-0.1720855559920E-02, 0.5607304590241E-02, 0.6632478335686E-03,-0.1714563319313E-02, 0.2770334141086E-02,-0.1065472235657E-02,-0.2428912377436E-02, 0.1527750702617E-02,-0.1272714904813E-02
-0.1822671111170E-02, 0.5386330957957E-02, 0.5227088168213E-03,-0.1784666884752E-02, 0.2676684700746E-02,-0.1161522071550E-02,-0.2502814175492E-02, 0.1360370371060E-02,-0.1427679978704E-02
-0.1948381149300E-02, 0.5121232718326E-02, 0.2378679378854E-03,-0.1970505005800E-02, 0.2613759423392E-02,-0.1357459882888E-02,-0.2678718789118E-02, 0.1240910965492E-02,-0.1612891767530E-02
-0.6194709155361E-03, 0.7032769501771E-02, 0.1841585953112E-02,-0.6138967575356E-03, 0.3964632817062E-02,-0.1930308851167E-03,-0.1554977448875E-02, 0.2799036589814E-02,-0.2397759557005E-03
-0.8762921222301E-03, 0.6730178099231E-02, 0.1599491943692E-02,-0.8360113830341E-03, 0.3967207916667E-02,-0.1369111117606E-03,-0.1668810457179E-02, 0.2508933120682E-02,-0.4604830912795E-03
-0.1044900606452E-02, 0.6438474933956E-02, 0.1342744281904E-02,-0.1073509093394E-02, 0.3717593163540E-02,-0.2917672681072E-03,-0.1795328538980E-02, 0.2280290753456E-02,-0.6792915005514E-03
-0.1175301592994E-02, 0.6183021580447E-02, 0.1107700938012E-02,-0.1294650992846E-02, 0.3372223293698E-02,-0.5454451680725E-03,-0.1939497763686E-02, 0.2097980224614E-02,-0.8685964346827E-03
-0.1140910093647E-02, 0.6227228298843E-02, 0.1112173999706E-02,-0.1302966969556E-02, 0.3400721150689E-02,-0.5691543344096E-03,-0.1959022891987E-02, 0.2149933101825E-02,-0.8643924554253E-03
-0.1521501972210E-02, 0.5882310606726E-02, 0.8481590849648E-03,-0.1560911775951E-02, 0.3019957147941E-02,-0.9006494545220E-03,-0.2300653919443E-02, 0.1811837627999E-02,-0.1048276882189E-02
-0.1628919568813E-02, 0.5696871823561E-02, 0.7738700018151E-03,-0.1593997549346E-02, 0.2893884644613E-02,-0.9707895233291E-03,-0.2353288283583E-02, 0.1628552550611E-02,-0.1175561973647E-02
-0.1731374499694E-02, 0.5476162587782E-02, 0.6330257083282E-03,-0.1664696546474E-02, 0.2800710562525E-02,-0.1067348548563E-02,-0.2427720958451E-02, 0.1461075173720E-02,-0.1330852948441E-02
-0.1857986062062E-02, 0.5211271708080E-02, 0.3479688750640E-03,-0.1851240994213E-02, 0.2740078432831E-02,-0.1263871784751E-02,-0.2604272533961E-02, 0.1341368162239E-02,-0.1516431785220E-02
-0.9385128809892E-03,-0.2374062669209E-02, 0.1953470341021E-02,-0.1061791564293E-02, 0.4423271447456E-02,-0.3215602881756E-03,-0.2127721403626E-02, 0.3132985018435E-02,-0.4693703560613E-03
-0.1200469127814E-02,-0.2606332293712E-02, 0.1697191936258E-02,-0.1290559777921E-02, 0.4414205781501E-02,-0.2666351225080E-03,-0.2240957195456E-02, 0.2824815173482E-02,-0.6988114679804E-03
-0.1368679398725E-02,-0.2782595417150E-02, 0.1429761204969E-02,-0.1531365969674E-02, 0.4148403738716E-02,-0.4246768220179E-03,-0.2364816990991E-02, 0.2583277336647E-02,-0.9233701742370E-03
-0.1496406039749E-02,-0.2915755260286E-02, 0.1186752654678E-02,-0.1753594578483E-02, 0.3786113609753E-02,-0.6824858702427E-03,-0.2505758791128E-02, 0.2391424333862E-02,-0.1116189549639E-02
-0.1458182646520E-02,-0.2893121230136E-02, 0.1194605053171E-02,-0.1759614125088E-02, 0.3818153097506E-02,-0.7036771975188E-03,-0.2523727759390E-02, 0.2447915911236E-02,-0.1109239375409E-02
-0.1843457816237E-02,-0.3104377988714E-02, 0.9163001271918E-03,-0.2019856802997E-02, 0.3413062255917E-02,-0.1044607946988E-02,-0.2864720408791E-02, 0.2088984134167E-02,-0.1299182607113E-02
-0.1951142164534E-02,-0.3240391407767E-02, 0.8384360074324E-03,-0.2051636319417E-02, 0.3275983758092E-02,-0.1115932022522E-02,-0.2915123852395E-02, 0.1897631669452E-02,-0.1428694100051E-02
-0.2053005040252E-02,-0.3358597964194E-02, 0.6926343541160E-03,-0.2121234275519E-02, 0.3188966102470E-02,-0.1213797222724E-02,-0.2987086378588E-02, 0.1722655316668E-02,-0.1586529244841E-02
-0.2177601108929E-02,-0.3424791483604E-02, 0.3992609450829E-03,-0.2307690298981E-02, 0.3164831331157E-02,-0.1412977872513E-02,-0.3161315981926E-02, 0.1596403342198E-02,-0.1774923298269E-02
-0.8080105015472E-03,-0.2247838156194E-02, 0.2071084142405E-02,-0.9302971137938E-03, 0.4538238713117E-02,-0.1843478562318E-03,-0.2018197595694E-02, 0.3168150030393E-02,-0.4364613160652E-03
-0.1070741118450E-02,-0.2481374009031E-02, 0.1815123520209E-02,-0.1159430231694E-02, 0.4529207698405E-02,-0.1303392345561E-03,-0.2132385515414E-02, 0.2860897840946E-02,-0.6655560331840E-03
-0.1240399168324E-02,-0.2659430291378E-02, 0.1547520614645E-02,-0.1401126065063E-02, 0.4263674222234E-02,-0.2893918301461E-03,-0.2257529172804E-02, 0.2619750320724E-02,-0.8901642519680E-03
-0.1369806008469E-02,-0.2794552291152E-02, 0.1304043091237E-02,-0.1624507689430E-02, 0.3901666175637E-02,-0.5482222904464E-03,-0.2399850657301E-02, 0.2427973290667E-02,-0.1083275470756E-02
-0.1331575767505E-02,-0.2771907971754E-02, 0.1312055426926E-02,-0.1630463983901E-02, 0.3933950795453E-02,-0.5692649198760E-03,-0.2417777742572E-02, 0.2484596901328E-02,-0.1076279924404E-02
-0.1719151488776E-02,-0.2986174594641E-02, 0.1032534852994E-02,-0.1892820613276E-02, 0.3528337935294E-02,-0.9120833949559E-03,-0.2760915465373E-02, 0.2125593984811E-02,-0.1266964901696E-02
-0.1827643182693E-02,-0.3123202885284E-02, 0.9542295791127E-03,-0.1925393739503E-02, 0.3390996943780E-02,-0.9841425402381E-03,-0.2812113942521E-02, 0.1934363311208E-02,-0.1396591203997E-02
-0.1930530288031E-02,-0.3242619877595E-02, 0.8079441178345E-03,-0.1995913188701E-02, 0.3303841073505E-02,-0.1082884608064E-02,-0.2885015007640E-02, 0.1759373683715E-02,-0.1554604963238E-02
-0.2056699886475E-02,-0.3310608528377E-02, 0.5139689059908E-03,-0.2183630370946E-02, 0.3279847601068E-02,-0.1283257493827E-02,-0.3060562565152E-02, 0.1632826397252E-02,-0.1743405978708E-02
-0.6570816331083E-03,-0.2103229361959E-02, 0.2207352171204E-02,-0.7946516769626E-03, 0.4661250937378E-02,-0.6498898438795E-04,-0.1918045182512E-02, 0.3256743740767E-02,-0.3202201137886E-03
-0.9204802503707E-03,-0.2337926449734E-02, 0.1952103517086E-02,-0.1023785397571E-02, 0.4652604339220E-02,-0.1155139296511E-04,-0.2032888514506E-02, 0.2950700323724E-02,-0.5490592895801E-03
-0.1091475873250E-02,-0.2517711350822E-02, 0.1684655205183E-02,-0.1266052959622E-02, 0.4387655668266E-02,-0.1712837198399E-03,-0.2159071133406E-02, 0.2710150147640E-02,-0.7738534713311E-03
-0.1222486377786E-02,-0.2654768388660E-02, 0.1440954039937E-02,-0.1490330649126E-02, 0.4026180791567E-02,-0.4308423842674E-03,-0.2302564957870E-02, 0.2518567540846E-02,-0.9674327878150E-03
-0.1184228187429E-02,-0.2632094290965E-02, 0.1449148422670E-02,-0.1496223035964E-02, 0.4058793729203E-02,-0.4517343376709E-03,-0.2320443748482E-02, 0.2575340679204E-02,-0.9603664031631E-03
-0.1574223535982E-02,-0.2849436168326E-02, 0.1168580367178E-02,-0.1760421554549E-02, 0.3652755889131E-02,-0.7960644028006E-03,-0.2665373898128E-02, 0.2216202348444E-02,-0.1152267340075E-02
-0.1683603490870E-02,-0.2987539882906E-02, 0.1089834039687E-02,-0.1793747616986E-02, 0.3515173415623E-02,-0.8687546243394E-03,-0.2717294268439E-02, 0.2025047836798E-02,-0.1282337993129E-02
-0.1787592489353E-02,-0.3108227213713E-02, 0.9430789440588E-03,-0.1865136603933E-02, 0.3427913250827E-02,-0.9682544396744E-03,-0.2791045552197E-02, 0.1849984093168E-02,-0.1440871069036E-02
-0.1915391626231E-02,-0.3178050960545E-02, 0.6485882497448E-03,-0.2053995403912E-02, 0.3404152137422E-02,-0.1169631438017E-02,-0.2967742984398E-02, 0.1723065151289E-02,-0.1630386696474E-02
-0.5073283628630E-03,-0.1961123262495E-02, 0.2339665983124E-02,-0.6716988419338E-03, 0.4774886825797E-02, 0.3668058597369E-04,-0.1822626416772E-02, 0.3371406365825E-02,-0.1735760662568E-03
-0.7712500976267E-03,-0.2196794064529E-02, 0.2085319137687E-02,-0.9005915039838E-03, 0.4766806836979E-02, 0.8977538693984E-04,-0.1937947572874E-02, 0.3066647410984E-02,-0.4021727519726E-03
-0.9433822810156E-03,-0.2378095884255E-02, 0.1818236614182E-02,-0.1143158095146E-02, 0.4502614358723E-02,-0.7038302609187E-04,-0.2064978170410E-02, 0.2826783244730E-02,-0.6271494113400E-03
-0.1075793194816E-02,-0.2516883000543E-02, 0.1574512340704E-02,-0.1368064445244E-02, 0.4141820839352E-02,-0.3304225830906E-03,-0.2209461370197E-02, 0.2635469413308E-02,-0.8211945779177E-03
-0.1037504099256E-02,-0.2494172910487E-02, 0.1582878125252E-02,-0.1373898887781E-02, 0.4174772211118E-02,-0.3511770165172E-03,-0.2227290363800E-02, 0.2692376018673E-02,-0.8140531115027E-03
-0.1429724340795E-02,-0.2714330238293E-02, 0.1301514256195E-02,-0.1639559741554E-02, 0.3768476470562E-02,-0.6966568488659E-03,-0.2573758219792E-02, 0.2333114939943E-02,-0.1007244566938E-02
-0.1539948806224E-02,-0.2853437162703E-02, 0.1222383441596E-02,-0.1673535114578E-02, 0.3630716846547E-02,-0.7698671434892E-03,-0.2626331816777E-02, 0.2142014662263E-02,-0.1137863328022E-02
-0.1644974350807E-02,-0.2975305821573E-02, 0.1075233268692E-02,-0.1745667273088E-02, 0.3543368709016E-02,-0.8699906727392E-03,-0.2700848404048E-02, 0.1966861570229E-02,-0.1297014158217E-02
-0.1774272337690E-02,-0.3046815862983E-02, 0.7803651049244E-03,-0.1935459943764E-02, 0.3519784392641E-02,-0.1072165781718E-02,-0.2878552638229E-02, 0.1839577573577E-02,-0.1487299226069E-02
-0.5025951607658E-03,-0.1947866982604E-02, 0.2339071350608E-02,-0.6664370015499E-03, 0.4760866835641E-02, 0.2803863206672E-04,-0.1820659077867E-02, 0.3370734502641E-02,-0.1624763390087E-03
-0.7665747837700E-03,-0.2183627614509E-02, 0.2084774693493E-02,-0.8953237624042E-03, 0.4752923228036E-02, 0.8107109872690E-04,-0.1936001501723E-02, 0.3066073324642E-02,-0.3911039299343E-03
-0.9387837690511E-03,-0.2365064065872E-02, 0.1817814182884E-02,-0.1137906887457E-02, 0.4489059297026E-02,-0.7905402467730E-04,-0.2063080203788E-02, 0.2826382424566E-02,-0.6161146972899E-03
-0.1071259683407E-02,-0.2503998498510E-02, 0.1574252966201E-02,-0.1362837203124E-02, 0.4128696760906E-02,-0.3389973658419E-03,-0.2207611350988E-02, 0.2635288089119E-02,-0.8101897454764E-03
-0.1033052841856E-02,-0.2481318698673E-02, 0.1582442905593E-02,-0.1368705422336E-02, 0.4161246007347E-02,-0.3598436555901E-03,-0.2225458419103E-02, 0.2691953673219E-02,-0.8030961936714E-03
-0.1425162566538E-02,-0.2701649954882E-02, 0.1301581004289E-02,-0.1634342711962E-02, 0.3756162746517E-02,-0.7049812122365E-03,-0.2571895648493E-02, 0.2333394258941E-02,-0.9962571019459E-03
-0.1535356960852E-02,-0.2840828553511E-02, 0.1222579103714E-02,-0.1668321279826E-02, 0.3618766524718E-02,-0.7780919022851E-03,-0.2624478056272E-02, 0.2142507890910E-02,-0.1126867566965E-02
-0.1640355026799E-02,-0.2962784826740E-02, 0.1075610422884E-02,-0.1740453588762E-02, 0.3531480077479E-02,-0.8780958669646E-03,-0.2699005876170E-02, 0.1967602423041E-02,-0.1286003937848E-02
-0.1769638041729E-02,-0.3034425595295E-02, 0.7810328364186E-03,-0.1930242037854E-02, 0.3507450343022E-02,-0.1080103678823E-02,-0.2876718037765E-02, 0.1840633256926E-02,-0.1476272250603E-02
-0.2977569657148E-03,-0.1767967051857E-02, 0.2501997179149E-02,-0.5312453298205E-03, 0.4904344417337E-02, 0.1876088567215E-03,-0.1627438838383E-02, 0.3569499225069E-02,-0.7967035284990E-06
-0.5621362343485E-03,-0.2004692611231E-02, 0.2249206093256E-02,-0.7594214521330E-03, 0.4897273935477E-02, 0.2402337003917E-03,-0.1743659388010E-02, 0.3266674555629E-02,-0.2286363539635E-03
-0.7355752751017E-03,-0.2187804528169E-02, 0.1983026437959E-02,-0.1001948856270E-02, 0.4634528600568E-02, 0.7967397175930E-04,-0.1872028664071E-02, 0.3027974958765E-02,-0.4534077693508E-03
-0.8696703604672E-03,-0.2328725558353E-02, 0.1739678358148E-02,-0.1227268497439E-02, 0.4275130757730E-02,-0.1807690212835E-03,-0.2018039239559E-02, 0.2837245340720E-02,-0.6476638856552E-03
-0.8313831704863E-03,-0.2305977941337E-02, 0.1748223990334E-02,-0.1233031416691E-02, 0.4308497068904E-02,-0.2013484198184E-03,-0.2035783769373E-02, 0.2894236477639E-02,-0.6404444161929E-03
-0.1226213755006E-02,-0.2529685981180E-02, 0.1466357504532E-02,-0.1500048311716E-02, 0.3902466928748E-02,-0.5480995690324E-03,-0.2384954580788E-02, 0.2535075666051E-02,-0.8348419648747E-03
-0.1337497327094E-02,-0.2670051617098E-02, 0.1386853279178E-02,-0.1534759620944E-02, 0.3764719277349E-02,-0.6219889615864E-03,-0.2438646527229E-02, 0.2344112876982E-02,-0.9659650773940E-03
-0.1443827880469E-02,-0.2793420248612E-02, 0.1239378156793E-02,-0.1607701380654E-02, 0.3677173766312E-02,-0.7228981639657E-03,-0.2514452596795E-02, 0.2168917827984E-02,-0.1125677670657E-02
-0.1574984713688E-02,-0.2867101410166E-02, 0.9443758638778E-03,-0.1798385727661E-02, 0.3653189869363E-02,-0.9259799741993E-03,-0.2693841243917E-02, 0.2041255299979E-02,-0.1316654818766E-02
-0.2378306400777E-03,-0.1721641095673E-02, 0.2538829292611E-02,-0.4759649609236E-03, 0.4953980761924E-02, 0.2647774336814E-03,-0.1559680684574E-02, 0.3611032256459E-02, 0.4211474831209E-04
-0.5021983990161E-03,-0.1958452868383E-02, 0.2286660542334E-02,-0.7038495542589E-03, 0.4947196442674E-02, 0.3171477567265E-03,-0.1676140959096E-02, 0.3308979412663E-02,-0.1853193863633E-03
-0.6758876381989E-03,-0.2141903582817E-02, 0.2020955656994E-02,-0.9462769794361E-03, 0.4685089775382E-02, 0.1564362221964E-03,-0.1804864496800E-02, 0.3070846998140E-02,-0.4098358111649E-03
-0.8103542022075E-03,-0.2283288627310E-02, 0.1777933287471E-02,-0.1171642034311E-02, 0.4326401582702E-02,-0.1041240550634E-03,-0.1951284194574E-02, 0.2880511324585E-02,-0.6039734276275E-03
-0.7720950885486E-03,-0.2260547476676E-02, 0.1786492832545E-02,-0.1177382218889E-02, 0.4359808636446E-02,-0.1246618329933E-03,-0.1968996904495E-02, 0.2937469181923E-02,-0.5967445011318E-03
-0.1167442683027E-02,-0.2485043259809E-02, 0.1504810699387E-02,-0.1444764224579E-02, 0.3954243911807E-02,-0.4718583783906E-03,-0.2318943657883E-02, 0.2578735447159E-02,-0.7912678416746E-03
-0.1278975534792E-02,-0.2625658307619E-02, 0.1425285631343E-02,-0.1479710092881E-02, 0.3816506293179E-02,-0.5460270440356E-03,-0.2372982175851E-02, 0.2387934945319E-02,-0.9224404869727E-03
-0.1385619289234E-02,-0.2749354318089E-02, 0.1277838582932E-02,-0.1552896919267E-02, 0.3729180630627E-02,-0.6472392382373E-03,-0.2449179984286E-02, 0.2212866190794E-02,-0.1082201586044E-02
-0.1517212817683E-02,-0.2823573147434E-02, 0.9830099558802E-03,-0.1743813035716E-02, 0.3705905282801E-02,-0.8506268554225E-03,-0.2629052157884E-02, 0.2085284275634E-02,-0.1273229760081E-02
-0.1731474475248E-03,-0.1669878823786E-02, 0.2593885600156E-02,-0.3987327566986E-03, 0.5026831339412E-02, 0.3494063507683E-03,-0.1493050652516E-02, 0.3662580893898E-02, 0.9713593387766E-04
-0.4374400526921E-03,-0.1906753245863E-02, 0.2342444494414E-02,-0.6262961822448E-03, 0.5020351343997E-02, 0.4015604928742E-03,-0.1609682611001E-02, 0.3361443870628E-02,-0.1298224250437E-03
-0.6113677811987E-03,-0.2090559341082E-02, 0.2077273207951E-02,-0.8686391437932E-03, 0.4758947026148E-02, 0.2407193086038E-03,-0.1738722031005E-02, 0.3123965246887E-02,-0.3540450701025E-03
-0.7462245669798E-03,-0.2232448312367E-02, 0.1834593769532E-02,-0.1094099712947E-02, 0.4401032133283E-02,-0.1995255750085E-04,-0.1885527256197E-02, 0.2934064731856E-02,-0.5480530779387E-03
-0.7079880807244E-03,-0.2209709758908E-02, 0.1843198107360E-02,-0.1099806218941E-02, 0.4434529096871E-02,-0.4043152976588E-04,-0.1903201376613E-02, 0.2991023455038E-02,-0.5408044443901E-03
-0.1103901046106E-02,-0.2435079694820E-02, 0.1561598551883E-02,-0.1367725960482E-02, 0.4029325612184E-02,-0.3881297570447E-03,-0.2253868496839E-02, 0.2632676864644E-02,-0.7355094885016E-03
-0.1215711162885E-02,-0.2575970805025E-02, 0.1481997461346E-02,-0.1402981037292E-02, 0.3891476098645E-02,-0.4626110954029E-03,-0.2308254250074E-02, 0.2442027756344E-02,-0.8667705424436E-03
-0.1322705700239E-02,-0.2700031034129E-02, 0.1334523460631E-02,-0.1476498787277E-02, 0.3804547967237E-02,-0.5641652985902E-03,-0.2384843450231E-02, 0.2267061773847E-02,-0.1026621857856E-02
-0.1454787034993E-02,-0.2774849511814E-02, 0.1039823607961E-02,-0.1667755238795E-02, 0.3782730381052E-02,-0.7679006459353E-03,-0.2565181116048E-02, 0.2139518848851E-02,-0.1217739706511E-02
-0.7771005140058E-04,-0.1583476924848E-02, 0.2703000989623E-02,-0.2756116470693E-03, 0.5147853050069E-02, 0.4462386422843E-03,-0.1413477015830E-02, 0.3760413541039E-02, 0.1950882682237E-03
-0.3419362639796E-03,-0.1820593342016E-02, 0.2452549591100E-02,-0.5027686664602E-03, 0.5141818456067E-02, 0.4982534688901E-03,-0.1530266572584E-02, 0.3460541987869E-02,-0.3128485901276E-04
-0.5162836060011E-03,-0.2005066964333E-02, 0.2188003186197E-02,-0.7450945089318E-03, 0.4881270382886E-02, 0.3372969822035E-03,-0.1659712249844E-02, 0.3223876270861E-02,-0.2552220276019E-03
-0.6517987176007E-03,-0.2147831180572E-02, 0.1945628008583E-02,-0.9708188842823E-03, 0.4524234270788E-02, 0.7648127725275E-04,-0.1807038994218E-02, 0.3034432120010E-02,-0.4491929737912E-03
-0.6135617613752E-03,-0.2125075838246E-02, 0.1954369184398E-02,-0.9764660463689E-03, 0.4557990550518E-02, 0.5611413292788E-04,-0.1824657472306E-02, 0.3091489236203E-02,-0.4418919234108E-03
-0.1010518810077E-02,-0.2351964949903E-02, 0.1672456269908E-02,-0.1245382072813E-02, 0.4152799690881E-02,-0.2922794073293E-03,-0.2176235470754E-02, 0.2733271436762E-02,-0.6371151439602E-03
-0.1122795303036E-02,-0.2493368732816E-02, 0.1592599660878E-02,-0.1281143699156E-02, 0.4014622885759E-02,-0.3671620056767E-03,-0.2231075922402E-02, 0.2542707886584E-02,-0.7686339607793E-03
-0.1230376043198E-02,-0.2618068953671E-02, 0.1444907137515E-02,-0.1355222489316E-02, 0.3928243962527E-02,-0.4691714202563E-03,-0.2308182407913E-02, 0.2367729875358E-02,-0.9287646738272E-03
-0.1363280992607E-02,-0.2693869491802E-02, 0.1150137133917E-02,-0.1547116300115E-02, 0.3908741090185E-02,-0.6734016352138E-03,-0.2489133345995E-02, 0.2240018161574E-02,-0.1120187339408E-02
-0.2844922843274E-03,-0.2239135273652E-02, 0.2939009469405E-02,-0.6223147280925E-03, 0.5735445220757E-02, 0.4313866404407E-03,-0.1897242431117E-02, 0.4217864361365E-02, 0.7009667432814E-04
-0.5561789437693E-03,-0.2476425468284E-02, 0.2671921791458E-02,-0.8575347474847E-03, 0.5714614417417E-02, 0.4805024217673E-03,-0.2014533709196E-02, 0.3897395913442E-02,-0.1664972136595E-03
-0.7321576660485E-03,-0.2656813721255E-02, 0.2394264564699E-02,-0.1104536951201E-02, 0.5434892043279E-02, 0.3144010780114E-03,-0.2142340663966E-02, 0.3645604322276E-02,-0.3975646497894E-03
-0.8668046142797E-03,-0.2793528189591E-02, 0.2141665806029E-02,-0.1332640658439E-02, 0.5058210017118E-02, 0.4746260797079E-04,-0.2287405054517E-02, 0.3444661452184E-02,-0.5963072583167E-03
-0.8244402631945E-03,-0.2768370957953E-02, 0.2153828011216E-02,-0.1335678809593E-02, 0.5095972336264E-02, 0.2973303305571E-04,-0.2303153573609E-02, 0.3506363834144E-02,-0.5859763200953E-03
-0.1229607841058E-02,-0.2988848400466E-02, 0.1854155760568E-02,-0.1609429860270E-02, 0.4661694683829E-02,-0.3314057157729E-03,-0.2656273179318E-02, 0.3124009332482E-02,-0.7896244895846E-03
-0.1343274128235E-02,-0.3128451768522E-02, 0.1769527685231E-02,-0.1644646225068E-02, 0.4510565899434E-02,-0.4085093948866E-03,-0.2709506881257E-02, 0.2924009567147E-02,-0.9242518752672E-03
-0.1451443658420E-02,-0.3250234576969E-02, 0.1615463520628E-02,-0.1718487870578E-02, 0.4430642725033E-02,-0.5129825660301E-03,-0.2784841911374E-02, 0.2740164712742E-02,-0.1087892580491E-02
-0.1583861526973E-02,-0.3319859774791E-02, 0.1310322726113E-02,-0.1911512875390E-02, 0.4451764926997E-02,-0.7215175896047E-03,-0.2964454446032E-02, 0.2604427805207E-02,-0.1283322209889E-02
-0.1557353228751E-03,-0.2111956707523E-02, 0.3053579317256E-02,-0.4914609446836E-03, 0.5846489933939E-02, 0.5668276713252E-03,-0.1787297771464E-02, 0.4250883362452E-02, 0.1021840124591E-03
-0.4279728857799E-03,-0.2350440377480E-02, 0.2787074459172E-02,-0.7269210797006E-03, 0.5826140403326E-02, 0.6151603880386E-03,-0.1905468470344E-02, 0.3931527868320E-02,-0.1339668666318E-03
-0.6052021773026E-03,-0.2532556799607E-02, 0.2509522448974E-02,-0.9746797034134E-03, 0.5546993853420E-02, 0.4482483129090E-03,-0.2034490269638E-02, 0.3680320721635E-02,-0.3649905175578E-03
-0.7413560473791E-03,-0.2671177592232E-02, 0.2256715483106E-02,-0.1203808405722E-02, 0.5170826873791E-02, 0.1805085638468E-03,-0.2180869402451E-02, 0.3479632384312E-02,-0.5639388736484E-03
-0.6989733715728E-03,-0.2646008205017E-02, 0.2269074779877E-02,-0.1206771489591E-02, 0.5208783642860E-02, 0.1629629958215E-03,-0.2196567127191E-02, 0.3541502962003E-02,-0.5535444330714E-03
-0.1106168922936E-02,-0.2869418762294E-02, 0.1968505470148E-02,-0.1482462405727E-02, 0.4774537983653E-02,-0.1997854844340E-03,-0.2551724601044E-02, 0.3159293985399E-02,-0.7578174346416E-03
-0.1220552824320E-02,-0.3010004079509E-02, 0.1883546899428E-02,-0.1518421070444E-02, 0.4623313329583E-02,-0.2775383291215E-03,-0.2605724079010E-02, 0.2959499074335E-02,-0.8925192305189E-03
-0.1329654343179E-02,-0.3132965069444E-02, 0.1729135141063E-02,-0.1593122849454E-02, 0.4543326708160E-02,-0.3827884287669E-03,-0.2681964475607E-02, 0.2775728829284E-02,-0.1056297356932E-02
-0.1463522960817E-02,-0.3204351120550E-02, 0.1423607086439E-02,-0.1787309246121E-02, 0.4564546748370E-02,-0.5923558143152E-03,-0.2862840540475E-02, 0.2639814605559E-02,-0.1252077804092E-02
-0.6007467992671E-05,-0.1966027837963E-02, 0.3186954528084E-02,-0.3561521951127E-03, 0.5966119151552E-02, 0.6849194000106E-03,-0.1686519511850E-02, 0.4336940383955E-02, 0.2177359071767E-03
-0.2786517763957E-03,-0.2205585079875E-02, 0.2921461274593E-02,-0.5914738080523E-03, 0.5946512197934E-02, 0.7328508883573E-03,-0.1805262777892E-02, 0.4019071010395E-02,-0.1801313544040E-04
-0.4569921865411E-03,-0.2389349065340E-02, 0.2644369697028E-02,-0.8396580695096E-03, 0.5668304238324E-02, 0.5654655067079E-03,-0.1935243611580E-02, 0.3768708550792E-02,-0.2490794015456E-03
-0.5945540563717E-03,-0.2529834222612E-02, 0.2391621599184E-02,-0.1069544583741E-02, 0.5292993789133E-02, 0.2972067345134E-03,-0.2082721463311E-02, 0.3568428092815E-02,-0.4483671326861E-03
-0.5521282303221E-03,-0.2504639843172E-02, 0.2404212356651E-02,-0.1072432566445E-02, 0.5331308191600E-02, 0.2798515526124E-03,-0.2098365921054E-02, 0.3630494715889E-02,-0.4378866765065E-03
-0.9614436068600E-03,-0.2731025765606E-02, 0.2102923057826E-02,-0.1349782787556E-02, 0.4897059487657E-02,-0.8415706370645E-04,-0.2455206022483E-02, 0.3248413532418E-02,-0.6432239562612E-03
-0.1076619802806E-02,-0.2872651425416E-02, 0.2017640495145E-02,-0.1386443263837E-02, 0.4745764653943E-02,-0.1624600156050E-03,-0.2509900036635E-02, 0.3048819314815E-02,-0.7783007293037E-03
-0.1186725187593E-02,-0.2996847517638E-02, 0.1862903663326E-02,-0.1461953038028E-02, 0.4665753125753E-02,-0.2683771029912E-03,-0.2586959176394E-02, 0.2865095061228E-02,-0.9425213234504E-03
-0.1322090942501E-02,-0.3070026922422E-02, 0.1557088506520E-02,-0.1657178396377E-02, 0.4687151223717E-02,-0.4788084010862E-03,-0.2768931418681E-02, 0.2728936713371E-02,-0.1138919423902E-02
 0.1429019570960E-03,-0.1822511220533E-02, 0.3316703319781E-02,-0.2333473918199E-03, 0.6076996256447E-02, 0.7856643453647E-03,-0.1590362241101E-02, 0.4448953114599E-02, 0.3638248575227E-03
-0.1300044519007E-03,-0.2062953478612E-02, 0.3052403739773E-02,-0.4682936166612E-03, 0.6058207064596E-02, 0.8334281193916E-03,-0.1709500823737E-02, 0.4132673061504E-02, 0.1284772067286E-03
-0.3092560120198E-03,-0.2248151283653E-02, 0.2775973657187E-02,-0.7166368898312E-03, 0.5781107244093E-02, 0.6658122152801E-03,-0.1840249027907E-02, 0.3883259423444E-02,-0.1026146521374E-03
-0.4480243837505E-03,-0.2390293663467E-02, 0.2523473955517E-02,-0.9470204795908E-03, 0.5406839130009E-02, 0.3972627707059E-03,-0.1988642008198E-02, 0.3683469511013E-02,-0.3022281667679E-03
-0.4055533792568E-03,-0.2365071278626E-02, 0.2536286083878E-02,-0.9498416049031E-03, 0.5445586062961E-02, 0.3800824443125E-03,-0.2004234790132E-02, 0.3745714610898E-02,-0.2916613227109E-03
-0.8167982040021E-03,-0.2594168258650E-02, 0.2234509228895E-02,-0.1228481681922E-02, 0.5011367361386E-02, 0.1514781087230E-04,-0.2362502915499E-02, 0.3363790105421E-02,-0.4981299540933E-03
-0.9327263365683E-03,-0.2736762839752E-02, 0.2148952971581E-02,-0.1265744298861E-02, 0.4860051177188E-02,-0.6360227685882E-04,-0.2417824762533E-02, 0.3164391562569E-02,-0.6336769301670E-03
-0.1043773618732E-02,-0.2862105455992E-02, 0.1993958031259E-02,-0.1341940459612E-02, 0.4780024752782E-02,-0.1700627005441E-03,-0.2495619360647E-02, 0.2980710578612E-02,-0.7984270261127E-03
-0.1180508801472E-02,-0.2936928491969E-02, 0.1687982342676E-02,-0.1538004314145E-02, 0.4801545557957E-02,-0.3811699082421E-03,-0.2678545576461E-02, 0.2844314742749E-02,-0.9954845406291E-03
 0.1454730427811E-03,-0.1810332079882E-02, 0.3313270422464E-02,-0.2298022513436E-03, 0.6059354106844E-02, 0.7747596354641E-03,-0.1589713639359E-02, 0.4445222652264E-02, 0.3730016077979E-03
-0.1274668677220E-03,-0.2050859655019E-02, 0.3049061798382E-02,-0.4647383616851E-03, 0.6041086169741E-02, 0.8224802353902E-03,-0.1708875121225E-02, 0.4129097081765E-02, 0.1376341289386E-03
-0.3067573475856E-03,-0.2236187523262E-02, 0.2772823745196E-02,-0.7130813095423E-03, 0.5764363494047E-02, 0.6549358997849E-03,-0.1839666932050E-02, 0.3879938656962E-02,-0.9346599496411E-04
-0.4455451872907E-03,-0.2378472315688E-02, 0.2520569603821E-02,-0.9434643022058E-03, 0.5390449449643E-02, 0.3865307556708E-03,-0.1988098795056E-02, 0.3680459343598E-02,-0.2930758769163E-03
-0.4031857968487E-03,-0.2353273278703E-02, 0.2533157414195E-02,-0.9463351029188E-03, 0.5428493175841E-02, 0.3692239271385E-03,-0.2003712555586E-02, 0.3742392000828E-02,-0.2825789396435E-03
-0.8142001081496E-03,-0.2582539197409E-02, 0.2232066420156E-02,-0.1224883251114E-02, 0.4996100734227E-02, 0.4754550007206E-05,-0.2361921570500E-02, 0.3361385914154E-02,-0.4889333669928E-03
-0.9300656577832E-03,-0.2725187939690E-02, 0.2146682287201E-02,-0.1262127948116E-02, 0.4845213872094E-02,-0.7386480095256E-04,-0.2417237279587E-02, 0.3162259560255E-02,-0.6244433420000E-03
-0.1041046135139E-02,-0.2850599837053E-02, 0.1991928423949E-02,-0.1338298168869E-02, 0.4765283382674E-02,-0.1801661452172E-03,-0.2495026116062E-02, 0.2978896258017E-02,-0.7891434688005E-03
-0.1177708691406E-02,-0.2925539605098E-02, 0.1686343803239E-02,-0.1534320444912E-02, 0.4786382797715E-02,-0.3910453537013E-03,-0.2677940764782E-02, 0.2842913115773E-02,-0.9861357462543E-03
 0.3511082249961E-03,-0.1627364964320E-02, 0.3475594517369E-02,-0.9308527382845E-04, 0.6203147659479E-02, 0.9351239615513E-03,-0.1393729021505E-02, 0.4642516458213E-02, 0.5359039212666E-03
 0.7811349728611E-04,-0.1868736977669E-02, 0.3213241627625E-02,-0.3271372111369E-03, 0.6185475067511E-02, 0.9826595602807E-03,-0.1513644897906E-02, 0.4328644778165E-02, 0.3015206312560E-03
-0.1021183847228E-03,-0.2055628638816E-02, 0.2938121107117E-02,-0.5752552545189E-03, 0.5910327302638E-02, 0.8149324002332E-03,-0.1645609436178E-02, 0.4080816754018E-02, 0.7084234533030E-04
-0.2422849636389E-03,-0.2199803307549E-02, 0.2686376593981E-02,-0.8058765731572E-03, 0.5538078555822E-02, 0.5462710426093E-03,-0.1795411634471E-02, 0.3881973209763E-02,-0.1287930854165E-03
-0.1998087069402E-03,-0.2174555166282E-02, 0.2699423359052E-02,-0.8086218256179E-03, 0.5577562095452E-02, 0.5293061959766E-03,-0.1810922093669E-02, 0.3944340884679E-02,-0.1181409126681E-03
-0.6132123826269E-03,-0.2407055106915E-02, 0.2397590142366E-02,-0.1088377712934E-02, 0.5143774880197E-02, 0.1634599794336E-03,-0.2171685003713E-02, 0.3563002856900E-02,-0.3255839769966E-03
-0.7300631614213E-03,-0.2550854007737E-02, 0.2311812563410E-02,-0.1126308868263E-02, 0.4992655039026E-02, 0.8414018623667E-04,-0.2228080552741E-02, 0.3363977175819E-02,-0.4615356723105E-03
-0.8422729494712E-03,-0.2677641940962E-02, 0.2156680079498E-02,-0.1203235095047E-02, 0.4912514735034E-02,-0.2298111300137E-04,-0.2307109567210E-02, 0.3180478149842E-02,-0.6267338241310E-03
-0.9806674690683E-03,-0.2754574180320E-02, 0.1850868688488E-02,-0.1400062404159E-02, 0.4933572622783E-02,-0.2347979170069E-03,-0.2491617713999E-02, 0.3043921022625E-02,-0.8243351500763E-03
 0.4104107575048E-03,-0.1580592771741E-02, 0.3511247948327E-02,-0.3800559822081E-04, 0.6251092650271E-02, 0.1011406719867E-02,-0.1325564555766E-02, 0.4682657553190E-02, 0.5784677629018E-03
 0.1375397689087E-03,-0.1822017048721E-02, 0.3249630542804E-02,-0.2717089263096E-03, 0.6233800471922E-02, 0.1058748352130E-02,-0.1445682971767E-02, 0.4369682513253E-02, 0.3445495989265E-03
-0.4283683302153E-04,-0.2009214246461E-02, 0.2975109021266E-02,-0.5196627739815E-03, 0.5959469792816E-02, 0.8909815347669E-03,-0.1577962492464E-02, 0.4122546898108E-02, 0.1141895576083E-03
-0.1832788466039E-03,-0.2153822591446E-02, 0.2723809753726E-02,-0.7502663786451E-03, 0.5588132811136E-02, 0.6223332622980E-03,-0.1728134044341E-02, 0.3924212597973E-02,-0.8526765054115E-04
-0.1408357199045E-03,-0.2128586641614E-02, 0.2736877266096E-02,-0.7529933696550E-03, 0.5627724338247E-02, 0.6054167893241E-03,-0.1743616752465E-02, 0.3986548061817E-02,-0.7460958553890E-04
-0.5545983019965E-03,-0.2361825629087E-02, 0.2435383460702E-02,-0.1033019808582E-02, 0.5194568732779E-02, 0.2393003301246E-03,-0.2105076947572E-02, 0.3605795503622E-02,-0.2820947252872E-03
-0.6716527766928E-03,-0.2505856945213E-02, 0.2349633016789E-02,-0.1071161525069E-02, 0.5043526172517E-02, 0.1597475788454E-03,-0.2161802126930E-02, 0.3406993518119E-02,-0.4180656061842E-03
-0.7841261984394E-03,-0.2632954095302E-02, 0.2194587098212E-02,-0.1148302442643E-02, 0.4963642020485E-02, 0.5238092559286E-04,-0.2241201524792E-02, 0.3223684570480E-02,-0.5832768558132E-03
-0.9228854040240E-03,-0.2710401556171E-02, 0.1889042747671E-02,-0.1345309461360E-02, 0.4985415343399E-02,-0.1596419135168E-03,-0.2426153941166E-02, 0.3087285158264E-02,-0.7808800789612E-03
 0.4747260748740E-03,-0.1528155723506E-02, 0.3565199650490E-02, 0.3924981589149E-04, 0.6322139314961E-02, 0.1095399763250E-02,-0.1258335419633E-02, 0.4733017494069E-02, 0.6333637722366E-03
 0.2020546266475E-03,-0.1769603725868E-02, 0.3304445765631E-02,-0.1940619282045E-03, 0.6305322060782E-02, 0.1142597529766E-02,-0.1378582548673E-02, 0.4421100955967E-02, 0.3999933813490E-03
 0.2155506930070E-04,-0.1957117477578E-02, 0.3030602422473E-02,-0.4418532149550E-03, 0.6031899697761E-02, 0.9748227678277E-03,-0.1511133469448E-02, 0.4174754527144E-02, 0.1700007550186E-03
-0.1191736403098E-03,-0.2102194095383E-02, 0.2779782193936E-02,-0.6724766108766E-03, 0.5661540627078E-02, 0.7062004458299E-03,-0.1661646969511E-02, 0.3976975799008E-02,-0.2925933456798E-04
-0.7675327133725E-04,-0.2076969198175E-02, 0.2792911047416E-02,-0.6751729662636E-03, 0.5701257214247E-02, 0.6893559420720E-03,-0.1677095795927E-02, 0.4039324622760E-02,-0.1858245303908E-04
-0.4909226888956E-03,-0.2311024396251E-02, 0.2491661372400E-02,-0.9556299963002E-03, 0.5268685967449E-02, 0.3229129952304E-03,-0.2039196857715E-02, 0.3659111810415E-02,-0.2261628147625E-03
-0.6082083065297E-03,-0.2455315510631E-02, 0.2405887488805E-02,-0.9940561527142E-03, 0.5117619605765E-02, 0.2430947259720E-03,-0.2096253212169E-02, 0.3460526324048E-02,-0.3621889376929E-03
-0.7209828038402E-03,-0.2582759227706E-02, 0.2250880225839E-02,-0.1071495132604E-02, 0.5038185979077E-02, 0.1354438967905E-03,-0.2176023695699E-02, 0.3277385288562E-02,-0.5274518946318E-03
-0.8601572939138E-03,-0.2660782017525E-02, 0.1945571285387E-02,-0.1268781821725E-02, 0.5061429154569E-02,-0.7682664027720E-04,-0.2361403199936E-02, 0.3141098788155E-02,-0.7250921196693E-03
 0.5702140664698E-03,-0.1440404710110E-02, 0.3673069411183E-02, 0.1628384640810E-03, 0.6441179264336E-02, 0.1192109330388E-02,-0.1177667038283E-02, 0.4829580703687E-02, 0.7315789201644E-03
 0.2977908615748E-03,-0.1682032802917E-02, 0.3413522041215E-02,-0.6995722289584E-04, 0.6425091270949E-02, 0.1239290846824E-02,-0.1298006737522E-02, 0.4519159698644E-02, 0.4989094618844E-03
 0.1170337161833E-03,-0.1870153084741E-02, 0.3140523331440E-02,-0.3176146000131E-03, 0.6152816348094E-02, 0.1071555652282E-02,-0.1430899381581E-02, 0.4273822015437E-02, 0.2693145696383E-03
-0.2421323130197E-04,-0.2016049753464E-02, 0.2890207454700E-02,-0.5483917105570E-03, 0.5783599902918E-02, 0.8029472742191E-03,-0.1581874498090E-02, 0.4076661903068E-02, 0.7019007622662E-04
 0.1822040947163E-04,-0.1990821381135E-02, 0.2903516973992E-02,-0.5510259380324E-03, 0.5823601585084E-02, 0.7862457150130E-03,-0.1597272009039E-02, 0.4139150585243E-02, 0.8092677780537E-04
-0.3967999789429E-03,-0.2226309043130E-02, 0.2602160891681E-02,-0.8323373050692E-03, 0.5391324074183E-02, 0.4192850773571E-03,-0.1960190258977E-02, 0.3759251386843E-02,-0.1270643828912E-03
-0.5144935854337E-03,-0.2371092748203E-02, 0.2516206164704E-02,-0.8712390432744E-03, 0.5240067462303E-02, 0.3391183629744E-03,-0.2017684102205E-02, 0.3560851173488E-02,-0.2633004336614E-03
-0.6277934911990E-03,-0.2499155115794E-02, 0.2361076046770E-02,-0.9491971567642E-03, 0.5161267968504E-02, 0.2310728776326E-03,-0.2097950312777E-02, 0.3377789709662E-02,-0.4287881296027E-03
-0.7677043043596E-03,-0.2578128112671E-02, 0.2055854717397E-02,-0.1147039456528E-02, 0.5186827780104E-02, 0.1840735108801E-04,-0.2283900184811E-02, 0.3241418535135E-02,-0.6266617939876E-03
 0.4803280604203E-03,-0.2006115938259E-02, 0.4036376087395E-02,-0.7725291886249E-04,-0.1537980017192E-02, 0.1294690644490E-02,-0.1567101622969E-02, 0.5412990196377E-02, 0.7158551122855E-03
 0.1978739226550E-03,-0.2249219459467E-02, 0.3757550410381E-02,-0.3196963067606E-03,-0.1747273980871E-02, 0.1337132203127E-02,-0.1689210382605E-02, 0.5079271949448E-02, 0.4713191629837E-03
 0.1324759088906E-04,-0.2434426755168E-02, 0.3468831961094E-02,-0.5735776970140E-03,-0.1981322377019E-02, 0.1162120890454E-02,-0.1821642886741E-02, 0.4816433081780E-02, 0.2330619711824E-03
-0.1291148697116E-03,-0.2575333998462E-02, 0.3205875722266E-02,-0.8081955511297E-03,-0.2205385042465E-02, 0.8852215519789E-03,-0.1971468376521E-02, 0.4605687152397E-02, 0.2777270984233E-04
-0.8229822997707E-04,-0.2547338546004E-02, 0.3222602689529E-02,-0.8079420764993E-03,-0.2213105954664E-02, 0.8712098689089E-03,-0.1984697315442E-02, 0.4672788349605E-02, 0.4178901823503E-04
-0.5093039167531E-03,-0.2778633020233E-02, 0.2899869806922E-02,-0.1096834496977E-02,-0.2484592528563E-02, 0.4880181796604E-03,-0.2351575277601E-02, 0.4265328344577E-02,-0.1771453296117E-03
-0.6296013493872E-03,-0.2922379041550E-02, 0.2807867037823E-02,-0.1136024922359E-02,-0.2532174653655E-02, 0.4045243665509E-03,-0.2408165448061E-02, 0.4056070017779E-02,-0.3174526536129E-03
-0.7447613820626E-03,-0.3048326518566E-02, 0.2644862180752E-02,-0.1214694221748E-02,-0.2584208179503E-02, 0.2927827037944E-03,-0.2487443511894E-02, 0.3862726409585E-02,-0.4875026793900E-03
-0.8858295102534E-03,-0.3122078287837E-02, 0.2327103575442E-02,-0.1415016074423E-02,-0.2690042465655E-02, 0.7405336763090E-04,-0.2673157029172E-02, 0.3716773020393E-02,-0.6906782811380E-03
 0.6067981010844E-03,-0.1878442693936E-02, 0.4147415833663E-02, 0.5243236440498E-04,-0.1398219770724E-02, 0.1427879611067E-02,-0.1457157290234E-02, 0.5443625081878E-02, 0.7468653018167E-03
 0.3240479669518E-03,-0.2122641220690E-02, 0.3869465564663E-02,-0.1901017983797E-03,-0.1608281878966E-02, 0.1469688794807E-02,-0.1580051548365E-02, 0.5111238250446E-02, 0.5028847529971E-03
 0.1383960679070E-03,-0.2309487104424E-02, 0.3581159893961E-02,-0.4445798520092E-03,-0.1843325765537E-02, 0.1294092159574E-02,-0.1713609068246E-02, 0.4849189355137E-02, 0.2647806927452E-03
-0.5275697340292E-05,-0.2452222398078E-02, 0.3318284191828E-02,-0.6800690820836E-03,-0.2068507073259E-02, 0.1016639095284E-02,-0.1864664622036E-02, 0.4638883845352E-02, 0.5938680025850E-04
 0.4157401871848E-04,-0.2424211448260E-02, 0.3335245551422E-02,-0.6797250975895E-03,-0.2076146701067E-02, 0.1002853230339E-02,-0.1877831012019E-02, 0.4706217360672E-02, 0.7348865982143E-04
-0.3871512316035E-03,-0.2658329426902E-02, 0.3011964174346E-02,-0.9703502139677E-03,-0.2349904523455E-02, 0.6183612391824E-03,-0.2246608919980E-02, 0.4299124779950E-02,-0.1459357646289E-03
-0.5080642704776E-03,-0.2803012139889E-02, 0.2919754274049E-02,-0.1010221379181E-02,-0.2398369736154E-02, 0.5343147011622E-03,-0.2303926455178E-02, 0.4090160753432E-02,-0.2862698809412E-03
-0.6240513385179E-03,-0.2930093275967E-02, 0.2756552971994E-02,-0.1089677406442E-02,-0.2451416131530E-02, 0.4219082107509E-03,-0.2384066646388E-02, 0.3896983578336E-02,-0.4564084556292E-03
-0.7664303217277E-03,-0.3005557053166E-02, 0.2438641662639E-02,-0.1291041642647E-02,-0.2558596352789E-02, 0.2023256086398E-03,-0.2570973792504E-02, 0.3750975640135E-02,-0.6598684155402E-03
 0.7548063909925E-03,-0.1731679567394E-02, 0.4277383407394E-02, 0.1868898240410E-03,-0.1279280283994E-02, 0.1544298212569E-02,-0.1356124678430E-02, 0.5526777528371E-02, 0.8612716537950E-03
 0.4719465933310E-03,-0.1976834149721E-02, 0.4000775401442E-02,-0.5534053577965E-04,-0.1489490592070E-02, 0.1585895810383E-02,-0.1479485652719E-02, 0.5196178902036E-02, 0.6178628415582E-03
 0.2854399010268E-03,-0.2165219204873E-02, 0.3713265588874E-02,-0.3100713847299E-03,-0.1725045739521E-02, 0.1410055629792E-02,-0.1613901006604E-02, 0.4935242360337E-02, 0.3798820526195E-03
 0.1405809787121E-03,-0.2309724140194E-02, 0.3450757532988E-02,-0.5461550616703E-03,-0.1950963534016E-02, 0.1132316116839E-02,-0.1765962581847E-02, 0.4725574854101E-02, 0.1742976087641E-03
 0.1874949840427E-03,-0.2281690033962E-02, 0.3468009726810E-02,-0.5457192838587E-03,-0.1958543663024E-02, 0.1118769145134E-02,-0.1779066226899E-02, 0.4793161150613E-02, 0.1885064624747E-03
-0.2430148974201E-03,-0.2518651280716E-02, 0.3144360944443E-02,-0.8377902549635E-03,-0.2233958294807E-02, 0.7332928780212E-03,-0.2149391763469E-02, 0.4386474751339E-02,-0.3180895655636E-04
-0.3646108732336E-03,-0.2664324672799E-02, 0.3051956282895E-02,-0.8783014949568E-03,-0.2283126341161E-02, 0.6487871343602E-03,-0.2207366585842E-02, 0.4177847857257E-02,-0.1724367774069E-03
-0.4814906171026E-03,-0.2792591399397E-02, 0.2888588622861E-02,-0.9584919790330E-03,-0.2336993863907E-02, 0.5358149725192E-03,-0.2288283725344E-02, 0.3984846520016E-02,-0.3429284001691E-03
-0.6252179361950E-03,-0.2869791550488E-02, 0.2570638899113E-02,-0.1160774318581E-02,-0.2445250137359E-02, 0.3155236409894E-03,-0.2476219804042E-02, 0.3838728328594E-02,-0.5468944071815E-03
 0.9024000030146E-03,-0.1587215738208E-02, 0.4404082642464E-02, 0.3090873024932E-03,-0.1179737836825E-02, 0.1643776602867E-02,-0.1259569079157E-02, 0.5635713786719E-02, 0.1006287731145E-02
 0.6195745822109E-03,-0.1833137273182E-02, 0.4128990119562E-02, 0.6739131269689E-04,-0.1389740201113E-02, 0.1685401275493E-02,-0.1383220512995E-02, 0.5307033379376E-02, 0.7634647170088E-03
 0.4324111377121E-03,-0.2022846336762E-02, 0.3842464556665E-02,-0.1873339383001E-03,-0.1625479302723E-02, 0.1509547079494E-02,-0.1518302245642E-02, 0.5047332565987E-02, 0.5256392391802E-03
 0.2865637047537E-03,-0.2168912327502E-02, 0.3580500033303E-02,-0.4237603281724E-03,-0.1851839097268E-02, 0.1231727135883E-02,-0.1671186674987E-02, 0.4838398375279E-02, 0.3198902197882E-03
 0.3335438630381E-03,-0.2140855290395E-02, 0.3598037732593E-02,-0.4232429180341E-03,-0.1859374019120E-02, 0.1218401517264E-02,-0.1684232104747E-02, 0.4906207448122E-02, 0.3342029701560E-03
-0.9856698560086E-04,-0.2380392684664E-02, 0.3274230423317E-02,-0.7164040352423E-03,-0.2135956587623E-02, 0.8322424898796E-03,-0.2055853215324E-02, 0.4499977976800E-02, 0.1129372448321E-03
-0.2208093585954E-03,-0.2526986424262E-02, 0.3181673579565E-02,-0.7574603023887E-03,-0.2185672479516E-02, 0.7473714322407E-03,-0.2114420987247E-02, 0.4291702215981E-02,-0.2806970167522E-04
-0.3385238584608E-03,-0.2656350823174E-02, 0.3018197219483E-02,-0.8382693938513E-03,-0.2240187983170E-02, 0.6339453400134E-03,-0.2196033889974E-02, 0.4098889287179E-02,-0.1989886353951E-03
-0.4834760664419E-03,-0.2735137095375E-02, 0.2700322725203E-02,-0.1041278721061E-02,-0.2349274234048E-02, 0.4131123045746E-03,-0.2384858520729E-02, 0.3952669095197E-02,-0.4034883172224E-03
 0.9025892150796E-03,-0.1576316420264E-02, 0.4397594090097E-02, 0.3107015111917E-03,-0.1178952559402E-02, 0.1630427901922E-02,-0.1260422446717E-02, 0.5628728300371E-02, 0.1013308687457E-02
 0.6197620313749E-03,-0.1822319297643E-02, 0.4122644092952E-02, 0.6902418204882E-04,-0.1388845060117E-02, 0.1672034461610E-02,-0.1384097607537E-02, 0.5300268330761E-02, 0.7704825244819E-03
 0.4326075190059E-03,-0.2012149701787E-02, 0.3836395266479E-02,-0.1856765237056E-03,-0.1624524267361E-02, 0.1496299719657E-02,-0.1519213987330E-02, 0.5040911060503E-02, 0.5326830769424E-03
 0.2867969176358E-03,-0.2158345901887E-02, 0.3574773261594E-02,-0.4220692261611E-03,-0.1850855574044E-02, 0.1218682973515E-02,-0.1672121569402E-02, 0.4832387608754E-02, 0.3269806301525E-03
 0.3336286987443E-03,-0.2130316483089E-02, 0.3592019511640E-02,-0.4216230985957E-03,-0.1858391388287E-02, 0.1205189464919E-02,-0.1685199214423E-02, 0.4899842691322E-02, 0.3411947864900E-03
-0.9810759345484E-04,-0.2369988766714E-02, 0.3269112320234E-02,-0.7146051015331E-03,-0.2134936057363E-02, 0.8196406584742E-03,-0.2056710273620E-02, 0.4494766637412E-02, 0.1201478800751E-03
-0.2202503557546E-03,-0.2516617980241E-02, 0.3176778859820E-02,-0.7556193941195E-03,-0.2184680100995E-02, 0.7349354354522E-03,-0.2115255438530E-02, 0.4286818407603E-02,-0.2078874863031E-04
-0.3378526000601E-03,-0.2646031386541E-02, 0.3013612698525E-02,-0.8363719621560E-03,-0.2239241606755E-02, 0.6217135585705E-03,-0.2196842940946E-02, 0.4094391800047E-02,-0.1916161246683E-03
-0.4826636844983E-03,-0.2724913239639E-02, 0.2696240805552E-02,-0.1039293334780E-02,-0.2348381770253E-02, 0.4011795701846E-03,-0.2385629127598E-02, 0.3948696903500E-02,-0.3959921817050E-03
 0.1108531484880E-02,-0.1390742690208E-02, 0.4558891432125E-02, 0.4485736856369E-03,-0.1033149180457E-02, 0.1791233365350E-02,-0.1062150084615E-02, 0.5824002742424E-02, 0.1177003313659E-02
 0.8260377691452E-03,-0.1637430209884E-02, 0.4286174995214E-02, 0.2079820939087E-03,-0.1242722430733E-02, 0.1832899656858E-02,-0.1186423770617E-02, 0.5498241711928E-02, 0.9353849819455E-03
 0.6382640116335E-03,-0.1828678815862E-02, 0.4001404354207E-02,-0.4629868048459E-04,-0.1478475211771E-02, 0.1657257030893E-02,-0.1322566801071E-02, 0.5240586453084E-02, 0.6982138458589E-03
 0.4913414920368E-03,-0.1976640448472E-02, 0.3740609661624E-02,-0.2827560750535E-03,-0.1705186221392E-02, 0.1379649243385E-02,-0.1476710937375E-02, 0.5032995741463E-02, 0.4926611871093E-03
 0.5383421502119E-03,-0.1948569764594E-02, 0.3758455302935E-02,-0.2821516610115E-03,-0.1712643628076E-02, 0.1366591249421E-02,-0.1489672428008E-02, 0.5100958480627E-02, 0.5070742764473E-03
 0.1045752853534E-03,-0.2191310554898E-02, 0.3435068731814E-02,-0.5761504747607E-03,-0.1990597717660E-02, 0.9799132074650E-03,-0.1863529573138E-02, 0.4695843062168E-02, 0.2850964284622E-03
-0.1843478089729E-04,-0.2339036718776E-02, 0.3342456097193E-02,-0.6177941230378E-03,-0.2041045399636E-02, 0.8945946864326E-03,-0.1923113191062E-02, 0.4488196245030E-02, 0.1438009317193E-03
-0.1371507920754E-03,-0.2469773309035E-02, 0.3179045594513E-02,-0.6992385674851E-03,-0.2096411808501E-02, 0.7806462958343E-03,-0.2005890041103E-02, 0.4295810508171E-02,-0.2743446744681E-04
-0.2835387254220E-03,-0.2550582590132E-02, 0.2861659907588E-02,-0.9028611810186E-03,-0.2206515022500E-02, 0.5593208850319E-03,-0.2196167897328E-02, 0.4149666900546E-02,-0.2323081371438E-03
 0.1166969706140E-02,-0.1343723876099E-02, 0.4593173614838E-02, 0.5032085120917E-03,-0.9572274790241E-03, 0.1866355839819E-02,-0.9938305554678E-03, 0.5862547855522E-02, 0.1219014377383E-02
 0.8847279427821E-03,-0.1590419050526E-02, 0.4321316732927E-02, 0.2630336490047E-03,-0.1166873866900E-02, 0.1907897241036E-02,-0.1118258936885E-02, 0.5537822566217E-02, 0.9779305673215E-03
 0.6969299533417E-03,-0.1781928325990E-02, 0.4037283216466E-02, 0.8993721776632E-05,-0.1402690847749E-02, 0.1732341560029E-02,-0.1254666283394E-02, 0.5280992863596E-02, 0.7411514479866E-03
 0.5498415609817E-03,-0.1930282009476E-02, 0.3777066970938E-02,-0.2273706509308E-03,-0.1629512507010E-02, 0.1454893500762E-02,-0.1409128595443E-02, 0.5074031981723E-02, 0.5358466732441E-03
 0.5968054354357E-03,-0.1902229548980E-02, 0.3794938698156E-02,-0.2267513180222E-03,-0.1636912036392E-02, 0.1441894008729E-02,-0.1422066010417E-02, 0.5141973230921E-02, 0.5502633890068E-03
 0.1628568601559E-03,-0.2145643828474E-02, 0.3472061914617E-02,-0.5209102581372E-03,-0.1915506202522E-02, 0.1055139063307E-02,-0.1796522117955E-02, 0.4737609616489E-02, 0.3283387729991E-03
 0.3969459722142E-04,-0.2293581089412E-02, 0.3379528323306E-02,-0.5627358790391E-03,-0.1966282778180E-02, 0.9696392765080E-03,-0.1856413964024E-02, 0.4530251993170E-02, 0.1870592493549E-03
-0.7922912340202E-04,-0.2424603833838E-02, 0.3216268332740E-02,-0.6443590376809E-03,-0.2022009048240E-02, 0.8555097085023E-03,-0.1939534442461E-02, 0.4338124266986E-02, 0.1585168337460E-04
-0.2259004387203E-03,-0.2505897998651E-02, 0.2899252675055E-02,-0.8480999787180E-03,-0.2132507419551E-02, 0.6340893074215E-03,-0.2130207485137E-02, 0.4192222081142E-02,-0.1889671699331E-03
 0.1230685279740E-02,-0.1290810476532E-02, 0.4645795222187E-02, 0.5801999506937E-03,-0.8755553223886E-03, 0.1949440443154E-02,-0.9262337247745E-03, 0.5911508521506E-02, 0.1273566071387E-02
 0.9487846716371E-03,-0.1537477575914E-02, 0.4374950462702E-02, 0.3405001805760E-03,-0.1085194111965E-02, 0.1990919610246E-02,-0.1050735823793E-02, 0.5588000203469E-02, 0.1033113183017E-02
 0.7609946553608E-03,-0.1729251687513E-02, 0.4091754485478E-02, 0.8671517006606E-04,-0.1321017871160E-02, 0.1815492288565E-02,-0.1187358131437E-02, 0.5332103692447E-02, 0.7967864514614E-03
 0.6137365158155E-03,-0.1878026210459E-02, 0.3832167549782E-02,-0.1495795450627E-03,-0.1547914780598E-02, 0.1538223798975E-02,-0.1342107501129E-02, 0.5125823751959E-02, 0.5917566632008E-03
 0.6606806295151E-03,-0.1849991435151E-02, 0.3850118852937E-02,-0.1489303510415E-03,-0.1555252933485E-02, 0.1525314405732E-02,-0.1355013765815E-02, 0.5193799935405E-02, 0.6061939487184E-03
 0.2265010065356E-03,-0.2094150086898E-02, 0.3527661840024E-02,-0.4433959460833E-03,-0.1834480772710E-02, 0.1138424599516E-02,-0.1730014840356E-02, 0.4790132636654E-02, 0.3842710624889E-03
 0.1031597842205E-03,-0.2242325858704E-02, 0.3435161148926E-02,-0.4854761813720E-03,-0.1885594978250E-02, 0.1052711924670E-02,-0.1790216884554E-02, 0.4583063034900E-02, 0.2429747901952E-03
-0.1600911486722E-04,-0.2373671919056E-02, 0.3272011086801E-02,-0.5673583890936E-03,-0.1941691052836E-02, 0.9383624051061E-03,-0.1873682521375E-02, 0.4391173464186E-02, 0.7175991206388E-04
-0.1630147144695E-03,-0.2455509067569E-02, 0.2955348543489E-02,-0.7713080311838E-03,-0.2052589793510E-02, 0.7168049448461E-03,-0.2064735257996E-02, 0.4245460969843E-02,-0.1330357903141E-03
 0.1325949979772E-02,-0.1201972697469E-02, 0.4752071928705E-02, 0.7038696431121E-03,-0.7851335557721E-03, 0.2045761725387E-02,-0.8447066323135E-03, 0.6006496087419E-02, 0.1371737232145E-02
 0.1044503582039E-02,-0.1448736863458E-02, 0.4482670528642E-02, 0.4648148387340E-03,-0.9944796119245E-03, 0.2087361156512E-02,-0.9692189530942E-03, 0.5684733866897E-02, 0.1132117875318E-02
 0.8566374355507E-03,-0.1641037653693E-02, 0.4200557984566E-02, 0.2113000622281E-03,-0.1230180981853E-02, 0.1912144089335E-02,-0.1106103017185E-02, 0.5430057519913E-02, 0.8963167578993E-03
 0.7090169333033E-03,-0.1790561281144E-02, 0.3941692602722E-02,-0.2502014492176E-04,-0.1457123671358E-02, 0.1635063066842E-02,-0.1261240826712E-02, 0.5224568921070E-02, 0.6915345336090E-03
 0.7559945932735E-03,-0.1762530725805E-02, 0.3959881031922E-02,-0.2430064931457E-04,-0.1464403884016E-02, 0.1622336722083E-02,-0.1274094613555E-02, 0.5292727942701E-02, 0.7060453112392E-03
 0.3211744335127E-03,-0.2008021899576E-02, 0.3637536550710E-02,-0.3194586852175E-03,-0.1744277032295E-02, 0.1235119327841E-02,-0.1649805690576E-02, 0.4889562466225E-02, 0.4838293792853E-03
 0.1974915921255E-03,-0.2156661713956E-02, 0.3544934540036E-02,-0.3619765169466E-03,-0.1795762656745E-02, 0.1149117192992E-02,-0.1710421227800E-02, 0.4682791473605E-02, 0.3423789711742E-03
 0.7786542068474E-04,-0.2288596094064E-02, 0.3381764593217E-02,-0.4443278409466E-03,-0.1852278732393E-02, 0.1034439881219E-02,-0.1794353873113E-02, 0.4491083104398E-02, 0.1710022435983E-03
-0.6978078260368E-04,-0.2371341211614E-02, 0.3065362750478E-02,-0.6487384956302E-03,-0.1963643625645E-02, 0.8125961425014E-03,-0.1985924904935E-02, 0.4345368208766E-02,-0.3394662756640E-04
 0.1357119414123E-02,-0.1672086126218E-02, 0.5245511120689E-02, 0.5754913831250E-03,-0.1396276386635E-02, 0.2268942323703E-02,-0.1134273489578E-02, 0.6718362883901E-02, 0.1469514214540E-02
 0.1062823376334E-02,-0.1921833772626E-02, 0.4954012055128E-02, 0.3250259178142E-03,-0.1610676016862E-02, 0.2303836015253E-02,-0.1261994354335E-02, 0.6370429338123E-02, 0.1216222612592E-02
 0.8686457455178E-03,-0.2112586114550E-02, 0.4653389666757E-02, 0.6355829999480E-04,-0.1849273330626E-02, 0.2119044982237E-02,-0.1399758724094E-02, 0.6095741087002E-02, 0.9700742353351E-03
 0.7177554185170E-03,-0.2258352923544E-02, 0.4379289798141E-02,-0.1782338574763E-03,-0.2077413614392E-02, 0.1831330862958E-02,-0.1555010054130E-02, 0.5874466820819E-02, 0.7575982788838E-03
 0.7693206412962E-03,-0.2227198995100E-02, 0.4400764689806E-02,-0.1743832462170E-03,-0.2083047862273E-02, 0.1821283380237E-02,-0.1565411896015E-02, 0.5947088175194E-02, 0.7755936776740E-03
 0.3185122633343E-03,-0.2470969028964E-02, 0.4053240990435E-02,-0.4800813399464E-03,-0.2363704237783E-02, 0.1414179918821E-02,-0.1947747416142E-02, 0.5512835004378E-02, 0.5397804128565E-03
 0.1909230139477E-03,-0.2619435117914E-02, 0.3953280182424E-02,-0.5237947772995E-03,-0.2413428674532E-02, 0.1323681904755E-02,-0.2008243552553E-02, 0.5293719558894E-02, 0.3932168180451E-03
 0.6807990942337E-04,-0.2750158656208E-02, 0.3780681822864E-02,-0.6078882246399E-03,-0.2467826765606E-02, 0.1204008144062E-02,-0.2092057744302E-02, 0.5090259536633E-02, 0.2161414658292E-03
-0.8247360569416E-04,-0.2828753712735E-02, 0.3449435950172E-02,-0.8162518413990E-03,-0.2577114189225E-02, 0.9742380977685E-03,-0.2284614805188E-02, 0.4933346273644E-02, 0.4497869054031E-05
 0.1480768007656E-02,-0.1544384670989E-02, 0.5352557749343E-02, 0.7034755364536E-03,-0.1255549068762E-02, 0.2399405391654E-02,-0.1024758946170E-02, 0.6746393526284E-02, 0.1499191411416E-02
 0.1186462268006E-02,-0.1795102138900E-02, 0.5062254200353E-02, 0.4530942012258E-03,-0.1470659168441E-02, 0.2433838145349E-02,-0.1153149463399E-02, 0.6400037209499E-02, 0.1246583954187E-02
 0.9915116594537E-03,-0.1987377941837E-02, 0.4762375050012E-02, 0.1912170257879E-03,-0.1710200449157E-02, 0.2248712430919E-02,-0.1291927423137E-02, 0.6126350662503E-02, 0.1000714272025E-02
 0.8395336806666E-03,-0.2134871346782E-02, 0.4488666176076E-02,-0.5126662742636E-04,-0.1939412152907E-02, 0.1960717856540E-02,-0.1448303749145E-02, 0.5905702923536E-02, 0.7882498135816E-03
 0.8911502085912E-03,-0.2103696619922E-02, 0.4510436119821E-02,-0.4730624109591E-04,-0.1944983631878E-02, 0.1950940838989E-02,-0.1458627760368E-02, 0.5978668804146E-02, 0.8063570596713E-03
 0.4389656070568E-03,-0.2350148030625E-02, 0.4162742768443E-02,-0.3544959174481E-03,-0.2227803797508E-02, 0.1542880560643E-02,-0.1842695195008E-02, 0.5545000022646E-02, 0.5702063624555E-03
 0.3108749708598E-03,-0.2499492867648E-02, 0.4062701944895E-02,-0.3988177267988E-03,-0.2278369398450E-02, 0.1451936943020E-02,-0.1903870724431E-02, 0.5326273331436E-02, 0.4236708653625E-03
 0.1873222693965E-03,-0.2631292786201E-02, 0.3890065383402E-02,-0.4836118202826E-03,-0.2333729793456E-02, 0.1331722510952E-02,-0.1988493048054E-02, 0.5123072055413E-02, 0.2465634615329E-03
 0.3561425341322E-04,-0.2711535849879E-02, 0.3558925840370E-02,-0.6928788288295E-03,-0.2444296188755E-02, 0.1101296638445E-02,-0.2182157358279E-02, 0.4966227876354E-02, 0.3471210667894E-04
 0.1626544652824E-02,-0.1397280634980E-02, 0.5478612587815E-02, 0.8365616114314E-03,-0.1135595501717E-02, 0.2513752941943E-02,-0.9238491907412E-03, 0.6826284264018E-02, 0.1611993765953E-02
 0.1332462561933E-02,-0.1648805921699E-02, 0.5190010158712E-02, 0.5866763537566E-03,-0.1350786652647E-02, 0.2548183214289E-02,-0.1052577625752E-02, 0.6482042659817E-02, 0.1360152080316E-02
 0.1136942865788E-02,-0.1842484349676E-02, 0.4891291802208E-02, 0.3247465980673E-03,-0.1590773426499E-02, 0.2363066377932E-02,-0.1192090669278E-02, 0.6209755911682E-02, 0.1114594382026E-02
 0.9840229170064E-03,-0.1991627925154E-02, 0.4618286999403E-02, 0.8185744296576E-04,-0.1820661652533E-02, 0.2075040567699E-02,-0.1349360657152E-02, 0.5989992405843E-02, 0.9021084181515E-03
 0.1035731846196E-02,-0.1960428464356E-02, 0.4640413414039E-02, 0.8593252674152E-04,-0.1826176721960E-02, 0.2065560267003E-02,-0.1359607549188E-02, 0.6063280152792E-02, 0.9203502587743E-03
 0.5821316720058E-03,-0.2209558543586E-02, 0.4292735979288E-02,-0.2224586710642E-03,-0.2110565778192E-02, 0.1656814564910E-02,-0.1745060809288E-02, 0.5630308665980E-02, 0.6835026819317E-03
 0.4534807049215E-03,-0.2359829868806E-02, 0.4192639492803E-02,-0.2673478759420E-03,-0.2161812377151E-02, 0.1565512399925E-02,-0.1806847348545E-02, 0.5412067538427E-02, 0.5367669247392E-03
 0.3291592895789E-03,-0.2492751599940E-02, 0.4020007920686E-02,-0.3527906067274E-03,-0.2217968992142E-02, 0.1444843791312E-02,-0.1892195095588E-02, 0.5209180939702E-02, 0.3594086746270E-03
 0.1762672620765E-03,-0.2574658533425E-02, 0.3689100436928E-02,-0.5628364339197E-03,-0.2329570867123E-02, 0.1213878488147E-02,-0.2086806724663E-02, 0.5052364395239E-02, 0.1471775064463E-03
 0.1772356097574E-02,-0.1252340345500E-02, 0.5601777412369E-02, 0.9576870910801E-03,-0.1035073806665E-02, 0.2611630804705E-02,-0.8272403977786E-03, 0.6931722489424E-02, 0.1755416189500E-02
 0.1478640898520E-02,-0.1504484288867E-02, 0.5315039024946E-02, 0.7085205099412E-03,-0.1249990304248E-02, 0.2646300253071E-02,-0.9561322270318E-03, 0.6589749241310E-02, 0.1504370664878E-02
 0.1282747285046E-02,-0.1699349477006E-02, 0.5017658142944E-02, 0.4467860445778E-03,-0.1490092971573E-02, 0.2461405889782E-02,-0.1096190157783E-02, 0.6319011030702E-02, 0.1259173521334E-02
 0.1129079933716E-02,-0.1849934032354E-02, 0.4745520102775E-02, 0.2037316688749E-03,-0.1720361192944E-02, 0.2173529721086E-02,-0.1254172238089E-02, 0.6100247415494E-02, 0.1046705508010E-02
 0.1180884068177E-02,-0.1818713193577E-02, 0.4767993130098E-02, 0.2079099845132E-03,-0.1725826118816E-02, 0.2164329161358E-02,-0.1264349220460E-02, 0.6173793541094E-02, 0.1065075944220E-02
 0.7260427237438E-03,-0.2070253734420E-02, 0.4420513893570E-02,-0.1013449180094E-03,-0.2011311835051E-02, 0.1755159992472E-02,-0.1650941039581E-02, 0.5741602202854E-02, 0.8274798685968E-03
 0.5968636864529E-03,-0.2221382649496E-02, 0.4320398934177E-02,-0.1467119945911E-03,-0.2063096007616E-02, 0.1663582842673E-02,-0.1713277243664E-02, 0.5523882377178E-02, 0.6804695757646E-03
 0.4718267060152E-03,-0.2355339310561E-02, 0.4147822700147E-02,-0.2326945394398E-03,-0.2119890507509E-02, 0.1542558237964E-02,-0.1799272143604E-02, 0.5321342673491E-02, 0.5028004497382E-03
 0.3178685412228E-03,-0.2438759995086E-02, 0.3817245162894E-02,-0.4433397621864E-03,-0.2232298654469E-02, 0.1311196729908E-02,-0.1994693859625E-02, 0.5164566792964E-02, 0.2901771021847E-03
 0.1769948495457E-02,-0.1242932653403E-02, 0.5592043652910E-02, 0.9571552153677E-03,-0.1035417275625E-02, 0.2595661605491E-02,-0.8297905975276E-03, 0.6921303359384E-02, 0.1760050018038E-02
 0.1476272535883E-02,-0.1495151983193E-02, 0.5305506121520E-02, 0.7080211348021E-03,-0.1250221260806E-02, 0.2630347897805E-02,-0.9587030800901E-03, 0.6579625286870E-02, 0.1509024619237E-02
 0.1280446618017E-02,-0.1690124261075E-02, 0.5008493088140E-02, 0.4463436194240E-03,-0.1490271879918E-02, 0.2445631313283E-02,-0.1098780832339E-02, 0.6309320023290E-02, 0.1263897343032E-02
 0.1126883568531E-02,-0.1840819232596E-02, 0.4736804901026E-02, 0.2033652527403E-03,-0.1720521001201E-02, 0.2158027425143E-02,-0.1256763792431E-02, 0.6091072852754E-02, 0.1051529261228E-02
 0.1178495036367E-02,-0.1809638755094E-02, 0.4758945184747E-02, 0.2074441697919E-03,-0.1726002092876E-02, 0.2148606378771E-02,-0.1266988055926E-02, 0.6164286939873E-02, 0.1069765548175E-02
 0.7241973813789E-03,-0.2061256238760E-02, 0.4412604458613E-02,-0.1015237005162E-03,-0.2011422223245E-02, 0.1740220030877E-02,-0.1653405088762E-02, 0.5733493927272E-02, 0.8325149680334E-03
 0.5951598991484E-03,-0.2212399341297E-02, 0.4312758346591E-02,-0.1468205758613E-03,-0.2063201520798E-02, 0.1648847986419E-02,-0.1715698456625E-02, 0.5516146955857E-02, 0.6856130589541E-03
 0.4702869515032E-03,-0.2346381214249E-02, 0.4140559100200E-02,-0.2327103141557E-03,-0.2120000303366E-02, 0.1528078553157E-02,-0.1801643408853E-02, 0.5314053521743E-02, 0.5080835591021E-03
 0.3165491337096E-03,-0.2429868635700E-02, 0.3810614814073E-02,-0.4432113632529E-03,-0.2232418841443E-02, 0.1297097863149E-02,-0.1996992273874E-02, 0.5157932532242E-02, 0.2956531566385E-03
 0.1975710377612E-02,-0.1055216315368E-02, 0.5751844124779E-02, 0.1095806196477E-02,-0.8869585171968E-03, 0.2756560788178E-02,-0.6297103972035E-03, 0.7113990972538E-02, 0.1924100889018E-02
 0.1682798261298E-02,-0.1307921447673E-02, 0.5467951860001E-02, 0.8479873714110E-03,-0.1101353448720E-02, 0.2791566364159E-02,-0.7590342889159E-03, 0.6775480006745E-02, 0.1674533904903E-02
 0.1486707444443E-02,-0.1504132445881E-02, 0.5172812468431E-02, 0.5869506712719E-03,-0.1341374600599E-02, 0.2607237874009E-02,-0.8999646429612E-03, 0.6507287662919E-02, 0.1430264711866E-02
 0.1332324532968E-02,-0.1656440328001E-02, 0.4902294488257E-02, 0.3441038479437E-03,-0.1571906714812E-02, 0.2319930253140E-02,-0.1059025258491E-02, 0.6290302607848E-02, 0.1218240805258E-02
 0.1384174321535E-02,-0.1625215967080E-02, 0.4925146058299E-02, 0.3483886787315E-03,-0.1577289778031E-02, 0.2311065337404E-02,-0.1069110042291E-02, 0.6364011716521E-02, 0.1236735451087E-02
 0.9282288498367E-03,-0.1879710815999E-02, 0.4578596914845E-02, 0.3861083925343E-04,-0.1864042798162E-02, 0.1901797360888E-02,-0.1457632470614E-02, 0.5933509031117E-02, 0.9987188327402E-03
 0.7984552732062E-03,-0.2031881661919E-02, 0.4478607929452E-02,-0.7249219854015E-05,-0.1916538811764E-02, 0.1809906954505E-02,-0.1520912122012E-02, 0.5716694739200E-02, 0.8515529711192E-03
 0.6725956718277E-03,-0.2167118274989E-02, 0.4306322047318E-02,-0.9375766552893E-04,-0.1974165071672E-02, 0.1688511641423E-02,-0.1607984267883E-02, 0.5514850625536E-02, 0.6737170645195E-03
 0.5174483946728E-03,-0.2252452179609E-02, 0.3976586695232E-02,-0.3048440103158E-03,-0.2087555276650E-02, 0.1456894721748E-02,-0.1804705256413E-02, 0.5358413075591E-02, 0.4609110168881E-03
 0.2033045918214E-02,-0.1008154096610E-02, 0.5784559988068E-02, 0.1149749321379E-02,-0.8103508560748E-03, 0.2830249875230E-02,-0.5614926667355E-03, 0.7150736822368E-02, 0.1965352891449E-02
 0.1740530210907E-02,-0.1260810743839E-02, 0.5501665648782E-02, 0.9024266859976E-03,-0.1024793603453E-02, 0.2865210456470E-02,-0.6909117764971E-03, 0.6813417265182E-02, 0.1716399718701E-02
 0.1544550856905E-02,-0.1457225377789E-02, 0.5207410650789E-02, 0.6417203494074E-03,-0.1264851120494E-02, 0.2681110155942E-02,-0.8320437740353E-03, 0.6546188411259E-02, 0.1472607037183E-02
 0.1390125248615E-02,-0.1609872097863E-02, 0.4937611108210E-02, 0.3990544675397E-03,-0.1495465733790E-02, 0.2394124287171E-02,-0.9913597079155E-03, 0.6329954592314E-02, 0.1260910822129E-02
 0.1441936168499E-02,-0.1578671871554E-02, 0.4960515167828E-02, 0.4033522131277E-03,-0.1500806151118E-02, 0.2385329401938E-02,-0.1001423070225E-02, 0.6403669003807E-02, 0.1279408451247E-02
 0.9860048388106E-03,-0.1833758194002E-02, 0.4614642845789E-02, 0.9354069169585E-04,-0.1788135555497E-02, 0.1976197099000E-02,-0.1390427578962E-02, 0.5974089386235E-02, 0.1041551692369E-02
 0.8561364190441E-03,-0.1986113861888E-02, 0.4514788886355E-02, 0.4753193319824E-04,-0.1840940079044E-02, 0.1884182526855E-02,-0.1453988856194E-02, 0.5757632832458E-02, 0.8944417758799E-03
 0.7301312675326E-03,-0.2121608104384E-02, 0.4342721500617E-02,-0.3911352255883E-04,-0.1898901109843E-02, 0.1762676761358E-02,-0.1541371747303E-02, 0.5556117817774E-02, 0.7166801599961E-03
 0.5747909428994E-03,-0.2207388542538E-02, 0.4013465532960E-02,-0.2502472632321E-03,-0.2012651221987E-02, 0.1531086896527E-02,-0.1738428791840E-02, 0.5400012471876E-02, 0.5039932459763E-03
 0.2095931469387E-02,-0.9549654027069E-03, 0.5835624618951E-02, 0.1226185923952E-02,-0.7277711840541E-03, 0.2912155039775E-02,-0.4937631081547E-03, 0.7198088540169E-02, 0.2019339391154E-02
 0.1803915605348E-02,-0.1207528819535E-02, 0.5553906419309E-02, 0.9794353283664E-03,-0.9421764885013E-03, 0.2947145805909E-02,-0.6231886318176E-03, 0.6862162944794E-02, 0.1771111549001E-02
 0.1608090607977E-02,-0.1404143320019E-02, 0.5260659548956E-02, 0.7190908967557E-03,-0.1182206128336E-02, 0.2763324719983E-02,-0.7644668929854E-03, 0.6596017385530E-02, 0.1527867631928E-02
 0.1453625709187E-02,-0.1557151365330E-02, 0.4991648039566E-02, 0.4765981927311E-03,-0.1412861042745E-02, 0.2476687294689E-02,-0.9240033500274E-03, 0.6380590543206E-02, 0.1316534653601E-02
 0.1505423020393E-02,-0.1525973698670E-02, 0.5014669050194E-02, 0.4809277650018E-03,-0.1418153142107E-02, 0.2468004972021E-02,-0.9340364600947E-03, 0.6454374746522E-02, 0.1335057790851E-02
 0.1049453134990E-02,-0.1781717935128E-02, 0.4669387230367E-02, 0.1709502218862E-03,-0.1706050452023E-02, 0.2058945476757E-02,-0.1323472685210E-02, 0.6025647732702E-02, 0.1097309567844E-02
 0.9194638234526E-03,-0.1934285376183E-02, 0.4569629591763E-02, 0.1247218251747E-03,-0.1759177363614E-02, 0.1966776150210E-02,-0.1387318165550E-02, 0.5809557745926E-02, 0.9502267474466E-03
 0.7932754266842E-03,-0.2070073807667E-02, 0.4397749256771E-02, 0.3786256136755E-04,-0.1817489609876E-02, 0.1845120934720E-02,-0.1475014552722E-02, 0.5608356081011E-02, 0.7725080862392E-03
 0.6376901429814E-03,-0.2156356894323E-02, 0.4068967820100E-02,-0.1733985142125E-03,-0.1931610088335E-02, 0.1613514622372E-02,-0.1672394620478E-02, 0.5452518270114E-02, 0.5599118423746E-03
 0.2190700338767E-02,-0.8653054791457E-03, 0.5939958339581E-02, 0.1349544326345E-02,-0.6360155011548E-03, 0.3007826292278E-02,-0.4116142154667E-03, 0.7291194722785E-02, 0.2117156434756E-02
 0.1899367894132E-02,-0.1117861901028E-02, 0.5659940722262E-02, 0.1103587352428E-02,-0.8500798603551E-03, 0.3043085336934E-02,-0.5409511523623E-03, 0.6957287423601E-02, 0.1869911811286E-02
 0.1703667285238E-02,-0.1314904306579E-02, 0.5368036689985E-02, 0.8436692828325E-03,-0.1089930637392E-02, 0.2859660132802E-02,-0.6823960464758E-03, 0.6692589539065E-02, 0.1627336833148E-02
 0.1549011515367E-02,-0.1468574442586E-02, 0.5099980802275E-02, 0.6012975876840E-03,-0.1320576730138E-02, 0.2573399121809E-02,-0.8422341097315E-03, 0.6478136241196E-02, 0.1416376476497E-02
 0.1600870270768E-02,-0.1437403631550E-02, 0.5123299962308E-02, 0.6057122538188E-03,-0.1325811442690E-02, 0.2564952688558E-02,-0.8522091748430E-03, 0.6552141186454E-02, 0.1434994101118E-02
 0.1144486505816E-02,-0.1694364893112E-02, 0.4778351698652E-02, 0.2952232012299E-03,-0.1614290454242E-02, 0.2155763446936E-02,-0.1242230591366E-02, 0.6124104093534E-02, 0.1197079532272E-02
 0.1014229504129E-02,-0.1847359343670E-02, 0.4678586627426E-02, 0.2486021274267E-03,-0.1667787745840E-02, 0.2063369604606E-02,-0.1306459833955E-02, 0.5908443638642E-02, 0.1049906457382E-02
 0.8876590154679E-03,-0.1983697116663E-02, 0.4506801653067E-02, 0.1613316889601E-03,-0.1726520540122E-02, 0.1941459242479E-02,-0.1394588470003E-02, 0.5707537110389E-02, 0.8720970722808E-03
 0.7315371730594E-03,-0.2070836091272E-02, 0.4178457107934E-02,-0.5028319737911E-04,-0.1841095249331E-02, 0.1709682973152E-02,-0.1592425543717E-02, 0.5551772144286E-02, 0.6594364456973E-03
 0.2346486979617E-02,-0.1233979615823E-02, 0.6566432325302E-02, 0.1337548095069E-02,-0.1157105620723E-02, 0.3354417806914E-02,-0.5963149544902E-03,-0.1912613147637E-02, 0.2332222422488E-02
 0.2039251697723E-02,-0.1491239353498E-02, 0.6261315199444E-02, 0.1078236584613E-02,-0.1377854615304E-02, 0.3380874323249E-02,-0.7304733944637E-03,-0.2146592326617E-02, 0.2069340702635E-02
 0.1834595658027E-02,-0.1688294541960E-02, 0.5947938088648E-02, 0.8084525219196E-03,-0.1621736115080E-02, 0.3185421662625E-02,-0.8743034324151E-03,-0.2296280575349E-02, 0.1814582207812E-02
 0.1674343998763E-02,-0.1839616984240E-02, 0.5661893987436E-02, 0.5588056080445E-03,-0.1854427268425E-02, 0.2886029190686E-02,-0.1035670615916E-02,-0.2409257114368E-02, 0.1594265878807E-02
 0.1730943652849E-02,-0.1804975511221E-02, 0.5688248365716E-02, 0.5665469935531E-03,-0.1857675506872E-02, 0.2880135842590E-02,-0.1042946603407E-02,-0.2386641313400E-02, 0.1616521773884E-02
 0.1254354374462E-02,-0.2062950842379E-02, 0.5314176791857E-02, 0.2423620309765E-03,-0.2148947129319E-02, 0.2447302275426E-02,-0.1442478609849E-02,-0.2715391945393E-02, 0.1362235481418E-02
 0.1118808286903E-02,-0.2216740472946E-02, 0.5205691498774E-02, 0.1935684749499E-03,-0.2201310262834E-02, 0.2349180960282E-02,-0.1507443892670E-02,-0.2807571608095E-02, 0.1208829022299E-02
 0.9875845095894E-03,-0.2352875586310E-02, 0.5022863214828E-02, 0.1034453107705E-03,-0.2258618067095E-02, 0.2220906533391E-02,-0.1596402261813E-02,-0.2893693818707E-02, 0.1024102284806E-02
 0.8267004129069E-03,-0.2437053943818E-02, 0.4677248044521E-02,-0.1137187839301E-03,-0.2372027443627E-02, 0.1979243089701E-02,-0.1796567889091E-02,-0.2999659364571E-02, 0.8032606903685E-03
 0.2466788324062E-02,-0.1106725112697E-02, 0.6669040149328E-02, 0.1463297563717E-02,-0.1015976803075E-02, 0.3481703180507E-02,-0.4876625037868E-03,-0.1870229017472E-02, 0.2360312150154E-02
 0.2159860000711E-02,-0.1364801770443E-02, 0.6365466128777E-02, 0.1204271202729E-02,-0.1237352430705E-02, 0.3507874143340E-02,-0.6223520218750E-03,-0.2104335803282E-02, 0.2098259518325E-02
 0.1954710785529E-02,-0.1563238701903E-02, 0.6053180598024E-02, 0.9342928058702E-03,-0.1482096851043E-02, 0.3312360845571E-02,-0.7670620989475E-03,-0.2254720797477E-02, 0.1843921780854E-02
 0.1793617154600E-02,-0.1716162280066E-02, 0.5767855327732E-02, 0.6841613059775E-03,-0.1715784266724E-02, 0.3012992333786E-02,-0.9294284166232E-03,-0.2368611402145E-02, 0.1623748390949E-02
 0.1850290059642E-02,-0.1681492173737E-02, 0.5794604616823E-02, 0.6920360495625E-03,-0.1718971456740E-02, 0.3007432334445E-02,-0.9366074247280E-03,-0.2346044094501E-02, 0.1646146511897E-02
 0.1372702549832E-02,-0.1941974868443E-02, 0.5420772651182E-02, 0.3666347284316E-03,-0.2012284894654E-02, 0.2574005854507E-02,-0.1337672500259E-02,-0.2675819051262E-02, 0.1391692466670E-02
 0.1236780908793E-02,-0.2096572263689E-02, 0.5312332106733E-02, 0.3173159001277E-03,-0.2065449848533E-02, 0.2475554504626E-02,-0.1403259567915E-02,-0.2768389043183E-02, 0.1238376491177E-02
 0.1104977114869E-02,-0.2233713104050E-02, 0.5129625563845E-02, 0.2265907818999E-03,-0.2123676916457E-02, 0.2346874435489E-02,-0.1492961335292E-02,-0.2855039114240E-02, 0.1053682130493E-02
 0.9431117227256E-03,-0.2319459422835E-02, 0.4784403126776E-02, 0.8682426070646E-05,-0.2238305364001E-02, 0.2104773162773E-02,-0.1694131314263E-02,-0.2961846240104E-02, 0.8327196023987E-03
 0.2609829855453E-02,-0.9597823857801E-03, 0.6790684924714E-02, 0.1594489859564E-02,-0.8954657574517E-03, 0.3593590599304E-02,-0.3872557620992E-03,-0.1776106908106E-02, 0.2471052296835E-02
 0.2303493571307E-02,-0.1218487163200E-02, 0.6489197114395E-02, 0.1336179500912E-02,-0.1116831229381E-02, 0.3619985505596E-02,-0.5221306937766E-03,-0.2010541945538E-02, 0.2209983849183E-02
 0.2098090085300E-02,-0.1418161129201E-02, 0.6178466675937E-02, 0.1066376640175E-02,-0.1361933101555E-02, 0.3424755160652E-02,-0.6674313278669E-03,-0.2161744574206E-02, 0.1956169753953E-02
 0.1936324023057E-02,-0.1572589802866E-02, 0.5894210370367E-02, 0.8160545649573E-03,-0.1596217184044E-02, 0.3125632840553E-02,-0.8305593251105E-03,-0.2276661737503E-02, 0.1736164145640E-02
 0.1993123632705E-02,-0.1537889618314E-02, 0.5921385590221E-02, 0.8240739314935E-03,-0.1599346555962E-02, 0.3120437588109E-02,-0.8376409910861E-03,-0.2254086271444E-02, 0.1758731639003E-02
 0.1514522672358E-02,-0.1800853349538E-02, 0.5547987202008E-02, 0.4977459214902E-03,-0.1894115220259E-02, 0.2686645379224E-02,-0.1239904052019E-02,-0.2585427441567E-02, 0.1503794927743E-02
 0.1378176300398E-02,-0.1956298780526E-02, 0.5439638366100E-02, 0.4479433699705E-03,-0.1947929617837E-02, 0.2587945317174E-02,-0.1306046443253E-02,-0.2678602123515E-02, 0.1350384477764E-02
 0.1245740393158E-02,-0.2094483506213E-02, 0.5257119702259E-02, 0.3566677166688E-03,-0.2006918525240E-02, 0.2458932404652E-02,-0.1396412172941E-02,-0.2765993688664E-02, 0.1165554374965E-02
 0.1082870647482E-02,-0.2181805168798E-02, 0.4912422465398E-02, 0.1381382501417E-03,-0.2122530135103E-02, 0.2216475169496E-02,-0.1598433731035E-02,-0.2873868884455E-02, 0.9443528002492E-03
 0.2753400537182E-02,-0.8148449956691E-03, 0.6909831203022E-02, 0.1714075824480E-02,-0.7943340865661E-03, 0.3689535711762E-02,-0.2909419211405E-03,-0.1657063428398E-02, 0.2612359950386E-02
 0.2447798696144E-02,-0.1073989155961E-02, 0.6610580512339E-02, 0.1456694397908E-02,-0.1015337336263E-02, 0.3716405010130E-02,-0.4258303260303E-03,-0.1891923689620E-02, 0.2352324373368E-02
 0.2242332354145E-02,-0.1274684409856E-02, 0.6301573475274E-02, 0.1187301958434E-02,-0.1260470160467E-02, 0.3521653220304E-02,-0.5715337488837E-03,-0.2043946644982E-02, 0.2099100447137E-02
 0.2080083053075E-02,-0.1430409329531E-02, 0.6018538170644E-02, 0.9370154689349E-03,-0.1495057767353E-02, 0.3222927089890E-02,-0.7352447524545E-03,-0.2159868378340E-02, 0.1879316523908E-02
 0.2137013829844E-02,-0.1395685304866E-02, 0.6046106492906E-02, 0.9451673818125E-03,-0.1498134834177E-02, 0.3218074983283E-02,-0.7422385527626E-03,-0.2137249517654E-02, 0.1902045434663E-02
 0.1657561741296E-02,-0.1660862454944E-02, 0.5673295073961E-02, 0.6182281913767E-03,-0.1793898161874E-02, 0.2784138797718E-02,-0.1145459752764E-02,-0.2470352514462E-02, 0.1646582095300E-02
 0.1520818335028E-02,-0.1817088863704E-02, 0.5565074625411E-02, 0.5680250765775E-03,-0.1848224712804E-02, 0.2685262976611E-02,-0.1212099705204E-02,-0.2564213873877E-02, 0.1493015326823E-02
 0.1387798062322E-02,-0.1956232212566E-02, 0.5382791406070E-02, 0.4762994532323E-03,-0.1907823857387E-02, 0.2556000619980E-02,-0.1303054813848E-02,-0.2652416058215E-02, 0.1308005030926E-02
 0.1224034648542E-02,-0.2044980283577E-02, 0.5038697787950E-02, 0.2573141779416E-03,-0.2024196864026E-02, 0.2313302663692E-02,-0.1505795219707E-02,-0.2761405040494E-02, 0.1086568339132E-02
 0.2748188024200E-02,-0.8071532443221E-03, 0.6896682642527E-02, 0.1711184712784E-02,-0.7960138888953E-03, 0.3670782965347E-02,-0.2953825066882E-03,-0.1640372721700E-02, 0.2614379165482E-02
 0.2442673180290E-02,-0.1066361530572E-02, 0.6597695479603E-02, 0.1453855731060E-02,-0.1016899280797E-02, 0.3697701663401E-02,-0.4302845045488E-03,-0.1875319305184E-02, 0.2354394532985E-02
 0.2237345441134E-02,-0.1267142550758E-02, 0.6289148367671E-02, 0.1184561896536E-02,-0.1261977370354E-02, 0.3503197141245E-02,-0.5759862231640E-03,-0.2027455986805E-02, 0.2101295023150E-02
 0.2075281834667E-02,-0.1422950555116E-02, 0.6006678021264E-02, 0.9344040574701E-03,-0.1496542237581E-02, 0.3204828917541E-02,-0.7396680245221E-03,-0.2143497643679E-02, 0.1881675898197E-02
 0.2131966131229E-02,-0.1388283728729E-02, 0.6033928214755E-02, 0.9424215349793E-03,-0.1499645398857E-02, 0.3199706375774E-02,-0.7467301930507E-03,-0.2120890683327E-02, 0.1904226644175E-02
 0.1653255131536E-02,-0.1653464517294E-02, 0.5662514483169E-02, 0.6158997587433E-03,-0.1795308625104E-02, 0.2766739440145E-02,-0.1149693323421E-02,-0.2454155391660E-02, 0.1649259851819E-02
 0.1516699265926E-02,-0.1809679232154E-02, 0.5554593249614E-02, 0.5657990929358E-03,-0.1849610234052E-02, 0.2668111520185E-02,-0.1216266752706E-02,-0.2548090802005E-02, 0.1495844648276E-02
 0.1383901432320E-02,-0.1948818321159E-02, 0.5372743424075E-02, 0.4742082810552E-03,-0.1909189304944E-02, 0.2539161179605E-02,-0.1307142619166E-02,-0.2636380140626E-02, 0.1311028936551E-02
 0.1220451411744E-02,-0.2037596198036E-02, 0.5029438294821E-02, 0.2554339717683E-03,-0.2025544726646E-02, 0.2296938193574E-02,-0.1509767360764E-02,-0.2745485585553E-02, 0.1089865925686E-02
 0.2953285205230E-02,-0.6177604682590E-03, 0.7054486474652E-02, 0.1850232129002E-02,-0.6452552798586E-03, 0.3831421611475E-02,-0.9398170826275E-04,-0.1451478793398E-02, 0.2778346129511E-02
 0.2649008755077E-02,-0.8772174382552E-03, 0.6758593969375E-02, 0.1594475663315E-02,-0.8656167743657E-03, 0.3858954846470E-02,-0.2290761350410E-03,-0.1687065728195E-02, 0.2520096714345E-02
 0.2443800986272E-02,-0.1079023875255E-02, 0.6452357849780E-02, 0.1326068781203E-02,-0.1110547878900E-02, 0.3665155023073E-02,-0.3754286860508E-03,-0.1840264626459E-02, 0.2268107273879E-02
 0.2281231393563E-02,-0.1236263502012E-02, 0.6171428265333E-02, 0.1076260547688E-02,-0.1345288919804E-02, 0.3367382331892E-02,-0.5400048080205E-03,-0.1957591608049E-02, 0.2049044675298E-02
 0.2338241927582E-02,-0.1201541243545E-02, 0.6199428914115E-02, 0.1084547957481E-02,-0.1348287046138E-02, 0.3362939716975E-02,-0.5468906631968E-03,-0.1934865911573E-02, 0.2071932149486E-02
 0.1858284715433E-02,-0.1469377215818E-02, 0.5828089299755E-02, 0.7574362865312E-03,-0.1645162116103E-02, 0.2929359108604E-02,-0.9516895517538E-03,-0.2270694300629E-02, 0.1816367472515E-02
 0.1721137826587E-02,-0.1626535090075E-02, 0.5720194538005E-02, 0.7068479684817E-03,-0.1700161447975E-02, 0.2830317150889E-02,-0.1019186135025E-02,-0.2365645483829E-02, 0.1662794991417E-02
 0.1587491444742E-02,-0.1766846216907E-02, 0.5538450613888E-02, 0.6147206843640E-03,-0.1760549547539E-02, 0.2700848505520E-02,-0.1111115661783E-02,-0.2455098247654E-02, 0.1477785628123E-02
 0.1422807725039E-02,-0.1857375027069E-02, 0.5195583295110E-02, 0.3954883033622E-03,-0.1877836623706E-02, 0.2458148329791E-02,-0.1314975733938E-02,-0.2565728859118E-02, 0.1256378660839E-02
 0.3009283057681E-02,-0.5708621218010E-03, 0.7085440437953E-02, 0.1903235064461E-02,-0.5682634856234E-03, 0.3903421649713E-02,-0.2612521593676E-04,-0.1406534972208E-02, 0.2818633005543E-02
 0.2705564051042E-02,-0.8302018865937E-03, 0.6790700875931E-02, 0.1648065876200E-02,-0.7886352902498E-03, 0.3930990181398E-02,-0.1612435835612E-03,-0.1642045751489E-02, 0.2561086604054E-02
 0.2500618285693E-02,-0.1032142152587E-02, 0.6485502324721E-02, 0.1380092090780E-02,-0.1033560482376E-02, 0.3737573423773E-02,-0.3077227288353E-03,-0.1795375702498E-02, 0.2309669105345E-02
 0.2338142217231E-02,-0.1189655551103E-02, 0.6205433229610E-02, 0.1130565666759E-02,-0.1268341834376E-02, 0.3440303518320E-02,-0.4724791666366E-03,-0.1912940295229E-02, 0.2091024374559E-02
 0.2395114500730E-02,-0.1154962731563E-02, 0.6233549456278E-02, 0.1138865764354E-02,-0.1271306703041E-02, 0.3435953764178E-02,-0.4793449970338E-03,-0.1890208772874E-02, 0.2113916044637E-02
 0.1915384993357E-02,-0.1423292270987E-02, 0.5863037188843E-02, 0.8118627371530E-03,-0.1568684107491E-02, 0.3002732829842E-02,-0.8844899793304E-03,-0.2226435285849E-02, 0.1858628677331E-02
 0.1778206142637E-02,-0.1580602860529E-02, 0.5755337516014E-02, 0.7611635967007E-03,-0.1623972857822E-02, 0.2903628028209E-02,-0.9522365277710E-03,-0.2321587889544E-02, 0.1705156971998E-02
 0.1644482235709E-02,-0.1721136842941E-02, 0.5573883081547E-02, 0.6689466816379E-03,-0.1684673597948E-02, 0.2774125067422E-02,-0.1044437901558E-02,-0.2411287524476E-02, 0.1520273914239E-02
 0.1479704599805E-02,-0.1812065648075E-02, 0.5231608640436E-02, 0.4497474988315E-03,-0.1802286513330E-02, 0.2531585056813E-02,-0.1248564648656E-02,-0.2522241909879E-02, 0.1299057918092E-02
 0.3071111568769E-02,-0.5176017575616E-03, 0.7134721326260E-02, 0.1978823460593E-02,-0.4850714822589E-03, 0.3983890128613E-02, 0.4149912300084E-04,-0.1353617239967E-02, 0.2871832916730E-02
 0.2768069398254E-02,-0.7767693144517E-03, 0.6841339137783E-02, 0.1724336965157E-02,-0.7053627041529E-03, 0.4011584296733E-02,-0.9354578726789E-04,-0.1589029212394E-02, 0.2615117450000E-02
 0.2563439121261E-02,-0.9788308605313E-03, 0.6537328077523E-02, 0.1456847022863E-02,-0.9502115803465E-03, 0.3818611242371E-02,-0.2400899995268E-03,-0.1742493251596E-02, 0.2364356563573E-02
 0.2401066337603E-02,-0.1136633648348E-02, 0.6258210246547E-02, 0.1207611657087E-02,-0.1184985577575E-02, 0.3521876397831E-02,-0.4049885773571E-03,-0.1860316337705E-02, 0.2146173773263E-02
 0.2458036583815E-02,-0.1101966839879E-02, 0.6286512067580E-02, 0.1215948905856E-02,-0.1187910750685E-02, 0.3517671692213E-02,-0.4118225164776E-03,-0.1837571321639E-02, 0.2169099501546E-02
 0.1978475649543E-02,-0.1370851959380E-02, 0.5916742676712E-02, 0.8889367486026E-03,-0.1485778802081E-02, 0.3084743067429E-02,-0.8172690840581E-03,-0.2174267571183E-02, 0.1914036544251E-02
 0.1841239779517E-02,-0.1528341567842E-02, 0.5809211988102E-02, 0.8380580506670E-03,-0.1541372410621E-02, 0.2985545967326E-02,-0.8852688435194E-03,-0.2269654594452E-02, 0.1760641122079E-02
 0.1707400048978E-02,-0.1669134347978E-02, 0.5628027639278E-02, 0.7456787577164E-03,-0.1602404123772E-02, 0.2855969395911E-02,-0.9777463512728E-03,-0.2359639492970E-02, 0.1575857140668E-02
 0.1542473825539E-02,-0.1760517452067E-02, 0.5286347836928E-02, 0.5264440453363E-03,-0.1720354021852E-02, 0.2613543967147E-02,-0.1182130165482E-02,-0.2470964969910E-02, 0.1354806584421E-02
 0.3165115973256E-02,-0.4273859035813E-03, 0.7236761169582E-02, 0.2101474021303E-02,-0.3922553083590E-03, 0.4078649834478E-02, 0.1240290005652E-03,-0.1257820915232E-02, 0.2968983746205E-02
 0.2863012201897E-02,-0.6864218028729E-03, 0.6945357182386E-02, 0.1847949797152E-02,-0.6121412911730E-03, 0.4106776069402E-02,-0.1081154054359E-04,-0.1493314187115E-02, 0.2713418109749E-02
 0.2658724653405E-02,-0.8887935497290E-03, 0.6642969922741E-02, 0.1581062345238E-02,-0.8567431715498E-03, 0.3914399292633E-02,-0.1574121319548E-03,-0.1647146085900E-02, 0.2463484659587E-02
 0.2496345400493E-02,-0.1047154848436E-02, 0.6365058397171E-02, 0.1332112882267E-02,-0.1091444601698E-02, 0.3618242957528E-02,-0.3225121638440E-03,-0.1765496715784E-02, 0.2245812334208E-02
 0.2553416047147E-02,-0.1012493774380E-02, 0.6393718634097E-02, 0.1340557623442E-02,-0.1094315706667E-02, 0.3614330571527E-02,-0.3292764714230E-03,-0.1742700991298E-02, 0.2268861922664E-02
 0.2073680072258E-02,-0.1282460918548E-02, 0.6024498574356E-02, 0.1013232789978E-02,-0.1392680720141E-02, 0.3181485425729E-02,-0.7351681097593E-03,-0.2080474585648E-02, 0.2013766811751E-02
 0.1936258442713E-02,-0.1440332086026E-02, 0.5917075063972E-02, 0.9620133585577E-03,-0.1448629692455E-02, 0.3082134369499E-02,-0.8035159356046E-03,-0.2176325522575E-02, 0.1860352994640E-02
 0.1802118101400E-02,-0.1581627079339E-02, 0.5736116922761E-02, 0.8692887808487E-03,-0.1510065378907E-02, 0.2952381006359E-02,-0.8963847604760E-03,-0.2266852080838E-02, 0.1675557518882E-02
 0.1636764497207E-02,-0.1673804701654E-02, 0.5395044977090E-02, 0.6498198897737E-03,-0.1628437358553E-02, 0.2709909751289E-02,-0.1101155407199E-02,-0.2378879975442E-02, 0.1454539668432E-02
 0.3448710777106E-02,-0.6893209249468E-03,-0.2155246651643E-02, 0.2210082339381E-02,-0.8175536255438E-03, 0.4551281521441E-02, 0.4886145443723E-04,-0.1775864453130E-02, 0.3304615624150E-02
 0.3127381656543E-02,-0.9550013863364E-03,-0.2360668599316E-02, 0.1941078036907E-02,-0.1045944274471E-02, 0.4568298740431E-02,-0.9258903015171E-04,-0.2014666794386E-02, 0.3031290336662E-02
 0.2911315281643E-02,-0.1159150192371E-02,-0.2560665504761E-02, 0.1662227376293E-02,-0.1295879272505E-02, 0.4361256109535E-02,-0.2432438581378E-03,-0.2167888205657E-02, 0.2767185637306E-02
 0.2740886228247E-02,-0.1316751068928E-02,-0.2729894687608E-02, 0.1404028684328E-02,-0.1533619903637E-02, 0.4049311849369E-02,-0.4114399947344E-03,-0.2283907563046E-02, 0.2538361095596E-02
 0.2802770633126E-02,-0.1278298479676E-02,-0.2733460295635E-02, 0.1415941870930E-02,-0.1534181119245E-02, 0.4047954707592E-02,-0.4152970241762E-03,-0.2258810257457E-02, 0.2565134992841E-02
 0.2298438389321E-02,-0.1552243937111E-02,-0.2874679164031E-02, 0.1071580513496E-02,-0.1837563201157E-02, 0.3587351323697E-02,-0.8338040546117E-03,-0.2597855620585E-02, 0.2290790763160E-02
 0.2154255517876E-02,-0.1711981244892E-02,-0.2985210533574E-02, 0.1017143621742E-02,-0.1893072874830E-02, 0.3480964908397E-02,-0.9038158427543E-03,-0.2692878339830E-02, 0.2129949308771E-02
 0.2013952035682E-02,-0.1854182988530E-02,-0.3121011089991E-02, 0.9203787546122E-03,-0.1953838475888E-02, 0.3343407318132E-02,-0.9985409675782E-03,-0.2781968561689E-02, 0.1936939686288E-02
 0.1841916960668E-02,-0.1944702058071E-02,-0.3281963157770E-02, 0.6936463337430E-03,-0.2072032937413E-02, 0.3089003247911E-02,-0.1207099552492E-02,-0.2891652567885E-02, 0.1706163913727E-02
 0.3565151728334E-02,-0.5629908192477E-03,-0.2031343613131E-02, 0.2333064855673E-02,-0.6765880150257E-03, 0.4674880914115E-02, 0.1562184173967E-03,-0.1733221373563E-02, 0.3330866633400E-02
 0.3244480037296E-02,-0.8293066012683E-03,-0.2237763725457E-02, 0.2064573614732E-02,-0.9054951790514E-03, 0.4691858737304E-02, 0.1439832973156E-04,-0.1972108424630E-02, 0.3058531754646E-02
 0.3028226259772E-02,-0.1034668158468E-02,-0.2439281980720E-02, 0.1785772682662E-02,-0.1156184153212E-02, 0.4485059342887E-02,-0.1369804851278E-03,-0.2125987311279E-02, 0.2795005839615E-02
 0.2857221524394E-02,-0.1193720225139E-02,-0.2610229154056E-02, 0.1527323890309E-02,-0.1394819705211E-02, 0.4173451619013E-02,-0.3060286625275E-03,-0.2242886217445E-02, 0.2566470434220E-02
 0.2919204523538E-02,-0.1155228422268E-02,-0.2613772535272E-02, 0.1539398105655E-02,-0.1395311268669E-02, 0.4172449741667E-02,-0.3097654001389E-03,-0.2217830969508E-02, 0.2593422840284E-02
 0.2414283694617E-02,-0.1431474824062E-02,-0.2757733355490E-02, 0.1194130048139E-02,-0.1700589613533E-02, 0.3711686735490E-02,-0.7295756463325E-03,-0.2557856824066E-02, 0.2319097335991E-02
 0.2269863480334E-02,-0.1591935530202E-02,-0.2869206115850E-02, 0.1139261873801E-02,-0.1756857907718E-02, 0.3605102500853E-02,-0.8001419213225E-03,-0.2653253510298E-02, 0.2158415659861E-02
 0.2129121242362E-02,-0.1735058873959E-02,-0.3006114657917E-02, 0.1042006558807E-02,-0.1818498199071E-02, 0.3467288934161E-02,-0.8955348755749E-03,-0.2742854817902E-02, 0.1965510137244E-02
 0.1956291112633E-02,-0.1827050130208E-02,-0.3168675488150E-02, 0.8147093742917E-03,-0.1937847815454E-02, 0.3212674932809E-02,-0.1104978126992E-02,-0.2853358521446E-02, 0.1734710446779E-02
 0.3704968323400E-02,-0.4167151235275E-03,-0.1890802049305E-02, 0.2461841016193E-02,-0.5559869413717E-03, 0.4783926433838E-02, 0.2557410682675E-03,-0.1638174083410E-02, 0.3439089385206E-02
 0.3385295184314E-02,-0.6834466217761E-03,-0.2098043244298E-02, 0.2194313927135E-02,-0.7847678225631E-03, 0.4801375030399E-02, 0.1139120501273E-03,-0.1877323904436E-02, 0.3167981576431E-02
 0.3169128236706E-02,-0.8898499761158E-03,-0.2300962152110E-02, 0.1915944895870E-02,-0.1035703030819E-02, 0.4595154253958E-02,-0.3789098201201E-04,-0.2031964233679E-02, 0.2905213933105E-02
 0.2997740220131E-02,-0.1050236232211E-02,-0.2473555773486E-02, 0.1657546620929E-02,-0.1274834631440E-02, 0.4284090936363E-02,-0.2075492764887E-03,-0.2149841437832E-02, 0.2677055813096E-02
 0.3059895885236E-02,-0.1011704448032E-02,-0.2477062990594E-02, 0.1669803049957E-02,-0.1275262439553E-02, 0.4283531885408E-02,-0.2111618943804E-03,-0.2124779658719E-02, 0.2704220515060E-02
 0.2554391938300E-02,-0.1290201632323E-02,-0.2623755159896E-02, 0.1323913134146E-02,-0.1581855270981E-02, 0.3822744005104E-02,-0.6319566458080E-03,-0.2466291937632E-02, 0.2429645574508E-02
 0.2409695274128E-02,-0.1451417081698E-02,-0.2736205313812E-02, 0.1268655941812E-02,-0.1638731333350E-02, 0.3716030657515E-02,-0.7030131742457E-03,-0.2562272903169E-02, 0.2268987643953E-02
 0.2268468683833E-02,-0.1595491921168E-02,-0.2874261694075E-02, 0.1170960488792E-02,-0.1701088946495E-02, 0.3578014771460E-02,-0.7989987895973E-03,-0.2652594547258E-02, 0.2076074338219E-02
 0.2094825984448E-02,-0.1688954318643E-02,-0.3038453740089E-02, 0.9432183040440E-03,-0.1821356402197E-02, 0.3323239384073E-02,-0.1009183885159E-02,-0.2764134520997E-02, 0.1845190531551E-02
 0.3845852848855E-02,-0.2722639488519E-03,-0.1755598112464E-02, 0.2579419333719E-02,-0.4546309429003E-03, 0.4877646396789E-02, 0.3514107610672E-03,-0.1517875011946E-02, 0.3577763476999E-02
 0.3527319019100E-02,-0.5392233461001E-03,-0.1963450424974E-02, 0.2313057772007E-02,-0.6829398584764E-03, 0.4895796721326E-02, 0.2097413869730E-03,-0.1757376879107E-02, 0.3307951650763E-02
 0.3311425316297E-02,-0.7464537525913E-03,-0.2167538125800E-02, 0.2035339862147E-02,-0.9338020046581E-03, 0.4690326393653E-02, 0.5769819175753E-04,-0.1912775982001E-02, 0.3046028451258E-02
 0.3139836659307E-02,-0.9079667233232E-03,-0.2341555624308E-02, 0.1777201295756E-02,-0.1173144045970E-02, 0.4379932041465E-02,-0.1123959233797E-03,-0.2031605235626E-02, 0.2818317173527E-02
 0.3202174193521E-02,-0.8694036653113E-03,-0.2345022839510E-02, 0.1789628401342E-02,-0.1173516585480E-02, 0.4379815702909E-02,-0.1158955553137E-03,-0.2006507043794E-02, 0.2845684584835E-02
 0.2696234158203E-02,-0.1149886577500E-02,-0.2494157651826E-02, 0.1443404959863E-02,-0.1480974472080E-02, 0.3919157774330E-02,-0.5374453086218E-03,-0.2349685855049E-02, 0.2570823563569E-02
 0.2551283353889E-02,-0.1311791955186E-02,-0.2607497089843E-02, 0.1387834603606E-02,-0.1538324773394E-02, 0.3812373030850E-02,-0.6089385189890E-03,-0.2446331252925E-02, 0.2410141565714E-02
 0.2409613741753E-02,-0.1456735195725E-02,-0.2746596549562E-02, 0.1289789951476E-02,-0.1601251124813E-02, 0.3674220005621E-02,-0.7054467390626E-03,-0.2537440280444E-02, 0.2217193259729E-02
 0.2235260992810E-02,-0.1551521970961E-02,-0.2912256835133E-02, 0.1061751375722E-02,-0.1722218019786E-02, 0.3419371292291E-02,-0.9162469672489E-03,-0.2650058115755E-02, 0.1986246510955E-02
 0.3837634014590E-02,-0.2665113965719E-03,-0.1741493071841E-02, 0.2573959336108E-02,-0.4578468769704E-03, 0.4855895444313E-02, 0.3448850302149E-03,-0.1502205371798E-02, 0.3576948234029E-02
 0.3519255584346E-02,-0.5335182463290E-03,-0.1949411873670E-02, 0.2307677412379E-02,-0.6860291612151E-03, 0.4874183290365E-02, 0.2032141321861E-03,-0.1741797359565E-02, 0.3307226588028E-02
 0.3303582877784E-02,-0.7408051604461E-03,-0.2153611341796E-02, 0.2030110183218E-02,-0.9368255165979E-03, 0.4669043831739E-02, 0.5120185834506E-04,-0.1897305658609E-02, 0.3045493510953E-02
 0.3132268245136E-02,-0.9023650295200E-03,-0.2327757441596E-02, 0.1772164212375E-02,-0.1176131194038E-02, 0.4359087855819E-02,-0.1188243058119E-03,-0.2016246667492E-02, 0.2818023880272E-02
 0.3194300227355E-02,-0.8638822750154E-03,-0.2331250152051E-02, 0.1784413428271E-02,-0.1176539252939E-02, 0.4358597989996E-02,-0.1224197019362E-03,-0.1991162684079E-02, 0.2845163882605E-02
 0.2689322602509E-02,-0.1144275194926E-02,-0.2480553397720E-02, 0.1438762300644E-02,-0.1483851518767E-02, 0.3899169501626E-02,-0.5436083630881E-03,-0.2334492409024E-02, 0.2570974467967E-02
 0.2544612994850E-02,-0.1306138689458E-02,-0.2593968382213E-02, 0.1383331169766E-02,-0.1541162216337E-02, 0.3792683384649E-02,-0.6150075734115E-03,-0.2431196748389E-02, 0.2410491761389E-02
 0.2403230462067E-02,-0.1451042660498E-02,-0.2733147803130E-02, 0.1285469645823E-02,-0.1604051363184E-02, 0.3654906632772E-02,-0.7114020230420E-03,-0.2522374796634E-02, 0.2217799510291E-02
 0.2229288703489E-02,-0.1545813259509E-02,-0.2898906484572E-02, 0.1057720021518E-02,-0.1724977528667E-02, 0.3400634739763E-02,-0.9220345506174E-03,-0.2635091101118E-02, 0.1987219556494E-02
 0.4041594837130E-02,-0.7591560689616E-04,-0.1589107728920E-02, 0.2713016490907E-02,-0.3051763247807E-03, 0.5016022917087E-02, 0.5471166885242E-03,-0.1310131242187E-02, 0.3740384070255E-02
 0.3724960437983E-02,-0.3428944991582E-03,-0.1797420848385E-02, 0.2448591250722E-02,-0.5326927213887E-03, 0.5035152703119E-02, 0.4055039337648E-03,-0.1550249894258E-02, 0.3472699952062E-02
 0.3509821198845E-02,-0.5509596111369E-03,-0.2002705907562E-02, 0.2172181438825E-02,-0.7832046383672E-03, 0.4831044562537E-02, 0.2530697134498E-03,-0.1706731992987E-02, 0.3212350895483E-02
 0.3338340143370E-02,-0.7137416903978E-03,-0.2178299333770E-02, 0.1914824156311E-02,-0.1022563794519E-02, 0.4522028575108E-02, 0.8235633700224E-04,-0.1826886609112E-02, 0.2985667604249E-02
 0.3400809551053E-02,-0.6751801078009E-03,-0.2181715429748E-02, 0.1927427115391E-02,-0.1022861616783E-02, 0.4522446615574E-02, 0.7898942909366E-04,-0.1801700776342E-02, 0.3013238180051E-02
 0.2895004678023E-02,-0.9579797410282E-03,-0.2333756996562E-02, 0.1581415583812E-02,-0.1331230699549E-02, 0.4062593378777E-02,-0.3437386465982E-03,-0.2147449676498E-02, 0.2738621132749E-02
 0.2749858189827E-02,-0.1120685891352E-02,-0.2448114225629E-02, 0.1525580819864E-02,-0.1389198183396E-02, 0.3955795037415E-02,-0.4159871537970E-03,-0.2245143761017E-02, 0.2578100440915E-02
 0.2607774233569E-02,-0.1266664689167E-02,-0.2588407122904E-02, 0.1427273102564E-02,-0.1452851400745E-02, 0.3817609366891E-02,-0.5133508619893E-03,-0.2337459881036E-02, 0.2385339146415E-02
 0.2432789085967E-02,-0.1363077057589E-02,-0.2755773240706E-02, 0.1199202955746E-02,-0.1574637636058E-02, 0.3563036241933E-02,-0.7250656642207E-03,-0.2451658287767E-02, 0.2154655525290E-02
 0.4096025856076E-02,-0.2939063754645E-04,-0.1549813626619E-02, 0.2764830531363E-02,-0.2281039183168E-03, 0.5086030470447E-02, 0.6143508287869E-03,-0.1264726397741E-02, 0.3779499857480E-02
 0.3780125410872E-02,-0.2961706851445E-03,-0.1758071496945E-02, 0.2501095572330E-02,-0.4555806074931E-03, 0.5105318180214E-02, 0.4727975814717E-03,-0.1504739619491E-02, 0.3512618164827E-02
 0.3565414589098E-02,-0.5042866237412E-03,-0.1963509151921E-02, 0.2225235215331E-02,-0.7060304323682E-03, 0.4901765636952E-02, 0.3203245457541E-03,-0.1661327286298E-02, 0.3252947217346E-02
 0.3394177781447E-02,-0.6672651515444E-03,-0.2139384301913E-02, 0.1968273927179E-02,-0.9453743516904E-03, 0.4593437647680E-02, 0.1495183056182E-03,-0.1781696932111E-02, 0.3026781999354E-02
 0.3456609572281E-02,-0.6287374534573E-03,-0.2142784645458E-02, 0.1980891352164E-02,-0.9456449185660E-03, 0.4593945605300E-02, 0.1461716627950E-03,-0.1756510548398E-02, 0.3054360764457E-02
 0.2951263771290E-02,-0.9119167676022E-03,-0.2295477928414E-02, 0.1635146424672E-02,-0.1254428308670E-02, 0.4134714559190E-02,-0.2767474519731E-03,-0.2102612296556E-02, 0.2780148689095E-02
 0.2806153910402E-02,-0.1074737778374E-02,-0.2410031051786E-02, 0.1579243296924E-02,-0.1312664319533E-02, 0.4027922749980E-02,-0.3492091938355E-03,-0.2200494951580E-02, 0.2619778248172E-02
 0.2664066522530E-02,-0.1220898524251E-02,-0.2550553492383E-02, 0.1480898986871E-02,-0.1376606900253E-02, 0.3889787648269E-02,-0.4467997959981E-03,-0.2293043986146E-02, 0.2427200682871E-02
 0.2489094890341E-02,-0.1317656205191E-02,-0.2718269083063E-02, 0.1252952296034E-02,-0.1498681462036E-02, 0.3635516917166E-02,-0.6587014721525E-03,-0.2407546698512E-02, 0.2196787542805E-02
 0.4156573432683E-02, 0.2373494612614E-04,-0.1493952900895E-02, 0.2839276283840E-02,-0.1445992755848E-03, 0.5164774972101E-02, 0.6816305530789E-03,-0.1211095636198E-02, 0.3831691265770E-02
 0.3841540238720E-02,-0.2427795816464E-03,-0.1702187566065E-02, 0.2576348584988E-02,-0.3719386521346E-03, 0.5184315715615E-02, 0.5402434476257E-03,-0.1450974603180E-02, 0.3565757440911E-02
 0.3627322259115E-02,-0.4509242492635E-03,-0.1907845908604E-02, 0.2301109252550E-02,-0.6222499138675E-03, 0.4981387379243E-02, 0.3877992032954E-03,-0.1607665835369E-02, 0.3306862154062E-02
 0.3456346996500E-02,-0.6141076253870E-03,-0.2084090324787E-02, 0.2044571533806E-02,-0.8615260583400E-03, 0.4673787909530E-02, 0.2169411675774E-03,-0.1728267199626E-02, 0.3081267631177E-02
 0.3518787750290E-02,-0.5756072206818E-03,-0.2087462542238E-02, 0.2057235199154E-02,-0.8617624384351E-03, 0.4674463275425E-02, 0.2136310903733E-03,-0.1703074666025E-02, 0.3108893487537E-02
 0.3013834632761E-02,-0.8592247777992E-03,-0.2240986963186E-02, 0.1711653926521E-02,-0.1170944985731E-02, 0.4215767356251E-02,-0.2094428880649E-03,-0.2049591791781E-02, 0.2835029781114E-02
 0.2868736701225E-02,-0.1022186027107E-02,-0.2355822396205E-02, 0.1655616377257E-02,-0.1229464541936E-02, 0.4108953332366E-02,-0.2821218827260E-03,-0.2147696544938E-02, 0.2674790141630E-02
 0.2726607045837E-02,-0.1168563974628E-02,-0.2496671946461E-02, 0.1557167250941E-02,-0.1293714246966E-02, 0.3970827995445E-02,-0.3799456165445E-03,-0.2240517411768E-02, 0.2482373533267E-02
 0.2551592748538E-02,-0.1265719807470E-02,-0.2664852644976E-02, 0.1329287237596E-02,-0.1416086666186E-02, 0.3716809734331E-02,-0.5920291604684E-03,-0.2355370248983E-02, 0.2252207586591E-02
 0.4249544972792E-02, 0.1142362056778E-03,-0.1387125039442E-02, 0.2960819801423E-02,-0.5101076808559E-04, 0.5258399486665E-02, 0.7642994611550E-03,-0.1113835999523E-02, 0.3927862265625E-02
 0.3935720181023E-02,-0.1520004168220E-03,-0.1595535402739E-02, 0.2699043015858E-02,-0.2778637468918E-03, 0.5278525609951E-02, 0.6232495089069E-03,-0.1353737180336E-02, 0.3663261546748E-02
 0.3722082194232E-02,-0.3603184057269E-03,-0.1801756635117E-02, 0.2424602251932E-02,-0.5278461099156E-03, 0.5076404295332E-02, 0.4708740192725E-03,-0.1510746438111E-02, 0.3405367116894E-02
 0.3551303523236E-02,-0.5239403826430E-03,-0.1978776636735E-02, 0.2168533682712E-02,-0.7669744351267E-03, 0.4769604849738E-02, 0.2999276736749E-03,-0.1631832551916E-02, 0.3180433337384E-02
 0.3613886531433E-02,-0.4854391634449E-03,-0.1982094170595E-02, 0.2181335924151E-02,-0.7671594468889E-03, 0.4770671869553E-02, 0.2967057364876E-03,-0.1606602435508E-02, 0.3208221059897E-02
 0.3109014171910E-02,-0.7699867869317E-03,-0.2137164548327E-02, 0.1835657820657E-02,-0.1076735283990E-02, 0.4312248793348E-02,-0.1266588597179E-03,-0.1954110463882E-02, 0.2934465174681E-02
 0.2963817713679E-02,-0.9332754493671E-03,-0.2252590018450E-02, 0.1779338328853E-02,-0.1135584699734E-02, 0.4205355582300E-02,-0.1996443457902E-03,-0.2052663874930E-02, 0.2774287501111E-02
 0.2821475957722E-02,-0.1080100207588E-02,-0.2394121007184E-02, 0.1680617525214E-02,-0.1200209645518E-02, 0.4067135157396E-02,-0.2978125522589E-03,-0.2146009995874E-02, 0.2581946886501E-02
 0.2646155822027E-02,-0.1177980403288E-02,-0.2563220896325E-02, 0.1452635206252E-02,-0.1322957273218E-02, 0.3813199699670E-02,-0.5102044097336E-03,-0.2261536131602E-02, 0.2351917921179E-02
 0.4664032750222E-02,-0.3599329702024E-04,-0.2018943096267E-02, 0.3193734249176E-02,-0.3745568970418E-03, 0.5859725819982E-02, 0.8028704216902E-03,-0.1542760884026E-02, 0.4386892591438E-02
 0.4327556319077E-02,-0.3110401792768E-03,-0.2228832371691E-02, 0.2914169265925E-02,-0.6119329579843E-03, 0.5866213093063E-02, 0.6532469090457E-03,-0.1787122133668E-02, 0.4102258003577E-02
 0.4099074024127E-02,-0.5231031277086E-03,-0.2433085805403E-02, 0.2625481070855E-02,-0.8687272949867E-03, 0.5646614283719E-02, 0.4949851555245E-03,-0.1944504141771E-02, 0.3828065339039E-02
 0.3917513618585E-02,-0.6877296518076E-03,-0.2606185837566E-02, 0.2358015162174E-02,-0.1112043661158E-02, 0.5321234987108E-02, 0.3192262093111E-03,-0.2064140862216E-02, 0.3590065289300E-02
 0.3985038562054E-02,-0.6451463710399E-03,-0.2607583194752E-02, 0.2374354677834E-02,-0.1109612274580E-02, 0.5324926132849E-02, 0.3190687437163E-03,-0.2036252735435E-02, 0.3621623090287E-02
 0.3450869488583E-02,-0.9368634649763E-03,-0.2756855457896E-02, 0.2008132196821E-02,-0.1426657493446E-02, 0.4834357312727E-02,-0.1202190684536E-03,-0.2387114255657E-02, 0.3325645800114E-02
 0.3297384857943E-02,-0.1103191808154E-02,-0.2870555244776E-02, 0.1947489138424E-02,-0.1485831969106E-02, 0.4719045715689E-02,-0.1958650058090E-03,-0.2485483918724E-02, 0.3156768170668E-02
 0.3147271648440E-02,-0.1252132957494E-02,-0.3010082854651E-02, 0.1843470010309E-02,-0.1550601631729E-02, 0.4571510777703E-02,-0.2969899740241E-03,-0.2578081471263E-02, 0.2954837219020E-02
 0.2963139708745E-02,-0.1349765799323E-02,-0.3175626666408E-02, 0.1606393548047E-02,-0.1674229091782E-02, 0.4303521372982E-02,-0.5147415970070E-03,-0.2692136347205E-02, 0.2713396895944E-02
 0.4776078101022E-02, 0.8893404050488E-04,-0.1894146269512E-02, 0.3313424464927E-02,-0.2343134581321E-03, 0.5979094086700E-02, 0.9085003948978E-03,-0.1500111865174E-02, 0.4411056477251E-02
 0.4440629622258E-02,-0.1865371297774E-03,-0.2104969809156E-02, 0.3034627845166E-02,-0.4720699996600E-03, 0.5985904814554E-02, 0.7586921413552E-03,-0.1744500975549E-02, 0.4127589073609E-02
 0.4212294711954E-02,-0.3996160444247E-03,-0.2310681189267E-02, 0.2746262316767E-02,-0.7294844108510E-03, 0.5766887307040E-02, 0.5998851299980E-03,-0.1902484749955E-02, 0.3854150756422E-02
 0.4030456481349E-02,-0.5655189943706E-03,-0.2485442008922E-02, 0.2478808347774E-02,-0.9735712546843E-03, 0.5442149402755E-02, 0.4234425126121E-03,-0.2022950461153E-02, 0.3616602451133E-02
 0.4098110201423E-02,-0.5228827680043E-03,-0.2486813410275E-02, 0.2495343290343E-02,-0.9710609213884E-03, 0.5446136207544E-02, 0.4234333546532E-03,-0.1995094827606E-02, 0.3648373957061E-02
 0.3563802504197E-02,-0.8166621638933E-03,-0.2638758363175E-02, 0.2128556960189E-02,-0.1289820492195E-02, 0.4955943758270E-02,-0.1689693310137E-04,-0.2346876784965E-02, 0.3352619578015E-02
 0.3410227823980E-02,-0.9836160872930E-03,-0.2753369029218E-02, 0.2067586818749E-02,-0.1349697313553E-02, 0.4840588794898E-02,-0.9302046230359E-04,-0.2445597550862E-02, 0.3183979295153E-02
 0.3259829741408E-02,-0.1133381070145E-02,-0.2893971048836E-02, 0.1963200844534E-02,-0.1415282491067E-02, 0.4692964710230E-02,-0.1947269335943E-03,-0.2538682196315E-02, 0.2982233096666E-02
 0.3075114550538E-02,-0.1232374237720E-02,-0.3061081692750E-02, 0.1725759386784E-02,-0.1539981190553E-02, 0.4424995733857E-02,-0.4132266503673E-03,-0.2653524828994E-02, 0.2740875968984E-02
 0.4912153787217E-02, 0.2340351807689E-03,-0.1752351678838E-02, 0.3439266461953E-02,-0.1141014851080E-03, 0.6084923635227E-02, 0.1006759326339E-02,-0.1404500677111E-02, 0.4516309618226E-02
 0.4578136268613E-02,-0.4160572216462E-04,-0.1963919529881E-02, 0.3161710671299E-02,-0.3515898679340E-03, 0.6092474149647E-02, 0.8571428209886E-03,-0.1649065745893E-02, 0.4234336818485E-02
 0.4350263197186E-02,-0.2555011437228E-03,-0.2170953090821E-02, 0.2874061836145E-02,-0.6091151601161E-03, 0.5874352217237E-02, 0.6980995747403E-03,-0.1807734564427E-02, 0.3961913998248E-02
 0.4168364588939E-02,-0.4225414270915E-03,-0.2347289068138E-02, 0.2606925724153E-02,-0.8535756981492E-03, 0.5550476544217E-02, 0.5212176789146E-03,-0.1929112220806E-02, 0.3724971999504E-02
 0.4236229593898E-02,-0.3798500332756E-03,-0.2348626053430E-02, 0.2623689135032E-02,-0.8509914531961E-03, 0.5554994409091E-02, 0.5213667865822E-03,-0.1901248748326E-02, 0.3757006427275E-02
 0.3701810826002E-02,-0.6756179520028E-03,-0.2503215097823E-02, 0.2256614740302E-02,-0.1170895857749E-02, 0.5065138801226E-02, 0.8029030381371E-04,-0.2254414399477E-02, 0.3461253834440E-02
 0.3548121137591E-02,-0.8432182693744E-03,-0.2618771680889E-02, 0.2195361154839E-02,-0.1231328217529E-02, 0.4949784383522E-02, 0.3750931059401E-05,-0.2353689276159E-02, 0.3292767961768E-02
 0.3397401828364E-02,-0.9938278291700E-03,-0.2760484838010E-02, 0.2090657461082E-02,-0.1297575200697E-02, 0.4802097123742E-02,-0.9846719978258E-04,-0.2447462921395E-02, 0.3091155032576E-02
 0.3212087086179E-02,-0.1094172535750E-02,-0.2929175215617E-02, 0.1852965124578E-02,-0.1423111634801E-02, 0.4534170163432E-02,-0.3175853146761E-03,-0.2563297517926E-02, 0.2849883149546E-02
 0.5049881685731E-02, 0.3775146006259E-03,-0.1615819123771E-02, 0.3554371257171E-02,-0.1292698016714E-04, 0.6176156354574E-02, 0.1101436667718E-02,-0.1283352587445E-02, 0.4651835062936E-02
 0.4717436350508E-02, 0.1018903905511E-03,-0.1827921047869E-02, 0.3278244105192E-02,-0.2498098954729E-03, 0.6184606257156E-02, 0.9521762150748E-03,-0.1528172159963E-02, 0.4371448333476E-02
 0.4490206266824E-02,-0.1126087355180E-03,-0.2036043821097E-02, 0.2991512875533E-02,-0.5071360715867E-03, 0.5967519545313E-02, 0.7930756880201E-03,-0.1687517341933E-02, 0.4100147604241E-02
 0.4308421240922E-02,-0.2805813733339E-03,-0.2213731199732E-02, 0.2724884003048E-02,-0.7516943921969E-03, 0.5644618316084E-02, 0.6159228643172E-03,-0.1809776623725E-02, 0.3863897332742E-02
 0.4376506323446E-02,-0.2378454397935E-03,-0.2215032655496E-02, 0.2741864989683E-02,-0.7490463067507E-03, 0.5649736261809E-02, 0.6162181294853E-03,-0.1781881328299E-02, 0.3896187579557E-02
 0.3842105587425E-02,-0.5353415672163E-03,-0.2371974798325E-02, 0.2374759069028E-02,-0.1069663001660E-02, 0.5160260693612E-02, 0.1746114380196E-03,-0.2136591448254E-02, 0.3600405992990E-02
 0.3688318822156E-02,-0.7035260503339E-03,-0.2488390858327E-02, 0.2313289922102E-02,-0.1130523193701E-02, 0.5044941658529E-02, 0.9770501473745E-04,-0.2236497733922E-02, 0.3432041640670E-02
 0.3537313362048E-02,-0.8548998541238E-03,-0.2631111314634E-02, 0.2208348730106E-02,-0.1197289039969E-02, 0.4897233191226E-02,-0.4960105422449E-05,-0.2331024577735E-02, 0.3230552803138E-02
 0.3351489655231E-02,-0.9564527760018E-03,-0.2801217334124E-02, 0.1970534799193E-02,-0.1323451837481E-02, 0.4629413329462E-02,-0.2245775900518E-03,-0.2447887961600E-02, 0.2989405457705E-02
 0.5038429252929E-02, 0.3811032302694E-03,-0.1602780822302E-02, 0.3546141008105E-02,-0.1786678238508E-04, 0.6151157194299E-02, 0.1092633621228E-02,-0.1268919801298E-02, 0.4647965605497E-02
 0.4706180407268E-02, 0.1054548031723E-03,-0.1814947466197E-02, 0.3270128513705E-02,-0.2546101429862E-03, 0.6159928707529E-02, 0.9433894429111E-03,-0.1513827761322E-02, 0.4367718141515E-02
 0.4479273367050E-02,-0.1090625352648E-03,-0.2023178019073E-02, 0.2983610943472E-02,-0.5118547024586E-03, 0.5943272971062E-02, 0.7843576538422E-03,-0.1673275099066E-02, 0.4096687534504E-02
 0.4297889479953E-02,-0.2770361120550E-03,-0.2200988327362E-02, 0.2717250595442E-02,-0.7563579404809E-03, 0.5620870745555E-02, 0.6073211302269E-03,-0.1795634890473E-02, 0.3860770097656E-02
 0.4365585777982E-02,-0.2344101267649E-03,-0.2202309343927E-02, 0.2734004964806E-02,-0.7537610264134E-03, 0.5625420548755E-02, 0.6074862863993E-03,-0.1767761232595E-02, 0.3892763965680E-02
 0.3832416555829E-02,-0.5317012887464E-03,-0.2359411595900E-02, 0.2367650758139E-02,-0.1074170370889E-02, 0.5137549870061E-02, 0.1663653841821E-03,-0.2122584138047E-02, 0.3597859987216E-02
 0.3678920172743E-02,-0.6998089232740E-03,-0.2475883831178E-02, 0.2306361130391E-02,-0.1134970751689E-02, 0.5022591257795E-02, 0.8958435253402E-04,-0.2222532481054E-02, 0.3429750090277E-02
 0.3528276111603E-02,-0.8511023332214E-03,-0.2618668654682E-02, 0.2201656870942E-02,-0.1201674816330E-02, 0.4875331894066E-02,-0.1292700349232E-04,-0.2317109164389E-02, 0.3228588061998E-02
 0.3343003574378E-02,-0.9525833270626E-03,-0.2788870207078E-02, 0.1964221860565E-02,-0.1327763244896E-02, 0.4608195302541E-02,-0.2323148478679E-03,-0.2434048583685E-02, 0.2987912224737E-02
 0.5240781627403E-02, 0.5724261865348E-03,-0.1447579318580E-02, 0.3684813309854E-02, 0.1362856166729E-03, 0.6310598861759E-02, 0.1295204387108E-02,-0.1074146773736E-02, 0.4810435057844E-02
 0.4910857190389E-02, 0.2971221192494E-03,-0.1660037531644E-02, 0.3410968239735E-02,-0.9961975901181E-04, 0.6320299424672E-02, 0.1146300215121E-02,-0.1319432780325E-02, 0.4532551054894E-02
 0.4684923307332E-02, 0.8210736374100E-04,-0.1869251011941E-02, 0.3125902500509E-02,-0.3564144963631E-03, 0.6105003579109E-02, 0.9871017132663E-03,-0.1479736813041E-02, 0.4263196067624E-02
 0.4503713376326E-02,-0.8685149983822E-04,-0.2048417418130E-02, 0.2860390115338E-02,-0.6008241346169E-03, 0.5783953369388E-02, 0.8096079168158E-03,-0.1603215289572E-02, 0.4028308947130E-02
 0.4571970129638E-02,-0.4410976832836E-04,-0.2049673861480E-02, 0.2877597840001E-02,-0.5980987260897E-03, 0.5789813018041E-02, 0.8100709081423E-03,-0.1575249788825E-02, 0.4060864244830E-02
 0.4038398962836E-02,-0.3435352306009E-03,-0.2209399642823E-02, 0.2511121499801E-02,-0.9193902707766E-03, 0.5301558034757E-02, 0.3677305812154E-03,-0.1932321244845E-02, 0.3765693710857E-02
 0.3884643397660E-02,-0.5123691926312E-03,-0.2326789424661E-02, 0.2449521851793E-02,-0.9807994132985E-03, 0.5186377975564E-02, 0.2901846148687E-03,-0.2033219404078E-02, 0.3597673915972E-02
 0.3733456580561E-02,-0.6646261800374E-03,-0.2470650700080E-02, 0.2344470706198E-02,-0.1048217224839E-02, 0.5038816980049E-02, 0.1867988336082E-03,-0.2128894409129E-02, 0.3396574953765E-02
 0.3547314251817E-02,-0.7676274135269E-03,-0.2642387754523E-02, 0.2106862109949E-02,-0.1175087169942E-02, 0.4771580541913E-02,-0.3350297447793E-04,-0.2247256303564E-02, 0.3155943537116E-02
 0.5293415048494E-02, 0.6183671312625E-03,-0.1407896670945E-02, 0.3735190247509E-02, 0.2131353906231E-03, 0.6378279023717E-02, 0.1361555078313E-02,-0.1028474603911E-02, 0.4848179035327E-02
 0.4964421326670E-02, 0.3433568933942E-03,-0.1620271499063E-02, 0.3462150591446E-02,-0.2266748747387E-04, 0.6388331321956E-02, 0.1212806289590E-02,-0.1273616772824E-02, 0.4571206200299E-02
 0.4739093842626E-02, 0.1283878726909E-03,-0.1829607639786E-02, 0.3177764180178E-02,-0.2793311262344E-03, 0.6173784025865E-02, 0.1053669702210E-02,-0.1433991132942E-02, 0.4302647293969E-02
 0.4558286906391E-02,-0.4067758854148E-04,-0.2009027357131E-02, 0.2912775114480E-02,-0.5236578950667E-03, 0.5853600989555E-02, 0.8761831268956E-03,-0.1557652578528E-02, 0.4068389943182E-02
 0.4626517993281E-02, 0.2026977508025E-05,-0.2010273329712E-02, 0.2930002103920E-02,-0.5209115631919E-03, 0.5859496506498E-02, 0.8766686909073E-03,-0.1529692836501E-02, 0.4100958348349E-02
 0.4093651917461E-02,-0.2976484633699E-03,-0.2170606577761E-02, 0.2563965422890E-02,-0.8425103005788E-03, 0.5372183112726E-02, 0.4343112553549E-03,-0.1887056303145E-02, 0.3806330415617E-02
 0.3940005819263E-02,-0.4665535946404E-03,-0.2288177813408E-02, 0.2502344223120E-02,-0.9041608073374E-03, 0.5257089593804E-02, 0.3565938104009E-03,-0.1988126186899E-02, 0.3638515426482E-02
 0.3788893839233E-02,-0.6189454306412E-03,-0.2432252123293E-02, 0.2397314970723E-02,-0.9718376215734E-03, 0.5109675015893E-02, 0.2530320752519E-03,-0.2084015662250E-02, 0.3437663226871E-02
 0.3602880867865E-02,-0.7222291529923E-03,-0.2604316000431E-02, 0.2159929803215E-02,-0.1098948321893E-02, 0.4842890875003E-02, 0.3263358685364E-04,-0.2202655412173E-02, 0.3197388521605E-02
 0.5352469603449E-02, 0.6711503605997E-03,-0.1351330843889E-02, 0.3808198863239E-02, 0.2966493474310E-03, 0.6454993160943E-02, 0.1428250525683E-02,-0.9743295941835E-03, 0.4899144340543E-02
 0.5024565498574E-02, 0.3965135854822E-03,-0.1563647096739E-02, 0.3536105243335E-02, 0.6105432837050E-04, 0.6465477582220E-02, 0.1279773458078E-02,-0.1219291116206E-02, 0.4623246651286E-02
 0.4799917214273E-02, 0.1816225777235E-03,-0.1773166167583E-02, 0.3252492202926E-02,-0.1953948802556E-03, 0.6251752568305E-02, 0.1120772216581E-02,-0.1379727465845E-02, 0.4355594273322E-02
 0.4619529953360E-02, 0.1244956314005E-04,-0.1952919661190E-02, 0.2988073623151E-02,-0.4395808179280E-03, 0.5932490796846E-02, 0.9433361605603E-03,-0.1503583684892E-02, 0.4122027486919E-02
 0.4687804910648E-02, 0.5512809168883E-04,-0.1954145437910E-02, 0.3005360777544E-02,-0.4368048570091E-03, 0.5938552266311E-02, 0.9438666119357E-03,-0.1475624823969E-02, 0.4154659810152E-02
 0.4155559312943E-02,-0.2448535832346E-03,-0.2115256335763E-02, 0.2639675370055E-02,-0.7586930383347E-03, 0.5452047691880E-02, 0.5015170424218E-03,-0.1833335898382E-02, 0.3860511809872E-02
 0.4002000825461E-02,-0.4138541057446E-03,-0.2233094586277E-02, 0.2577969898467E-02,-0.8205998618237E-03, 0.5337011853773E-02, 0.4236231704375E-03,-0.1934610764694E-02, 0.3692887210027E-02
 0.3850922241600E-02,-0.5664153555978E-03,-0.2377477349837E-02, 0.2472899409139E-02,-0.8885535351244E-03, 0.5189699365968E-02, 0.3198768201540E-03,-0.2030753362338E-02, 0.3492263484261E-02
 0.3664970072713E-02,-0.6700334036402E-03,-0.2549978054617E-02, 0.2235693311288E-02,-0.1015913838952E-02, 0.4923309884006E-02, 0.9938078930426E-04,-0.2149715110029E-02, 0.3252324668794E-02
 0.5444169417538E-02, 0.7616650121166E-03,-0.1243000825367E-02, 0.3928234959940E-02, 0.3907038864746E-03, 0.6547287300703E-02, 0.1510815880588E-02,-0.8758917461121E-03, 0.4994024979277E-02
 0.5117797874645E-02, 0.4874741790730E-03,-0.1455432684596E-02, 0.3657501278313E-02, 0.1556942450974E-03, 0.6558481320937E-02, 0.1362825503878E-02,-0.1120796732478E-02, 0.4719659494697E-02
 0.4893977042017E-02, 0.2725658962406E-03,-0.1665451504084E-02, 0.3374902892472E-02,-0.1003273927973E-03, 0.6345781063264E-02, 0.1204032662290E-02,-0.1281485029324E-02, 0.4453195323114E-02
 0.4713980923729E-02, 0.1030903982205E-03,-0.1845922689199E-02, 0.3111154802001E-02,-0.3442753303896E-03, 0.6027564384846E-02, 0.1026634043584E-02,-0.1405769993701E-02, 0.4220451394677E-02
 0.4782477191757E-02, 0.1457823954205E-03,-0.1847105233427E-02, 0.3128620748770E-02,-0.3414456363611E-03, 0.6034186945831E-02, 0.1027279078207E-02,-0.1377783047366E-02, 0.4253296263511E-02
 0.4250558846466E-02,-0.1549613049784E-03,-0.2009683777785E-02, 0.2763069505505E-02,-0.6636073173876E-03, 0.5548093194409E-02, 0.5848062258407E-03,-0.1736383353258E-02, 0.3959399987827E-02
 0.4097002787775E-02,-0.3242263923352E-03,-0.2128091478569E-02, 0.2701148152604E-02,-0.7258131799727E-03, 0.5433056006902E-02, 0.5066531206236E-03,-0.1838083509821E-02, 0.3791924284954E-02
 0.3945802320727E-02,-0.4771709168481E-03,-0.2273128366965E-02, 0.2595887513623E-02,-0.7941084509552E-03, 0.5285731695233E-02, 0.4026148096941E-03,-0.1934726675903E-02, 0.3591471115251E-02
 0.3759646649084E-02,-0.5814348385059E-03,-0.2446502755436E-02, 0.2358722476329E-02,-0.9217902520899E-03, 0.5019555712424E-02, 0.1818969869409E-03,-0.2054323370250E-02, 0.3351782378320E-02
 0.5992704361738E-02, 0.7276391137188E-03,-0.1784960142356E-02, 0.4288719035232E-02, 0.1743504282704E-03,-0.2657420401399E-02, 0.1666869925864E-02,-0.1210432805027E-02, 0.5578923999088E-02
 0.5640088677471E-02, 0.4422446743308E-03,-0.2000058624079E-02, 0.3997713141017E-02,-0.7339476807994E-04,-0.2606838678358E-02, 0.1508167987159E-02,-0.1461122684733E-02, 0.5282107086919E-02
 0.5398128429605E-02, 0.2214191075064E-03,-0.2209230221637E-02, 0.3698411514219E-02,-0.3378808747760E-03,-0.2781265589407E-02, 0.1341496462347E-02,-0.1623318734896E-02, 0.4997081252559E-02
 0.5204383642793E-02, 0.4899767644958E-04,-0.2386815512130E-02, 0.3420964214338E-02,-0.5873177138920E-03,-0.3041440392137E-02, 0.1157422906429E-02,-0.1747170014994E-02, 0.4749225907796E-02
 0.5277975131687E-02, 0.9602177809826E-04,-0.2385739403271E-02, 0.3441997688514E-02,-0.5815951704440E-03,-0.3046873390894E-02, 0.1161231854720E-02,-0.1716176601298E-02, 0.4785741895011E-02
 0.4711780550927E-02,-0.2152917255454E-03,-0.2544589480323E-02, 0.3052232833332E-02,-0.9138828776806E-03,-0.3261990703012E-02, 0.6993399212940E-03,-0.2080434502904E-02, 0.4466544334213E-02
 0.4548336682515E-02,-0.3888706863115E-03,-0.2661987682184E-02, 0.2984810210242E-02,-0.9772549949787E-03,-0.3312991932508E-02, 0.6174639179618E-03,-0.2182676100918E-02, 0.4289054234098E-02
 0.4387660122730E-02,-0.5452381206207E-03,-0.2805820643078E-02, 0.2872916031399E-02,-0.1046592183068E-02,-0.3427753734135E-02, 0.5092980516716E-03,-0.2279340003613E-02, 0.4077590394952E-02
 0.4190397514284E-02,-0.6507682537463E-03,-0.2976658823398E-02, 0.2624725096283E-02,-0.1176323477342E-02,-0.3683733499965E-02, 0.2815421805873E-03,-0.2398438262469E-02, 0.3824747169164E-02
 0.6099805522050E-02, 0.8506882069739E-03,-0.1659733074342E-02, 0.4404591713607E-02, 0.3132989626998E-03,-0.2520367209942E-02, 0.1770345941438E-02,-0.1168035058866E-02, 0.5600779502317E-02
 0.5748598907025E-02, 0.5651104481449E-03,-0.1875678072912E-02, 0.4114636642211E-02, 0.6533681283680E-04,-0.2471181844169E-02, 0.1611667399983E-02,-0.1418680520229E-02, 0.5305324535343E-02
 0.5507151817815E-02, 0.3434937246263E-03,-0.2086220239272E-02, 0.3815961194989E-02,-0.1996081864641E-03,-0.2647364416507E-02, 0.1444652130278E-02,-0.1581405885847E-02, 0.5021239439797E-02
 0.5313465993926E-02, 0.1699955194336E-03,-0.2265386896496E-02, 0.3538816999110E-02,-0.4496657182080E-03,-0.2909381029432E-02, 0.1260084698408E-02,-0.1706019684678E-02, 0.4774007123593E-02
 0.5387222282071E-02, 0.2170897187994E-03,-0.2264278788151E-02, 0.3560078193066E-02,-0.4438512257971E-03,-0.2914789151141E-02, 0.1264074520297E-02,-0.1675045969083E-02, 0.4810801853047E-02
 0.4821385100134E-02,-0.9601540391242E-04,-0.2425702975827E-02, 0.3170128870054E-02,-0.7776371110448E-03,-0.3132780786946E-02, 0.8014316125205E-03,-0.2040146697811E-02, 0.4492032460859E-02
 0.4658005277857E-02,-0.2701085726469E-03,-0.2543969886909E-02, 0.3102494929245E-02,-0.8416441386536E-03,-0.3185096779147E-02, 0.7191644483929E-03,-0.2142709591059E-02, 0.4314860848445E-02
 0.4497210940275E-02,-0.4271885213805E-03,-0.2688830592671E-02, 0.2990371431183E-02,-0.9117260373022E-03,-0.3300265029750E-02, 0.6105140764886E-03,-0.2239829069377E-02, 0.4103665459496E-02
 0.4299610888597E-02,-0.5339514815817E-03,-0.2861176003415E-02, 0.2742036146073E-02,-0.1042428294675E-02,-0.3555116675832E-02, 0.3821634015667E-03,-0.2359672878226E-02, 0.3851020602135E-02
 0.6231608125950E-02, 0.9941091555892E-03,-0.1517171315126E-02, 0.4526983227579E-02, 0.4326343455346E-03,-0.2402531584926E-02, 0.1866965332744E-02,-0.1072227939610E-02, 0.5702623577979E-02
 0.5882282365659E-02, 0.7086418408449E-03,-0.1733756925758E-02, 0.4238574380704E-02, 0.1851089405755E-03,-0.2354551085335E-02, 0.1708703264775E-02,-0.1322940038202E-02, 0.5408953265440E-02
 0.5641711043907E-02, 0.4864640827159E-03,-0.1945516519764E-02, 0.3940928583467E-02,-0.7978671648894E-04,-0.2532191287681E-02, 0.1541661017936E-02,-0.1486253573153E-02, 0.5126163116433E-02
 0.5448330920833E-02, 0.3120512137390E-03,-0.2126163272009E-02, 0.3664395334802E-02,-0.3300732854564E-03,-0.2795732265848E-02, 0.1356843998962E-02,-0.1611694898590E-02, 0.4879786381872E-02
 0.5522316886685E-02, 0.3592216929068E-03,-0.2125018850033E-02, 0.3685939358972E-02,-0.3241694536071E-03,-0.2801116918187E-02, 0.1361034200640E-02,-0.1580708509189E-02, 0.4916905847613E-02
 0.4956891311260E-02, 0.4442147338972E-04,-0.2288970950677E-02, 0.3296064478934E-02,-0.6589017982905E-03,-0.3021636845184E-02, 0.8979072715660E-03,-0.1947066337425E-02, 0.4598406159739E-02
 0.4793571364631E-02,-0.1301945320260E-03,-0.2408138898555E-02, 0.3228263503158E-02,-0.7234012693908E-03,-0.3075038588849E-02, 0.8153078780958E-03,-0.2050143400542E-02, 0.4421531626930E-02
 0.4632637074373E-02,-0.2879976528902E-03,-0.2554059392244E-02, 0.3115956893130E-02,-0.7940783866413E-03,-0.3190774525121E-02, 0.7062363228332E-03,-0.2147910553015E-02, 0.4210622083929E-02
 0.4434677753685E-02,-0.3959776581687E-03,-0.2727914786830E-02, 0.2867583197081E-02,-0.9255237773133E-03,-0.3445370571459E-02, 0.4774039993195E-03,-0.2268689690010E-02, 0.3958243483961E-02
 0.6365693419418E-02, 0.1136132382659E-02,-0.1379765093955E-02, 0.4639151896975E-02, 0.5332165496518E-03,-0.2302977852938E-02, 0.1960305275995E-02,-0.9506452109042E-03, 0.5834487796460E-02
 0.6018394313713E-02, 0.8509600859858E-03,-0.1596781742529E-02, 0.4352461615199E-02, 0.2864543812194E-03,-0.2256002050257E-02, 0.1802618843610E-02,-0.1201489101428E-02, 0.5542716742093E-02
 0.5778875020039E-02, 0.6284311785735E-03,-0.1809525632258E-02, 0.4056024521097E-02, 0.2190580005033E-04,-0.2434806268576E-02, 0.1635721922690E-02,-0.1365375372968E-02, 0.5261352435837E-02
 0.5585963063421E-02, 0.4533049479942E-03,-0.1991428454448E-02, 0.3780268088077E-02,-0.2283466177284E-03,-0.2699556958366E-02, 0.1450815943293E-02,-0.1491609798689E-02, 0.5015936498970E-02
 0.5660176354167E-02, 0.5005398517424E-03,-0.1990249495632E-02, 0.3802089510934E-02,-0.2223648770187E-03,-0.2704919805598E-02, 0.1455194531547E-02,-0.1460593000338E-02, 0.5053364740718E-02
 0.5095271261467E-02, 0.1842976676253E-03,-0.2156437661442E-02, 0.3412507098922E-02,-0.5576326586069E-03,-0.2927563554237E-02, 0.9917825293009E-03,-0.1828346205334E-02, 0.4735116218515E-02
 0.4932026990860E-02, 0.9218124289015E-05,-0.2276422438306E-02, 0.3344597593532E-02,-0.6225036740304E-03,-0.2981849377801E-02, 0.9088942955495E-03,-0.1932010992093E-02, 0.4558523930055E-02
 0.4770982519338E-02,-0.1492311747936E-03,-0.2423300572453E-02, 0.3232175294382E-02,-0.6936397803302E-03,-0.3098164544462E-02, 0.7994599188556E-03,-0.2030486498515E-02, 0.4347912654792E-02
 0.4572736881032E-02,-0.2582895948565E-03,-0.2598501995160E-02, 0.2983870111556E-02,-0.8256257981713E-03,-0.3352889798725E-02, 0.5702555553899E-03,-0.2152232472628E-02, 0.4095859226741E-02
 0.6350762382263E-02, 0.1137334922461E-02,-0.1367999690541E-02, 0.4627949129110E-02, 0.5263601114364E-03,-0.2301988076705E-02, 0.1949036403459E-02,-0.9376716172225E-03, 0.5827367403453E-02
 0.6003641048409E-02, 0.8521689692647E-03,-0.1585079321901E-02, 0.4341417979190E-02, 0.2797553321716E-03,-0.2255095243632E-02, 0.1791390834123E-02,-0.1188596915576E-02, 0.5535793340375E-02
 0.5764572460604E-02, 0.6296701386569E-03,-0.1797922583898E-02, 0.4045271287327E-02, 0.1531111178651E-04,-0.2433935981017E-02, 0.1624610201928E-02,-0.1352573853499E-02, 0.5254785079762E-02
 0.5572249681401E-02, 0.4545997029598E-03,-0.1979935632448E-02, 0.3769873170314E-02,-0.2348599105923E-03,-0.2698698630966E-02, 0.1439879463314E-02,-0.1478892442343E-02, 0.5009801999986E-02
 0.5645953684042E-02, 0.5016877185976E-03,-0.1978780295071E-02, 0.3791399548697E-02,-0.2289503922398E-03,-0.2704094889179E-02, 0.1444085656745E-02,-0.1447909929335E-02, 0.5046895386125E-02
 0.5082613799019E-02, 0.1857891055867E-03,-0.2145095712875E-02, 0.3402779128010E-02,-0.5639318048250E-03,-0.2926743036976E-02, 0.9813074925789E-03,-0.1815714618183E-02, 0.4729748896433E-02
 0.4919696427292E-02, 0.1082614322737E-04,-0.2265117959343E-02, 0.3335096667041E-02,-0.6287198903279E-03,-0.2981021531577E-02, 0.8985801452766E-03,-0.1919401761029E-02, 0.4553462499035E-02
 0.4759099838992E-02,-0.1474953512535E-03,-0.2412040587322E-02, 0.3222974230726E-02,-0.6997656564310E-03,-0.3097432753914E-02, 0.7893453191272E-03,-0.2017904980472E-02, 0.4343246998919E-02
 0.4561614336954E-02,-0.2564154451107E-03,-0.2587317779819E-02, 0.2975149557464E-02,-0.8316362943912E-03,-0.3352448103993E-02, 0.5604430859630E-03,-0.2139698306497E-02, 0.4091785491857E-02
 0.6551037058971E-02, 0.1328907364534E-02,-0.1210380182747E-02, 0.4765853981347E-02, 0.6815613132412E-03,-0.2154973374408E-02, 0.2151455523195E-02,-0.7406879797200E-03, 0.5988402943407E-02
 0.6206924719446E-02, 0.1044442067811E-02,-0.1427615507500E-02, 0.4481825607008E-02, 0.4359962655551E-03,-0.2109371744970E-02, 0.1994462191713E-02,-0.9918073147418E-03, 0.5699541794596E-02
 0.5969292871039E-02, 0.8217595707868E-03,-0.1641308629838E-02, 0.4187445409602E-02, 0.1721930324239E-03,-0.2289640822122E-02, 0.1827794972974E-02,-0.1156495614739E-02, 0.5420528616426E-02
 0.5777467555273E-02, 0.6459672908666E-03,-0.1824560503223E-02, 0.3913172314033E-02,-0.7771538570896E-04,-0.2555878139633E-02, 0.1642858304089E-02,-0.1283815225292E-02, 0.5176840574962E-02
 0.5851859512278E-02, 0.6932233288862E-03,-0.1823342164844E-02, 0.3935290071827E-02,-0.7164740322593E-04,-0.2561203395773E-02, 0.1647451688244E-02,-0.1252742950669E-02, 0.5214590670578E-02
 0.5288540687763E-02, 0.3754830519538E-03,-0.1992144316983E-02, 0.3546783128027E-02,-0.4073157752069E-03,-0.2786647630816E-02, 0.1183794364321E-02,-0.1622597760399E-02, 0.4897348566416E-02
 0.5125575053781E-02, 0.1999260389520E-03,-0.2113043986852E-02, 0.3478888969855E-02,-0.4726534523785E-03,-0.2842205958219E-02, 0.1100396447626E-02,-0.1727181372308E-02, 0.4721302552224E-02
 0.4964607319133E-02, 0.4076597164291E-04,-0.2260994197401E-02, 0.3366522423366E-02,-0.5443518977356E-03,-0.2959115451904E-02, 0.9903916725361E-03,-0.1826729951054E-02, 0.4511305181967E-02
 0.4766387008433E-02,-0.6954199393145E-04,-0.2437728972641E-02, 0.3118678979906E-02,-0.6769129462061E-03,-0.3213302695678E-02, 0.7607578686609E-03,-0.1949871049585E-02, 0.4260042943553E-02
 0.6601642369141E-02, 0.1374053701243E-02,-0.1170493444625E-02, 0.4814549872906E-02, 0.7578776042742E-03,-0.2078330778911E-02, 0.2216663330080E-02,-0.6949462907091E-03, 0.6024573579511E-02
 0.6258681062564E-02, 0.1089990931852E-02,-0.1387607392410E-02, 0.4531453689418E-02, 0.5124911458734E-03,-0.2033207861655E-02, 0.2059933745663E-02,-0.9458733957591E-03, 0.5736744028380E-02
 0.6021842190257E-02, 0.8674645453724E-03,-0.1601382595240E-02, 0.4237897522568E-02, 0.2489019074231E-03,-0.2214051908851E-02, 0.1893442331146E-02,-0.1110586673264E-02, 0.5458652262864E-02
 0.5830582144563E-02, 0.6916681882771E-03,-0.1784849092911E-02, 0.3964289817356E-02,-0.8428081797423E-06,-0.2480898675958E-02, 0.1708625828661E-02,-0.1238047625459E-02, 0.5215711255373E-02
 0.5904979506365E-02, 0.7388853543500E-03,-0.1783625352158E-02, 0.3986432548175E-02, 0.5240753958493E-05,-0.2486198885534E-02, 0.1713246405227E-02,-0.1206987764413E-02, 0.5253489139139E-02
 0.5342624102382E-02, 0.4210401481385E-03,-0.1952976131957E-02, 0.3598553571852E-02,-0.3306094592556E-03,-0.2712743391749E-02, 0.1249764528312E-02,-0.1577058562858E-02, 0.4936933404100E-02
 0.5179843977513E-02, 0.2454615100544E-03,-0.2074039117489E-02, 0.3530689267017E-02,-0.3961561118384E-03,-0.2768949101602E-02, 0.1166241806153E-02,-0.1681792717045E-02, 0.4761149756419E-02
 0.5019032154595E-02, 0.8621984188162E-04,-0.2222181272830E-02, 0.3418408722839E-02,-0.4680774982523E-03,-0.2885743580308E-02, 0.1056117907459E-02,-0.1781532546897E-02, 0.4551466458327E-02
 0.4821065411980E-02,-0.2429981993877E-04,-0.2399212242333E-02, 0.3170897850854E-02,-0.6008230053481E-03,-0.3138426728526E-02, 0.8264879858206E-03,-0.1904917966423E-02, 0.4300656133037E-02
 0.6659001451504E-02, 0.1426286630518E-02,-0.1113435337137E-02, 0.4885829787462E-02, 0.8410904180720E-03,-0.1995669392871E-02, 0.2282535913830E-02,-0.6404893878613E-03, 0.6074094632201E-02
 0.6317396753778E-02, 0.1142720302861E-02,-0.1330442849961E-02, 0.4603831922445E-02, 0.5959966820525E-03,-0.1951041071312E-02, 0.2126196534010E-02,-0.8911778050006E-03, 0.5787480348547E-02
 0.6081427397261E-02, 0.9203929794505E-03,-0.1544350643513E-02, 0.4311217567603E-02, 0.3327120278496E-03,-0.2132487241464E-02, 0.1959959706710E-02,-0.1055900329758E-02, 0.5510434376690E-02
 0.5890734057653E-02, 0.7445990494202E-03,-0.1728103926683E-02, 0.4038343044998E-02, 0.8319444933054E-04,-0.2399979187209E-02, 0.1775307972518E-02,-0.1183509001824E-02, 0.5268309656141E-02
 0.5965250965638E-02, 0.7917946517556E-03,-0.1726866032338E-02, 0.4060563650769E-02, 0.8930523167242E-04,-0.2405247771881E-02, 0.1779985827163E-02,-0.1152456217742E-02, 0.5306177108196E-02
 0.5403738131955E-02, 0.4737889260312E-03,-0.1896927797454E-02, 0.3673238784743E-02,-0.2467075051870E-03,-0.2632985541014E-02, 0.1316689945813E-02,-0.1522792946637E-02, 0.4990235727006E-02
 0.5241129092090E-02, 0.2981658803854E-03,-0.2018237169333E-02, 0.3605344831333E-02,-0.3124777481597E-03,-0.2689881129217E-02, 0.1233036375045E-02,-0.1627710067109E-02, 0.4814707638095E-02
 0.5080425577979E-02, 0.1388087015802E-03,-0.2166663200806E-02, 0.3493092325722E-02,-0.3846399310153E-03,-0.2806574347197E-02, 0.1122781732127E-02,-0.1727679059454E-02, 0.4605325909758E-02
 0.4882612272446E-02, 0.2802578172161E-04,-0.2344094668320E-02, 0.3245883265400E-02,-0.5175783758090E-03,-0.3057717211638E-02, 0.8931474916550E-03,-0.1851351253546E-02, 0.4354945874600E-02
 0.6749212890008E-02, 0.1516541673897E-02,-0.1003924474515E-02, 0.5003959317576E-02, 0.9353001920891E-03,-0.1903795301493E-02, 0.2364755515454E-02,-0.5411623975082E-03, 0.6167372382597E-02
 0.6409545734035E-02, 0.1233611624495E-02,-0.1220967058422E-02, 0.4723549875798E-02, 0.6909088969128E-03,-0.1859793559004E-02, 0.2209069042602E-02,-0.7916958014540E-03, 0.5882506466116E-02
 0.6174655211031E-02, 0.1011442078401E-02,-0.1435292103503E-02, 0.4432185659404E-02, 0.4281666983677E-03,-0.2041968099395E-02, 0.2043194196193E-02,-0.9565880638786E-03, 0.5606851030373E-02
 0.5984520115710E-02, 0.8354974841083E-03,-0.1619688404955E-02, 0.4160201095027E-02, 0.1789914160479E-03,-0.2310234681734E-02, 0.1858717528036E-02,-0.1084556243106E-02, 0.5365722246330E-02
 0.6059398281472E-02, 0.8827265316134E-03,-0.1618413898681E-02, 0.4182653751342E-02, 0.1851635601690E-03,-0.2315463254918E-02, 0.1863545413446E-02,-0.1053481121056E-02, 0.5403853951306E-02
 0.5498431386965E-02, 0.5641409449026E-03,-0.1789849957762E-02, 0.3795708628863E-02,-0.1509871215391E-03,-0.2544707008540E-02, 0.1400304933714E-02,-0.1424588585266E-02, 0.5088309317184E-02
 0.5335945094510E-02, 0.3883250674814E-03,-0.1911698155110E-02, 0.3727669808671E-02,-0.2170187088454E-03,-0.2602361277648E-02, 0.1316444920831E-02,-0.1529899849182E-02, 0.4913030258805E-02
 0.5175207812443E-02, 0.2286561443235E-03,-0.2060740989262E-02, 0.3615314842082E-02,-0.2894820493021E-03,-0.2719183394094E-02, 0.1205956159810E-02,-0.1630336991469E-02, 0.4703924661176E-02
 0.4977252262598E-02, 0.1173131950354E-03,-0.2238990727349E-02, 0.3368302912857E-02,-0.4226797985156E-03,-0.2969340190526E-02, 0.9761939474076E-03,-0.1754596874488E-02, 0.4453908916762E-02
-0.2827034720338E-02, 0.1602751081897E-02,-0.1450390669686E-02, 0.5494927785645E-02, 0.8312694095628E-03,-0.2527253448499E-02, 0.2641467324379E-02,-0.7758684682770E-03, 0.6880662546129E-02
-0.2931722488387E-02, 0.1305994258166E-02,-0.1671473559460E-02, 0.5191594091822E-02, 0.5717344569258E-03,-0.2478049628715E-02, 0.2472764472994E-02,-0.1033690261842E-02, 0.6570781746568E-02
-0.3045072309577E-02, 0.1075532229669E-02,-0.1886254820876E-02, 0.4880900303208E-02, 0.2986991114276E-03,-0.2656721910726E-02, 0.2296864306065E-02,-0.1201379677843E-02, 0.6274173536333E-02
-0.3174550068460E-02, 0.8945279491783E-03,-0.2068967409639E-02, 0.4592746132297E-02, 0.4257913450630E-04,-0.2922260416479E-02, 0.2103708788180E-02,-0.1330065833875E-02, 0.6015773877007E-02
-0.3194365136192E-02, 0.9462901377088E-03,-0.2065107914197E-02, 0.4618646026106E-02, 0.5188640331760E-04,-0.2925635099681E-02, 0.2111725313915E-02,-0.1295643807884E-02, 0.6057355717538E-02
-0.3511752937522E-02, 0.6135444433062E-03,-0.2235118392028E-02, 0.4203655493558E-02,-0.2972516678532E-03,-0.3149896587004E-02, 0.1625399557891E-02,-0.1674944836408E-02, 0.5713344057416E-02
-0.3555556012184E-02, 0.4320407617735E-03,-0.2356768220263E-02, 0.4128896060011E-02,-0.3653659585754E-03,-0.3203969132830E-02, 0.1536695493594E-02,-0.1781606265369E-02, 0.5526681591945E-02
-0.3619516648793E-02, 0.2675486255333E-03,-0.2505507356393E-02, 0.4008527162003E-02,-0.4398443904806E-03,-0.3320011149865E-02, 0.1420846014977E-02,-0.1882916725679E-02, 0.5305091735236E-02
-0.3781152198745E-02, 0.1533326578533E-03,-0.2682365612815E-02, 0.3748448758274E-02,-0.5763606246852E-03,-0.3574372511233E-02, 0.1182266785876E-02,-0.2007752027002E-02, 0.5040102721699E-02
-0.2696560628080E-02, 0.1723451812934E-02,-0.1325205195777E-02, 0.5606478066372E-02, 0.9683448090606E-03,-0.2389045117165E-02, 0.2742371229642E-02,-0.7339840626714E-03, 0.6900009478078E-02
-0.2802905569905E-02, 0.1426783038983E-02,-0.1547022201716E-02, 0.5304505798167E-02, 0.7087846753574E-03,-0.2341204824420E-02, 0.2573923048911E-02,-0.9916718244876E-03, 0.6591705037559E-02
-0.2918369224791E-02, 0.1195782940825E-02,-0.1763061666388E-02, 0.4994765508030E-02, 0.4354796288445E-03,-0.2521569708065E-02, 0.2397902864450E-02,-0.1159801067044E-02, 0.6296230148159E-02
-0.3050042708482E-02, 0.1013926418056E-02,-0.1947253035833E-02, 0.4707228296963E-02, 0.1789147989055E-03,-0.2788878912644E-02, 0.2204464120023E-02,-0.1289167629914E-02, 0.6038628089963E-02
-0.3069829665692E-02, 0.1065779373041E-02,-0.1943352816469E-02, 0.4733418203863E-02, 0.1883303688919E-03,-0.2792223445125E-02, 0.2212700334966E-02,-0.1254749298797E-02, 0.6080604999414E-02
-0.3390383625257E-02, 0.7315436970691E-03,-0.2115809273196E-02, 0.4318647516039E-02,-0.1620536937178E-03,-0.3019286862786E-02, 0.1725944726315E-02,-0.1634796074882E-02, 0.5737215587512E-02
-0.3435320053782E-02, 0.5496509395611E-03,-0.2238273614859E-02, 0.4243799789540E-02,-0.2307234930883E-03,-0.3074644681019E-02, 0.1636945096178E-02,-0.1741741454815E-02, 0.5550953139213E-02
-0.3500618359599E-02, 0.3845712066134E-03,-0.2387980423686E-02, 0.4123346386319E-02,-0.3058630712344E-03,-0.3191078428056E-02, 0.1520718274350E-02,-0.1843468027698E-02, 0.5329714467505E-02
-0.3664166965610E-02, 0.2692649651534E-03,-0.2566268438559E-02, 0.3863361716851E-02,-0.4432319857084E-03,-0.3444318128921E-02, 0.1281713833702E-02,-0.1968996109517E-02, 0.5065045503364E-02
-0.2548067129714E-02, 0.1864691383819E-02,-0.1182371005977E-02, 0.5724910198183E-02, 0.1086309617421E-02,-0.2269994629108E-02, 0.2836981403681E-02,-0.6383565578690E-03, 0.6998015347819E-02
-0.2656029702976E-02, 0.1568447987386E-02,-0.1404697195690E-02, 0.5424817153972E-02, 0.8273823534735E-03,-0.2223311089345E-02, 0.2669198160819E-02,-0.8959777790115E-03, 0.6691806573976E-02
-0.2773614512782E-02, 0.1337172439650E-02,-0.1621822147590E-02, 0.5116447644080E-02, 0.5543123828992E-03,-0.2405062586693E-02, 0.2493380828469E-02,-0.1064577590554E-02, 0.6397927932639E-02
-0.2907540736708E-02, 0.1154649316719E-02,-0.1807373934263E-02, 0.4829840852859E-02, 0.2976859784141E-03,-0.2673821701765E-02, 0.2299900296388E-02,-0.1194669270721E-02, 0.6141451362703E-02
-0.2927299754037E-02, 0.1206606467752E-02,-0.1803431364135E-02, 0.4856379461908E-02, 0.3072122905456E-03,-0.2677142613486E-02, 0.2308388051304E-02,-0.1160229371215E-02, 0.6183828515129E-02
-0.3251294137222E-02, 0.8709986497095E-03,-0.1978270302287E-02, 0.4442072163851E-02,-0.4389104142456E-04,-0.2906653107531E-02, 0.1821433192069E-02,-0.1541381349833E-02, 0.5840992192605E-02
-0.3297438689768E-02, 0.6887219731956E-03,-0.2101577357369E-02, 0.4367184469971E-02,-0.1129790533396E-03,-0.2963071665401E-02, 0.1732193848404E-02,-0.1648791285434E-02, 0.5655181170845E-02
-0.3364172092617E-02, 0.5230548702038E-03,-0.2252277965647E-02, 0.4246693570571E-02,-0.1886359911052E-03,-0.3080063714701E-02, 0.1615645390056E-02,-0.1751114545477E-02, 0.5434391328742E-02
-0.3529802057349E-02, 0.4066801923804E-03,-0.2431987856484E-02, 0.3986898736199E-02,-0.3266387981113E-03,-0.3333057946509E-02, 0.1376308876766E-02,-0.1877509175271E-02, 0.5170179269392E-02
-0.2401760129586E-02, 0.2004777555492E-02,-0.1044554646883E-02, 0.5833678710763E-02, 0.1185882139951E-02,-0.2169272266684E-02, 0.2928643285972E-02,-0.5167623453704E-03, 0.7125708567167E-02
-0.2511167482000E-02, 0.1709141790050E-02,-0.1267182009732E-02, 0.5535619089374E-02, 0.9279009327408E-03,-0.2123541053621E-02, 0.2761678098668E-02,-0.7743667175047E-03, 0.6821732576161E-02
-0.2630678322767E-02, 0.1477796659234E-02,-0.1485160207633E-02, 0.5228777245648E-02, 0.6553484670685E-03,-0.2306386536193E-02, 0.2586227808668E-02,-0.9434140530167E-03, 0.6529611360995E-02
-0.2766675726903E-02, 0.1294803252251E-02,-0.1671849199654E-02, 0.4943242629402E-02, 0.3989078104309E-03,-0.2576284430155E-02, 0.2392856669345E-02,-0.1074191953499E-02, 0.6274391764241E-02
-0.2786406995248E-02, 0.1346852547207E-02,-0.1667868888156E-02, 0.4970118713263E-02, 0.4085328055718E-03,-0.2579586117094E-02, 0.2401584568444E-02,-0.1039719124887E-02, 0.6317122355939E-02
-0.3113662525344E-02, 0.1010115966592E-02,-0.1844799402325E-02, 0.4556452878606E-02, 0.5709419424807E-04,-0.2811140315266E-02, 0.1914608856229E-02,-0.1422089855742E-02, 0.5974844796256E-02
-0.3160950653709E-02, 0.8275113392133E-03,-0.1968867795100E-02, 0.4481574825958E-02,-0.1229923429231E-04,-0.2868421326594E-02, 0.1825167258787E-02,-0.1530033481035E-02, 0.5789493054698E-02
-0.3229044416174E-02, 0.6613298649335E-03,-0.2120462527769E-02, 0.4361102023737E-02,-0.8834558930777E-04,-0.2985985051869E-02, 0.1708348419429E-02,-0.1633010074648E-02, 0.5569191476667E-02
-0.3396650673742E-02, 0.5440194008523E-03,-0.2301431709533E-02, 0.4101579998388E-02,-0.2267912554301E-03,-0.3239116992167E-02, 0.1468778252161E-02,-0.1760297025738E-02, 0.5305516813593E-02
-0.2389536639170E-02, 0.2003375451281E-02,-0.1034277173145E-02, 0.5819324900318E-02, 0.1176916546149E-02,-0.2169444551412E-02, 0.2914729262278E-02,-0.5054790081551E-03, 0.7115157816028E-02
-0.2499073049490E-02, 0.1707785452722E-02,-0.1256963709145E-02, 0.5521477436648E-02, 0.9191161870481E-03,-0.2123796276645E-02, 0.2747836711215E-02,-0.7631533151898E-03, 0.6811444634090E-02
-0.2618748048727E-02, 0.1476529991660E-02,-0.1475027221991E-02, 0.5215008731673E-02, 0.6466983872519E-03,-0.2306675812462E-02, 0.2572560336398E-02,-0.9322730121444E-03, 0.6519765818208E-02
-0.2754911250419E-02, 0.1293660812381E-02,-0.1661806253622E-02, 0.4929931017506E-02, 0.3903736149609E-03,-0.2576582105898E-02, 0.2379434446359E-02,-0.1063111159150E-02, 0.6265084397039E-02
-0.2774672136049E-02, 0.1345518253487E-02,-0.1657861386928E-02, 0.4956473747214E-02, 0.3998987842370E-03,-0.2579907577387E-02, 0.2387940924513E-02,-0.1028690268686E-02, 0.6307506189036E-02
-0.3102100715327E-02, 0.1009288276303E-02,-0.1834865040996E-02, 0.4543997490039E-02, 0.4884502569464E-04,-0.2811470753762E-02, 0.1901771354742E-02,-0.1411035043835E-02, 0.5966565853452E-02
-0.3149473518711E-02, 0.8268454381631E-03,-0.1958950631081E-02, 0.4469390395260E-02,-0.2043848797498E-04,-0.2868723818211E-02, 0.1812530134195E-02,-0.1518977087233E-02, 0.5781560058732E-02
-0.3217667065168E-02, 0.6608460275694E-03,-0.2110565155896E-02, 0.4349278112055E-02,-0.9636057233989E-04,-0.2986386166980E-02, 0.1695962227583E-02,-0.1621953727367E-02, 0.5561713821904E-02
-0.3385407876537E-02, 0.5437509002326E-03,-0.2291577218289E-02, 0.4090351914629E-02,-0.2346405459033E-03,-0.3239860393049E-02, 0.1456777457725E-02,-0.1749250861260E-02, 0.5298770072852E-02
-0.2196529241411E-02, 0.2194720744962E-02,-0.8746416071962E-03, 0.5956042996973E-02, 0.1332723548749E-02,-0.2019493048168E-02, 0.3116503933220E-02,-0.3067793632855E-03, 0.7274270701939E-02
-0.2307774355505E-02, 0.1900226704854E-02,-0.1097314971406E-02, 0.5661058419511E-02, 0.1076194560596E-02,-0.1975062600754E-02, 0.2950605611989E-02,-0.5644279147618E-03, 0.6973642859192E-02
-0.2429742105589E-02, 0.1669132993054E-02,-0.1316064836857E-02, 0.5356700982511E-02, 0.8046349996579E-03,-0.2159271606143E-02, 0.2775747259797E-02,-0.7340860133875E-03, 0.6684313034216E-02
-0.2568382888261E-02, 0.1485830662267E-02,-0.1503939210218E-02, 0.5073049162085E-02, 0.5487639815830E-03,-0.2430552290004E-02, 0.2582687413306E-02,-0.8657852337823E-03, 0.6431216229765E-02
-0.2588059312355E-02, 0.1537926161821E-02,-0.1499922189110E-02, 0.5100286847990E-02, 0.5584921649129E-03,-0.2433820179369E-02, 0.2591688427192E-02,-0.8312680750066E-03, 0.6474305377877E-02
-0.2919485137772E-02, 0.1200164354544E-02,-0.1679253507344E-02, 0.4688176275399E-02, 0.2069640366170E-03,-0.2668057595816E-02, 0.2104997384079E-02,-0.1215433338359E-02, 0.6133461693462E-02
-0.2968309499713E-02, 0.1017274974544E-02,-0.1804162145462E-02, 0.4613471463227E-02, 0.1372001618457E-03,-0.2726573641873E-02, 0.2015190088088E-02,-0.1324205862420E-02, 0.5948877850489E-02
-0.3038211108212E-02, 0.8505748423279E-03,-0.1956742894475E-02, 0.4493235972726E-02, 0.6069542243226E-04,-0.2844708046055E-02, 0.1897966448501E-02,-0.1428163349692E-02, 0.5729438263461E-02
-0.3208361279597E-02, 0.7322340068017E-03,-0.2139124092774E-02, 0.4234455979560E-02,-0.7817387896079E-04,-0.3097292880382E-02, 0.1658245348311E-02,-0.1556720286697E-02, 0.5466854411748E-02
-0.2137113258159E-02, 0.2238863387298E-02,-0.8347384796891E-03, 0.6002811401417E-02, 0.1408191694926E-02,-0.1942090897489E-02, 0.3180312135259E-02,-0.2611705787246E-03, 0.7308667167369E-02
-0.2248809725531E-02, 0.1944894431008E-02,-0.1057242139276E-02, 0.5708899663104E-02, 0.1151931141909E-02,-0.1898124580367E-02, 0.3014798675174E-02,-0.5185674513230E-03, 0.7009204587323E-02
-0.2371401703807E-02, 0.1714081223525E-02,-0.1276022363795E-02, 0.5405521134845E-02, 0.8806827682875E-03,-0.2082870832208E-02, 0.2840243040813E-02,-0.6881947051057E-03, 0.6720925799968E-02
-0.2510719044716E-02, 0.1530890172573E-02,-0.1464061991519E-02, 0.5122685536781E-02, 0.6250698500289E-03,-0.2354715795349E-02, 0.2647428873591E-02,-0.8199840724621E-03, 0.6468694784592E-02
-0.2530369274807E-02, 0.1582946685172E-02,-0.1460044141443E-02, 0.5149964262560E-02, 0.6348093828684E-03,-0.2357963665823E-02, 0.2656464777609E-02,-0.7854854605199E-03, 0.6511842328359E-02
-0.2862849221350E-02, 0.1245240171151E-02,-0.1639850809686E-02, 0.4738682011815E-02, 0.2832434834712E-03,-0.2593246424877E-02, 0.2170159506229E-02,-0.1169776077452E-02, 0.6171831986935E-02
-0.2912098876124E-02, 0.1062384463825E-02,-0.1764900328830E-02, 0.4664061190955E-02, 0.2133086481232E-03,-0.2652393330393E-02, 0.2080278821386E-02,-0.1278673151451E-02, 0.5987569630623E-02
-0.2982493676562E-02, 0.8956620106001E-03,-0.1917646837969E-02, 0.4543979904271E-02, 0.1366232154302E-03,-0.2770392656756E-02, 0.1962998549277E-02,-0.1382793495355E-02, 0.5768514751550E-02
-0.3153300198684E-02, 0.7771881053571E-03,-0.2100285524567E-02, 0.4285652331584E-02,-0.2364936581863E-05,-0.3021442924226E-02, 0.1723392000031E-02,-0.1511554025843E-02, 0.5506488436386E-02
-0.2074072041928E-02, 0.2290339132907E-02,-0.7774041704626E-03, 0.6072068069849E-02, 0.1490788560410E-02,-0.1858432611629E-02, 0.3245124960680E-02,-0.2066078560593E-03, 0.7356526484671E-02
-0.2186224766215E-02, 0.1997004453622E-02,-0.9997407946127E-03, 0.5779423086034E-02, 0.1234920224135E-02,-0.1814941990505E-02, 0.3080133181535E-02,-0.4636954803424E-03, 0.7058433765646E-02
-0.2309480162541E-02, 0.1766525668469E-02,-0.1218590298124E-02, 0.5477167230458E-02, 0.9640812268828E-03,-0.2000247204395E-02, 0.2905963704934E-02,-0.6332680019580E-03, 0.6771346023153E-02
-0.2449527687714E-02, 0.1583459770202E-02,-0.1406857784887E-02, 0.5195237748404E-02, 0.7087953424091E-03,-0.2272686728503E-02, 0.2713439989594E-02,-0.7651480728950E-03, 0.6520059190478E-02
-0.2469144013990E-02, 0.1635502442571E-02,-0.1402829958931E-02, 0.5222621099256E-02, 0.7185621765609E-03,-0.2275910902267E-02, 0.2722550678464E-02,-0.7306613593258E-03, 0.6563334376104E-02
-0.2802756951829E-02, 0.1297794605334E-02,-0.1583267123721E-02, 0.4812106885981E-02, 0.3669780068169E-03,-0.2512322608199E-02, 0.2236623677556E-02,-0.1115121470690E-02, 0.6224071987739E-02
-0.2852466563307E-02, 0.1114951367929E-02,-0.1708536821496E-02, 0.4737516901805E-02, 0.2968580126427E-03,-0.2572144643875E-02, 0.2146662269541E-02,-0.1224174465686E-02, 0.6040136259933E-02
-0.2923395910970E-02, 0.9481732178808E-03,-0.1861536421992E-02, 0.4617539146004E-02, 0.2199738667886E-03,-0.2690021881470E-02, 0.2029310206236E-02,-0.1328494803845E-02, 0.5821461551893E-02
-0.3094912307243E-02, 0.8295142981917E-03,-0.2044530838069E-02, 0.4359645066338E-02, 0.8085811868413E-04,-0.2939493674508E-02, 0.1789801122171E-02,-0.1457499844486E-02, 0.5559964691663E-02
-0.1983086937566E-02, 0.2380062285443E-02,-0.6670385970587E-03, 0.6187886069593E-02, 0.1584836963790E-02,-0.1765082359912E-02, 0.3326756937817E-02,-0.1066843884705E-03, 0.7447888093730E-02
-0.2095938263916E-02, 0.2087575860664E-02,-0.8893092094991E-03, 0.5897079533538E-02, 0.1329806299264E-02,-0.1722180801035E-02, 0.3162600560191E-02,-0.3634989021977E-03, 0.7151777688498E-02
-0.2220227773776E-02, 0.1857448456959E-02,-0.1108473839228E-02, 0.5596329584863E-02, 0.1059641141750E-02,-0.1908155236747E-02, 0.2988959886766E-02,-0.5331430020284E-03, 0.6866298332274E-02
-0.2361421894275E-02, 0.1674399117996E-02,-0.1297292461362E-02, 0.5315526120476E-02, 0.8048162852395E-03,-0.2181305872616E-02, 0.2796759958955E-02,-0.6653000071271E-03, 0.6616190674688E-02
-0.2380990210503E-02, 0.1726503001531E-02,-0.1293229889513E-02, 0.5343195251066E-02, 0.8146584586505E-03,-0.2184501473537E-02, 0.2806066082063E-02,-0.6307932011671E-03, 0.6659775124304E-02
-0.2716389675703E-02, 0.1388410808962E-02,-0.1474931583306E-02, 0.4933318232197E-02, 0.4630866511878E-03,-0.2422336567086E-02, 0.2320382505833E-02,-0.1015886009787E-02, 0.6321053053937E-02
-0.2766791317637E-02, 0.1205454912165E-02,-0.1600699851339E-02, 0.4858667378575E-02, 0.3927495199813E-03,-0.2482904535602E-02, 0.2230272809371E-02,-0.1125294774860E-02, 0.6137484184181E-02
-0.2838532949812E-02, 0.1038444153639E-02,-0.1754268996866E-02, 0.4738686702040E-02, 0.3156108767139E-03,-0.2600892623902E-02, 0.2112749543396E-02,-0.1230043893209E-02, 0.5919204851337E-02
-0.3011160689300E-02, 0.9193182582246E-03,-0.1938015324477E-02, 0.4481152290153E-02, 0.1763057444304E-03,-0.2849339611186E-02, 0.1873213015725E-02,-0.1359580747918E-02, 0.5658182237780E-02
-0.2696302679154E-02, 0.2589952456594E-02,-0.1012182014567E-02, 0.6812332619184E-02, 0.1597834475816E-02,-0.2299909854691E-02, 0.3726935708179E-02,-0.2366245761308E-03,-0.1714659981737E-02
-0.2804532345141E-02, 0.2280792806634E-02,-0.1240057141950E-02, 0.6495776157904E-02, 0.1325056765488E-02,-0.2252805986763E-02, 0.3547283823425E-02,-0.5024167832919E-03,-0.1951759473752E-02
-0.2921419312502E-02, 0.2039799152753E-02,-0.1461168901043E-02, 0.6172908112591E-02, 0.1042591576859E-02,-0.2436441907242E-02, 0.3361320136006E-02,-0.6763052970042E-03,-0.2134860419678E-02
-0.3054654485860E-02, 0.1849406777541E-02,-0.1649678829266E-02, 0.5873313427849E-02, 0.7792088839102E-03,-0.2708036627268E-02, 0.3158307903295E-02,-0.8104678938320E-03,-0.2275602863936E-02
-0.3072531496103E-02, 0.1906186404940E-02,-0.1642717260628E-02, 0.5904184101527E-02, 0.7923829196946E-03,-0.2709079936427E-02, 0.3170781752616E-02,-0.7722999125166E-03,-0.2252653611674E-02
-0.3400933069064E-02, 0.1550166993483E-02,-0.1825539342795E-02, 0.5462283918491E-02, 0.4247708809676E-03,-0.2943978510508E-02, 0.2658190831492E-02,-0.1168326443091E-02,-0.2476572425143E-02
-0.3447166354427E-02, 0.1360058397406E-02,-0.1952018990137E-02, 0.5379639901154E-02, 0.3513610090853E-03,-0.3001996631957E-02, 0.2562051420350E-02,-0.1279971299765E-02,-0.2617610011188E-02
-0.3514078833644E-02, 0.1186738543540E-02,-0.2106288516320E-02, 0.5250210398592E-02, 0.2711595895951E-03,-0.3118603133289E-02, 0.2437866830487E-02,-0.1386523761369E-02,-0.2741453038406E-02
-0.3680632905223E-02, 0.1063043340565E-02,-0.2289915635188E-02, 0.4977470928215E-02, 0.1271683969968E-03,-0.3367715709503E-02, 0.2187643615483E-02,-0.1517806740581E-02,-0.2814929184959E-02
-0.2564852968997E-02, 0.2707845449585E-02,-0.8875197860754E-03, 0.6919070952253E-02, 0.1732454885044E-02,-0.2161011617913E-02, 0.3824852351353E-02,-0.1955178187431E-03,-0.1680984252380E-02
-0.2674674585701E-02, 0.2399074658145E-02,-0.1115991245521E-02, 0.6604215344304E-02, 0.1459873211152E-02,-0.2115222714643E-02, 0.3645709417158E-02,-0.4610688476378E-03,-0.1917975346240E-02
-0.2793614287611E-02, 0.2157823421676E-02,-0.1338222781798E-02, 0.6282647270617E-02, 0.1177356603455E-02,-0.2300463512974E-02, 0.3459872488913E-02,-0.6352903386483E-03,-0.2101468921528E-02
-0.2928988794917E-02, 0.1966827735129E-02,-0.1528084691791E-02, 0.5984001661002E-02, 0.9137318540431E-03,-0.2573731075975E-02, 0.3256809240722E-02,-0.7700352768127E-03,-0.2242847084645E-02
-0.2946832346556E-02, 0.2023723261251E-02,-0.1521070609128E-02, 0.6015276512625E-02, 0.9270346232280E-03,-0.2574737071711E-02, 0.3269542792968E-02,-0.7318513033211E-03,-0.2219969013074E-02
-0.3278309106482E-02, 0.1666546991605E-02,-0.1706180820459E-02, 0.5574017553239E-02, 0.5584650984272E-03,-0.2812334748267E-02, 0.2756874480925E-02,-0.1128507434756E-02,-0.2444785599966E-02
-0.3325652241652E-02, 0.1476186964405E-02,-0.1833408352080E-02, 0.5491412636395E-02, 0.4845911184912E-03,-0.2871596655777E-02, 0.2660544168347E-02,-0.1240391375088E-02,-0.2586012865176E-02
-0.3393875698768E-02, 0.1302417154264E-02,-0.1988571742293E-02, 0.5362046208639E-02, 0.4038248072196E-03,-0.2988574157582E-02, 0.2536100264181E-02,-0.1347312579040E-02,-0.2710196869980E-02
-0.3562298229594E-02, 0.1177790051699E-02,-0.2173533151402E-02, 0.5089653568271E-02, 0.2591172171745E-03,-0.3236573913719E-02, 0.2285639041075E-02,-0.1479225063648E-02,-0.2784426165298E-02
-0.2414940546957E-02, 0.2846411691398E-02,-0.7449180832123E-03, 0.7033040795285E-02, 0.1848551430066E-02,-0.2041142463005E-02, 0.3917089847067E-02,-0.1004494726170E-03,-0.1566236634522E-02
-0.2526300328350E-02, 0.2538415092488E-02,-0.9737389010198E-03, 0.6720424226896E-02, 0.1576826948322E-02,-0.1996440560275E-02, 0.3738883753713E-02,-0.3657762485389E-03,-0.1803497364131E-02
-0.2647283586193E-02, 0.2297203502491E-02,-0.1196895828968E-02, 0.6400596178285E-02, 0.1294757194020E-02,-0.2182973195483E-02, 0.3553499851429E-02,-0.5403296513585E-03,-0.1987688683147E-02
-0.2784838330550E-02, 0.2105814302513E-02,-0.1387972871478E-02, 0.6103227193356E-02, 0.1031261562307E-02,-0.2457593447530E-02, 0.3350620269691E-02,-0.6756791872480E-03,-0.2129982909919E-02
-0.2802653247434E-02, 0.2162848557349E-02,-0.1380905887806E-02, 0.6134930542001E-02, 0.1044703202450E-02,-0.2458571636212E-02, 0.3363664068197E-02,-0.6374599203830E-03,-0.2107060255822E-02
-0.3137454319072E-02, 0.1804652597035E-02,-0.1568223317879E-02, 0.5694548590153E-02, 0.6756702472402E-03,-0.2698509117742E-02, 0.2851102585764E-02,-0.1035044682925E-02,-0.2333569360134E-02
-0.3185982701306E-02, 0.1614062265230E-02,-0.1696221918779E-02, 0.5612041291202E-02, 0.6014635942924E-03,-0.2758794140377E-02, 0.2754634115149E-02,-0.1147333535717E-02,-0.2475419446517E-02
-0.3255613141155E-02, 0.1439854731529E-02,-0.1852298645969E-02, 0.5482793147526E-02, 0.5202691199469E-03,-0.2876313672321E-02, 0.2629977248187E-02,-0.1254790556478E-02,-0.2600348847425E-02
-0.3426061987846E-02, 0.1314321834045E-02,-0.2038575405319E-02, 0.5210832524254E-02, 0.3750514558624E-03,-0.3124080001796E-02, 0.2379345501942E-02,-0.1387488818708E-02,-0.2675638618113E-02
-0.2267088601958E-02, 0.2984087356358E-02,-0.6071647917082E-03, 0.7137944867294E-02, 0.1946693308110E-02,-0.1939586301040E-02, 0.4006741158104E-02, 0.2072817425873E-04,-0.1422099208979E-02
-0.2379812186012E-02, 0.2677044646871E-02,-0.8361293441670E-03, 0.6827700172659E-02, 0.1676123105508E-02,-0.1895761673638E-02, 0.3829617948812E-02,-0.2444062431381E-03,-0.1659738420750E-02
-0.2502641112504E-02, 0.2436073664560E-02,-0.1059981477026E-02, 0.6509748764919E-02, 0.1394763983398E-02,-0.2083296601673E-02, 0.3644840928732E-02,-0.4192600411009E-03,-0.1844670375934E-02
-0.2642191574683E-02, 0.2244481022794E-02,-0.1252052518891E-02, 0.6213775560256E-02, 0.1131625516940E-02,-0.2358965255168E-02, 0.3442284328697E-02,-0.5551705334067E-03,-0.1987900545850E-02
-0.2659980568584E-02, 0.2301642275478E-02,-0.1244939768343E-02, 0.6245868248820E-02, 0.1145194036399E-02,-0.2359922618903E-02, 0.3455631062604E-02,-0.5169110236936E-03,-0.1964883479117E-02
-0.2997921879100E-02, 0.1942657214367E-02,-0.1434176644060E-02, 0.5806503424892E-02, 0.7760488516309E-03,-0.2601800418636E-02, 0.2943329312079E-02,-0.9155108561551E-03,-0.2193277415146E-02
-0.3047572030289E-02, 0.1751889202593E-02,-0.1562868429196E-02, 0.5724136165793E-02, 0.7016129737824E-03,-0.2662914615229E-02, 0.2846753525834E-02,-0.1028268540854E-02,-0.2335889703554E-02
-0.3118535163106E-02, 0.1577312538554E-02,-0.1719762079449E-02, 0.5595053079059E-02, 0.6201084772685E-03,-0.2780991637572E-02, 0.2721926486874E-02,-0.1136313404232E-02,-0.2461679809130E-02
-0.3290903514280E-02, 0.1450998786832E-02,-0.1907194132378E-02, 0.5323582889674E-02, 0.4745576706868E-03,-0.3028905297544E-02, 0.2471208894633E-02,-0.1269817068636E-02,-0.2538069167870E-02
-0.2255946058126E-02, 0.2979872494821E-02,-0.5986024209567E-03, 0.7120279072707E-02, 0.1935427736505E-02,-0.1941089974236E-02, 0.3989998878209E-02, 0.3009016355198E-04,-0.1405598808130E-02
-0.2368795839668E-02, 0.2672922772666E-02,-0.8276175225011E-03, 0.6810307842976E-02, 0.1665068394163E-02,-0.1897349216420E-02, 0.3812989537947E-02,-0.2350971020553E-03,-0.1643285340048E-02
-0.2491784810047E-02, 0.2432112335445E-02,-0.1051533924455E-02, 0.6492813191686E-02, 0.1383882858593E-02,-0.2084912921073E-02, 0.3628456679810E-02,-0.4099974855863E-03,-0.1828304069811E-02
-0.2631495715061E-02, 0.2240724993551E-02,-0.1243667158789E-02, 0.6197400938317E-02, 0.1120903965857E-02,-0.2360580554915E-02, 0.3426228168405E-02,-0.5459360516306E-03,-0.1971639693449E-02
-0.2649305210884E-02, 0.2297641738875E-02,-0.1236605799057E-02, 0.6229185836837E-02, 0.1134338228608E-02,-0.2361563801093E-02, 0.3439290631500E-02,-0.5077521693326E-03,-0.1948611520125E-02
-0.2987414312201E-02, 0.1939354837318E-02,-0.1425846252483E-02, 0.5791246903256E-02, 0.7656974531370E-03,-0.2603425477045E-02, 0.2927995644207E-02,-0.9062279896185E-03,-0.2177200406460E-02
-0.3037132384500E-02, 0.1748797453860E-02,-0.1554530221903E-02, 0.5709183699763E-02, 0.6914022909239E-03,-0.2664491028133E-02, 0.2831664218786E-02,-0.1018956007021E-02,-0.2319861943220E-02
-0.3108177330063E-02, 0.1574463019248E-02,-0.1711413498011E-02, 0.5580511873671E-02, 0.6100613086212E-03,-0.2782670765218E-02, 0.2707146593512E-02,-0.1126967903947E-02,-0.2445721863314E-02
-0.3280664916972E-02, 0.1448454897786E-02,-0.1898848349536E-02, 0.5309768051009E-02, 0.4647360940882E-03,-0.3030978782786E-02, 0.2456910700155E-02,-0.1260435565834E-02,-0.2522238364114E-02
-0.2059658898771E-02, 0.3170511653033E-02,-0.4373549856985E-03, 0.7255366574299E-02, 0.2091389852180E-02,-0.1788548600233E-02, 0.4190657077282E-02, 0.2300022183044E-03,-0.1252383258097E-02
-0.2174104698059E-02, 0.2865093264593E-02,-0.6661555362829E-03, 0.6948642721634E-02, 0.1822563193960E-02,-0.1745922303480E-02, 0.4015010377521E-02,-0.3490304200319E-04,-0.1490029223473E-02
-0.2299276465335E-02, 0.2624821309908E-02,-0.8905643137080E-03, 0.6633640692380E-02, 0.1542478697962E-02,-0.1934687172702E-02, 0.3831219048410E-02,-0.2101412755459E-03,-0.1675522240623E-02
-0.2441363116143E-02, 0.2433313094452E-02,-0.1083622819143E-02, 0.6339982939077E-02, 0.1280166198260E-02,-0.2211603231625E-02, 0.3629344890793E-02,-0.3467791659693E-03,-0.1819642074045E-02
-0.2459099951094E-02, 0.2490554906823E-02,-0.1076470021729E-02, 0.6372482931459E-02, 0.1293863984632E-02,-0.2212529794741E-02, 0.3643044146155E-02,-0.3084817290264E-03,-0.1796550424130E-02
-0.2801036730533E-02, 0.2131057103120E-02,-0.1267855018718E-02, 0.5935190070482E-02, 0.9249765240429E-03,-0.2456929013474E-02, 0.3131595293425E-02,-0.7085206520403E-03,-0.2026881247694E-02
-0.2852184483859E-02, 0.1940217597781E-02,-0.1397295237031E-02, 0.5853165775187E-02, 0.8502805930040E-03,-0.2519226653589E-02, 0.3034809799159E-02,-0.8220001214656E-03,-0.2170261038098E-02
-0.2924908954905E-02, 0.1765333894762E-02,-0.1555069944219E-02, 0.5724519375295E-02, 0.7684361236610E-03,-0.2637842759858E-02, 0.2909756545763E-02,-0.9309165528854E-03,-0.2296962038892E-02
-0.3099737208895E-02, 0.1638228600640E-02,-0.1743767947676E-02, 0.5454098222855E-02, 0.6226322592510E-03,-0.2885198807301E-02, 0.2659190061682E-02,-0.1065543304601E-02,-0.2374595056079E-02
-0.1999665498765E-02, 0.3213443462526E-02,-0.3976266260143E-03, 0.7299960243442E-02, 0.2165692318357E-02,-0.1710648854352E-02, 0.4252814624121E-02, 0.2752730938514E-03,-0.1209822734687E-02
-0.2114528608518E-02, 0.2908687317942E-02,-0.6261982672449E-03, 0.6994465299117E-02, 0.1897238090439E-02,-0.1668465317844E-02, 0.4077686047832E-02, 0.1069021247199E-04,-0.1447261618349E-02
-0.2240289562711E-02, 0.2668834070454E-02,-0.8505740118385E-03, 0.6680604070580E-02, 0.1617576806025E-02,-0.1857716010701E-02, 0.3894337757147E-02,-0.1644505582687E-03,-0.1632738908491E-02
-0.2383018741428E-02, 0.2477564689420E-02,-0.1043737301345E-02, 0.6387918045659E-02, 0.1355630896524E-02,-0.2135135428211E-02, 0.3692848077042E-02,-0.3011174847663E-03,-0.1776968569759E-02
-0.2400733223770E-02, 0.2534770603737E-02,-0.1036587506444E-02, 0.6420492062439E-02, 0.1369337370243E-02,-0.2136047404403E-02, 0.3706592509758E-02,-0.2628440485852E-03,-0.1753871816276E-02
-0.2743663292770E-02, 0.2175501404140E-02,-0.1228360281296E-02, 0.5984237557982E-02, 0.1000574927907E-02,-0.2381418418343E-02, 0.3195757848466E-02,-0.6629028706153E-03,-0.1984540864247E-02
-0.2795221952747E-02, 0.1984756769534E-02,-0.1357913804750E-02, 0.5902352789624E-02, 0.9257516182422E-03,-0.2444324699090E-02, 0.3098954891502E-02,-0.7764761479801E-03,-0.2128042685386E-02
-0.2868421974900E-02, 0.1809915940751E-02,-0.1515822291545E-02, 0.5773931783221E-02, 0.8437748108115E-03,-0.2562782790307E-02, 0.2973913040707E-02,-0.8855219182617E-03,-0.2254913594227E-02
-0.3043876188707E-02, 0.1682763268141E-02,-0.1704730947449E-02, 0.5504094622499E-02, 0.6979270449685E-03,-0.2808574157005E-02, 0.2723582047048E-02,-0.1020304258928E-02,-0.2332822569596E-02
-0.1935831417014E-02, 0.3263956173059E-02,-0.3402353344810E-03, 0.7366897617575E-02, 0.2247354934515E-02,-0.1626254805329E-02, 0.4316336753592E-02, 0.3297324219471E-03,-0.1156115022226E-02
-0.2051111550585E-02, 0.2959988327728E-02,-0.5685664172043E-03, 0.7062855827450E-02, 0.1979407405186E-02,-0.1584519046503E-02, 0.4141873247653E-02, 0.6554207600726E-04,-0.1393334152044E-02
-0.2177495147669E-02, 0.2720618969409E-02,-0.7929347660804E-03, 0.6750308027804E-02, 0.1700275287055E-02,-0.1774270635712E-02, 0.3959055366203E-02,-0.1094685048344E-03,-0.1578802375242E-02
-0.2320915074676E-02, 0.2529609218952E-02,-0.9862545590808E-03, 0.6458707475134E-02, 0.1438770213433E-02,-0.2052217883703E-02, 0.3757994059844E-02,-0.2461589639716E-03,-0.1723164491447E-02
-0.2338602289049E-02, 0.2586814519019E-02,-0.9790973876309E-03, 0.6491425585761E-02, 0.1452507216223E-02,-0.2053112291558E-02, 0.3771834806951E-02,-0.2079004018557E-03,-0.1700051164373E-02
-0.2682595384094E-02, 0.2227713025035E-02,-0.1171405189340E-02, 0.6056161136699E-02, 0.1083887732956E-02,-0.2299532599025E-02, 0.3261584974805E-02,-0.6080180907074E-03,-0.1931149601387E-02
-0.2734600927727E-02, 0.2037044306336E-02,-0.1301146796725E-02, 0.5974374458605E-02, 0.1008923405332E-02,-0.2363092512814E-02, 0.3164755771161E-02,-0.7217151734666E-03,-0.2074823874576E-02
-0.2808318869428E-02, 0.1862213560983E-02,-0.1459271014008E-02, 0.5846139002324E-02, 0.9267959410315E-03,-0.2481403905926E-02, 0.3039705999461E-02,-0.8309265524108E-03,-0.2201916415375E-02
-0.2984450813286E-02, 0.1734959579856E-02,-0.1648481652486E-02, 0.5576874938652E-02, 0.7808945312406E-03,-0.2725579109789E-02, 0.2789582564223E-02,-0.9659041899830E-03,-0.2280150065382E-02
-0.1843415416415E-02, 0.3352875629834E-02,-0.2293456405516E-03, 0.7479995067617E-02, 0.2340920716070E-02,-0.1531686173546E-02, 0.4397147109044E-02, 0.4299546152412E-03,-0.1061751002908E-02
-0.1959333970748E-02, 0.3049991639035E-02,-0.4574892329573E-03, 0.7178064618272E-02, 0.2073964525777E-02,-0.1490485175457E-02, 0.4223715896142E-02, 0.1661756784438E-03,-0.1298833431915E-02
-0.2086689875415E-02, 0.2811185641642E-02,-0.6820507286222E-03, 0.6867299291089E-02, 0.1795654045389E-02,-0.1680828611754E-02, 0.4041606226369E-02,-0.8792280375208E-05,-0.1484452372275E-02
-0.2231197719581E-02, 0.2620373604404E-02,-0.8758120079616E-03, 0.6577076261086E-02, 0.1534742934166E-02,-0.1959406688105E-02, 0.3841028484016E-02,-0.1456639726335E-03,-0.1629154042782E-02
-0.2248847200673E-02, 0.2677678125824E-02,-0.8686177836345E-03, 0.6610125900854E-02, 0.1548576662104E-02,-0.1960277903452E-02, 0.3855120577013E-02,-0.1073828306754E-03,-0.1605987975565E-02
-0.2594527583060E-02, 0.2318395277389E-02,-0.1062061439326E-02, 0.6175765792691E-02, 0.1180133456251E-02,-0.2208027583653E-02, 0.3345310318729E-02,-0.5079774031386E-03,-0.1837990449415E-02
-0.2647211917318E-02, 0.2127703994895E-02,-0.1192252449249E-02, 0.6094020668171E-02, 0.1105002917849E-02,-0.2272311407766E-02, 0.3248395800786E-02,-0.6219843290499E-03,-0.1982056272085E-02
-0.2721724482343E-02, 0.1952727752200E-02,-0.1350889185492E-02, 0.5965897511085E-02, 0.1022673914646E-02,-0.2390709685940E-02, 0.3123242037134E-02,-0.7315780113872E-03,-0.2109603731470E-02
-0.2898926749954E-02, 0.1825103888645E-02,-0.1540772795673E-02, 0.5697157742169E-02, 0.8766604977653E-03,-0.2633821570552E-02, 0.2873197311143E-02,-0.8670234121406E-03,-0.2188420245432E-02
-0.2467049589541E-02, 0.3689537958443E-02,-0.4678636871651E-03,-0.1921761761374E-02, 0.2475210030309E-02,-0.1972502356444E-02, 0.4923272951885E-02, 0.4093822555052E-03,-0.1576627142720E-02
-0.2579618051396E-02, 0.3366897104789E-02,-0.7033742911179E-03,-0.2122760730630E-02, 0.2187710228192E-02,-0.1928252038087E-02, 0.4731709105259E-02, 0.1347490831677E-03,-0.1818471160001E-02
-0.2700768573394E-02, 0.3114459752240E-02,-0.9315688380215E-03,-0.2337172460159E-02, 0.1894915579095E-02,-0.2117601763171E-02, 0.4534828900441E-02,-0.4606820105567E-04,-0.2005403620834E-02
-0.2838450714288E-02, 0.2913872054829E-02,-0.1126572666845E-02,-0.2530574208079E-02, 0.1623676959854E-02,-0.2395976386547E-02, 0.4321160253668E-02,-0.1863683094259E-03,-0.2149415475523E-02
-0.2854093481284E-02, 0.2975940964800E-02,-0.1116197815287E-02,-0.2547078887559E-02, 0.1640987292686E-02,-0.2394412117081E-02, 0.4338273714175E-02,-0.1441404966075E-03,-0.2124003284274E-02
-0.3195208087778E-02, 0.2594830241549E-02,-0.1313509526130E-02,-0.2716656791561E-02, 0.1253271318293E-02,-0.2641499747563E-02, 0.3797569299193E-02,-0.5586118476521E-03,-0.2356641167682E-02
-0.3244410248689E-02, 0.2395414475742E-02,-0.1445415096297E-02,-0.2761972834463E-02, 0.1174005795468E-02,-0.2704370612950E-02, 0.3693384455244E-02,-0.6758191087178E-03,-0.2501105696658E-02
-0.3314865436605E-02, 0.2212550077645E-02,-0.1605859162162E-02,-0.2865782536254E-02, 0.1087494602185E-02,-0.2820810828685E-02, 0.3560219055622E-02,-0.7882234464237E-03,-0.2628346504427E-02
-0.3487101684697E-02, 0.2078598002624E-02,-0.1797027025236E-02,-0.3095818765520E-02, 0.9353348366195E-03,-0.3060942815089E-02, 0.3297532366930E-02,-0.9266799222737E-03,-0.2705019958640E-02
-0.2335136423182E-02, 0.3804166378492E-02,-0.3442100610847E-03,-0.1791586448793E-02, 0.2606793676197E-02,-0.1833386450845E-02, 0.5017810063054E-02, 0.4494462593920E-03,-0.1542784489064E-02
-0.2449206488730E-02, 0.3482247708941E-02,-0.5801527944241E-03,-0.1993345916182E-02, 0.2319741161459E-02,-0.1790385528813E-02, 0.4827032056970E-02, 0.1751795530015E-03,-0.1784475952185E-02
-0.2572324124903E-02, 0.3229862484661E-02,-0.8093017945581E-03,-0.2209045826510E-02, 0.2027143313781E-02,-0.1981227199964E-02, 0.4630544131301E-02,-0.5846287792236E-05,-0.1971764986967E-02
-0.2712066158359E-02, 0.3028944662561E-02,-0.1005505946022E-02,-0.2403962570879E-02, 0.1755893207820E-02,-0.2261149907858E-02, 0.4417074133462E-02,-0.1466146911253E-03,-0.2116384307965E-02
-0.2727667985741E-02, 0.3091155663665E-02,-0.9950634146931E-03,-0.2420432384065E-02, 0.1773356443215E-02,-0.2259538645112E-02, 0.4434507445407E-02,-0.1043473255916E-03,-0.2091026434668E-02
-0.3071730723751E-02, 0.2709247052538E-02,-0.1194475241082E-02,-0.2592552126145E-02, 0.1385008519669E-02,-0.2509192208132E-02, 0.3894099310946E-02,-0.5193128979540E-03,-0.2324544666821E-02
-0.3122008457465E-02, 0.2509733476874E-02,-0.1327049385290E-02,-0.2638791768676E-02, 0.1305382571279E-02,-0.2573252968490E-02, 0.3789837078648E-02,-0.6367067708419E-03,-0.2469174512427E-02
-0.3193736265678E-02, 0.2326571596670E-02,-0.1488299484316E-02,-0.2743669799364E-02, 0.1218415803683E-02,-0.2690037076513E-02, 0.3656537604442E-02,-0.7494245287795E-03,-0.2596736741035E-02
-0.3367778978755E-02, 0.2191857568846E-02,-0.1680687755937E-02,-0.2975192576879E-02, 0.1065694404637E-02,-0.2929067237843E-02, 0.3393810367415E-02,-0.8884367008173E-03,-0.2674155806808E-02
-0.2184296110797E-02, 0.3939572046921E-02,-0.2023507425996E-03,-0.1657887631792E-02, 0.2720522699659E-02,-0.1713098835737E-02, 0.5107327962425E-02, 0.5435736599264E-03,-0.1426953918691E-02
-0.2299796058734E-02, 0.3618813277610E-02,-0.4384534127727E-03,-0.1860109744439E-02, 0.2434580488915E-02,-0.1671093833356E-02, 0.4917779784456E-02, 0.2697141121473E-03,-0.1668851681136E-02
-0.2424852484577E-02, 0.3366812078562E-02,-0.6683388344942E-03,-0.2076847603311E-02, 0.2142667700933E-02,-0.1863108261632E-02, 0.4722011821743E-02, 0.8851619771339E-04,-0.1856780403623E-02
-0.2566677403819E-02, 0.3165796788499E-02,-0.8655868305767E-03,-0.2273082997860E-02, 0.1871760879986E-02,-0.2144262818030E-02, 0.4508966118549E-02,-0.5271827523793E-04,-0.2002265141476E-02
-0.2582245642656E-02, 0.3228190946088E-02,-0.8550754797547E-03,-0.2289507530524E-02, 0.1889398527763E-02,-0.2142615082155E-02, 0.4526785513038E-02,-0.1039639866445E-04,-0.1976869312069E-02
-0.2929480784473E-02, 0.2845637290221E-02,-0.1056489837076E-02,-0.2463973551788E-02, 0.1500871316299E-02,-0.2394475105059E-02, 0.3986809667753E-02,-0.4260896641434E-03,-0.2212002884573E-02
-0.2980908523045E-02, 0.2646063639531E-02,-0.1189749560661E-02,-0.2511088708421E-02, 0.1421009643938E-02,-0.2459509088341E-02, 0.3882517381647E-02,-0.5438186445789E-03,-0.2357229444763E-02
-0.3054001979992E-02, 0.2462628189624E-02,-0.1351817605439E-02,-0.2616984443295E-02, 0.1333715279368E-02,-0.2576812338503E-02, 0.3749120245025E-02,-0.6570014732352E-03,-0.2485510518284E-02
-0.3229997419970E-02, 0.2327181541867E-02,-0.1545396102139E-02,-0.2849911250254E-02, 0.1180622148689E-02,-0.2815622885819E-02, 0.3486396650354E-02,-0.7967068932868E-03,-0.2563958145816E-02
-0.2035345518136E-02, 0.4074370000476E-02,-0.6513899644258E-04,-0.1536991773049E-02, 0.2816810691081E-02,-0.1611046225546E-02, 0.5194644961947E-02, 0.6639036296300E-03,-0.1281360016343E-02
-0.2152100069488E-02, 0.3754947369163E-02,-0.3011992648748E-03,-0.1739430285422E-02, 0.2532256888390E-02,-0.1569821690837E-02, 0.5006464353629E-02, 0.3904394718905E-03,-0.1523567966189E-02
-0.2278895236657E-02, 0.3503524375388E-02,-0.5315942444281E-03,-0.1956928630996E-02, 0.2241270693535E-02,-0.1762724514331E-02, 0.4811559648996E-02, 0.2091103355084E-03,-0.1712172856865E-02
-0.2422616183887E-02, 0.3302593649400E-02,-0.7296684063180E-03,-0.2154211488209E-02, 0.1970912251796E-02,-0.2044816552746E-02, 0.4599065174211E-02, 0.6745845608430E-04,-0.1858535956638E-02
-0.2438155930002E-02, 0.3365163105010E-02,-0.7190974433262E-03,-0.2170587680756E-02, 0.1988713584927E-02,-0.2043141665901E-02, 0.4617260912306E-02, 0.1098335475206E-03,-0.1833062929694E-02
-0.2788376075510E-02, 0.2982179521787E-02,-0.9222321619698E-03,-0.2347029451294E-02, 0.1600319208793E-02,-0.2296815701210E-02, 0.4077844218833E-02,-0.3066445894885E-03,-0.2069981856543E-02
-0.2840891892470E-02, 0.2782593868596E-02,-0.1056103700402E-02,-0.2394898737940E-02, 0.1520314550315E-02,-0.2362634449062E-02, 0.3973545572813E-02,-0.4247665629718E-03,-0.2215944766635E-02
-0.2915277522529E-02, 0.2598947640619E-02,-0.1218897349901E-02,-0.2501668032638E-02, 0.1432799219030E-02,-0.2480474828972E-02, 0.3840085459459E-02,-0.5384612887607E-03,-0.2345058008653E-02
-0.3093117389939E-02, 0.2462884701459E-02,-0.1413509863461E-02,-0.2735782188873E-02, 0.1279494278823E-02,-0.2719443478171E-02, 0.3577436862435E-02,-0.6788731057358E-03,-0.2424564351472E-02
-0.2025483459153E-02, 0.4067127095982E-02,-0.5851796781008E-04,-0.1527816107187E-02, 0.2803058115127E-02,-0.1614058661789E-02, 0.5174911956768E-02, 0.6711116165131E-03,-0.1265848762253E-02
-0.2142362347103E-02, 0.3747861037071E-02,-0.2946151517149E-03,-0.1730263523294E-02, 0.2518752601299E-02,-0.1572917781867E-02, 0.4986894422596E-02, 0.3976182198668E-03,-0.1508117522631E-02
-0.2269309454048E-02, 0.3496685124267E-02,-0.5250454608780E-03,-0.1947807682543E-02, 0.2227988623590E-02,-0.1765839828882E-02, 0.4792313262257E-02, 0.2162768734090E-03,-0.1696808359844E-02
-0.2413177988624E-02, 0.3296053505929E-02,-0.7231450313143E-03,-0.2145155960023E-02, 0.1957843641665E-02,-0.2047915078513E-02, 0.4580240426189E-02, 0.7463840381762E-04,-0.1843265960079E-02
-0.2428740822343E-02, 0.3358313663787E-02,-0.7126475185591E-03,-0.2161552061855E-02, 0.1975467875395E-02,-0.2046276782896E-02, 0.4598097348922E-02, 0.1169074971531E-03,-0.1817801222691E-02
-0.2779092175222E-02, 0.2976239746092E-02,-0.9156965000655E-03,-0.2338094370049E-02, 0.1587720503824E-02,-0.2299886288340E-02, 0.4059907528620E-02,-0.2993265980533E-03,-0.2054860194374E-02
-0.2831659330469E-02, 0.2776924639208E-02,-0.1049531062770E-02,-0.2386039469543E-02, 0.1507891656810E-02,-0.2365633828498E-02, 0.3955902076383E-02,-0.4173863131821E-03,-0.2200874552323E-02
-0.2906107632644E-02, 0.2593591293087E-02,-0.1212278420242E-02,-0.2492862883822E-02, 0.1420585006567E-02,-0.2483580762793E-02, 0.3822813219996E-02,-0.5310091678977E-03,-0.2330047580910E-02
-0.3084042910969E-02, 0.2457930141781E-02,-0.1406843754389E-02,-0.2726985401734E-02, 0.1267575839718E-02,-0.2722995669207E-02, 0.3560747908072E-02,-0.6713289097934E-03,-0.2409639662712E-02
-0.1826380954977E-02, 0.4256602909930E-02, 0.1039287199562E-03,-0.1398914781067E-02, 0.2958717939348E-02,-0.1459272877608E-02, 0.5373949509244E-02, 0.8717279666304E-03,-0.1109780554695E-02
-0.1944704645570E-02, 0.3939335354398E-02,-0.1317191451833E-03,-0.1601253785646E-02, 0.2676235614715E-02,-0.1419115021098E-02, 0.5187692280698E-02, 0.5988094383105E-03,-0.1351900681942E-02
-0.2073690255005E-02, 0.3689100443604E-02,-0.3624173206836E-03,-0.1819331800753E-02, 0.2386840307038E-02,-0.1613080857439E-02, 0.4994206422843E-02, 0.4173578881559E-03,-0.1540980817363E-02
-0.2219803280724E-02, 0.3488682443114E-02,-0.5612459745985E-03,-0.2017596655775E-02, 0.2117595196122E-02,-0.1896252238540E-02, 0.4782800358404E-02, 0.2752029364263E-03,-0.1688159454246E-02
-0.2235292307873E-02, 0.3551383224126E-02,-0.5506247974149E-03,-0.2033896407824E-02, 0.2135562771489E-02,-0.1894546224269E-02, 0.4801415686690E-02, 0.3176155510515E-03,-0.1662626438477E-02
-0.2589273570798E-02, 0.3168434235319E-02,-0.7556153898880E-03,-0.2212478203116E-02, 0.1747808283797E-02,-0.2150539042654E-02, 0.4263461300687E-02,-0.9989869071851E-04,-0.1901366205541E-02
-0.2643234331016E-02, 0.2969010145494E-02,-0.8901261849679E-03,-0.2261198403261E-02, 0.1667668011683E-02,-0.2217474799342E-02, 0.4159126453942E-02,-0.2186178658987E-03,-0.2048053670867E-02
-0.2719317864209E-02, 0.2785286253174E-02,-0.1053677006319E-02,-0.2368908305919E-02, 0.1579945249462E-02,-0.2335814352620E-02, 0.4025637538232E-02,-0.3330575689007E-03,-0.2178034818665E-02
-0.2899503442517E-02, 0.2648687699449E-02,-0.1249384829926E-02,-0.2604210474740E-02, 0.1426576537531E-02,-0.2574214372613E-02, 0.3763461660779E-02,-0.4744240147866E-03,-0.2258737865950E-02
-0.1766035665340E-02, 0.4298122994501E-02, 0.1432885379225E-03,-0.1344213553218E-02, 0.3031536344915E-02,-0.1381142082324E-02, 0.5434204080076E-02, 0.9164544272299E-03,-0.1066776382086E-02
-0.1884730927101E-02, 0.3981666640484E-02,-0.9206004273699E-04,-0.1546467031516E-02, 0.2749544870613E-02,-0.1341397756357E-02, 0.5248612341164E-02, 0.6439405561106E-03,-0.1308662274065E-02
-0.2014258111573E-02, 0.3732003212894E-02,-0.3226497222598E-03,-0.1764657875836E-02, 0.2460700093307E-02,-0.1535783905918E-02, 0.5055721762944E-02, 0.4626641377399E-03,-0.1497701755732E-02
-0.2160967271454E-02, 0.3531965974685E-02,-0.5215112062920E-03,-0.1963167579375E-02, 0.2191944623994E-02,-0.1819381945739E-02, 0.4844849386969E-02, 0.3205513686091E-03,-0.1644968423958E-02
-0.2176437893157E-02, 0.3594632507317E-02,-0.5108957351217E-03,-0.1979430713202E-02, 0.2209919909022E-02,-0.1817666624496E-02, 0.4863524865451E-02, 0.3629355130016E-03,-0.1619434988187E-02
-0.2531331728246E-02, 0.3212103118219E-02,-0.7161724104675E-03,-0.2158669536899E-02, 0.1822472053333E-02,-0.2074539355090E-02, 0.4326427407959E-02,-0.5447843596833E-04,-0.1858477707560E-02
-0.2585684482795E-02, 0.3012839682544E-02,-0.8507639324973E-03,-0.2207677449465E-02, 0.1742253671209E-02,-0.2142055280684E-02, 0.4222135625659E-02,-0.1732558762073E-03,-0.2005271990751E-02
-0.2662220570070E-02, 0.2829229287642E-02,-0.1014410802963E-02,-0.2315690675188E-02, 0.1654453150489E-02,-0.2260210564181E-02, 0.4088731259220E-02,-0.2877862591385E-03,-0.2135407763134E-02
-0.2842992226535E-02, 0.2692677717809E-02,-0.1210274073220E-02,-0.2551334732035E-02, 0.1501124935620E-02,-0.2497016113548E-02, 0.3826920266939E-02,-0.4292530228058E-03,-0.2216371320904E-02
-0.1701627727120E-02, 0.4347473045549E-02, 0.2005139833534E-03,-0.1268426670514E-02, 0.3111944632881E-02,-0.1296276908572E-02, 0.5496205391287E-02, 0.9705994894419E-03,-0.1012350884063E-02
-0.1820686682534E-02, 0.4031969973820E-02,-0.3450713372877E-04,-0.1470614842364E-02, 0.2830589524621E-02,-0.1256942865497E-02, 0.5311436657965E-02, 0.6985744809231E-03,-0.1253982566585E-02
-0.1950781788788E-02, 0.3782953949128E-02,-0.2649989903240E-03,-0.1688988222740E-02, 0.2542409019685E-02,-0.1451756740927E-02, 0.5119230360945E-02, 0.5175153126101E-03,-0.1442982133726E-02
-0.2098129463287E-02, 0.3583325119573E-02,-0.4639329338973E-03,-0.1887840164126E-02, 0.2274222412058E-02,-0.1735799662797E-02, 0.4908931751186E-02, 0.3754563667493E-03,-0.1590354996436E-02
-0.2113577417199E-02, 0.3646003635176E-02,-0.4533103422519E-03,-0.1904057091048E-02, 0.2292234951935E-02,-0.1734071072235E-02, 0.4927735409519E-02, 0.4178249749124E-03,-0.1564810936867E-02
-0.2469448186636E-02, 0.3263829638282E-02,-0.6590124718384E-03,-0.2084153139870E-02, 0.1905108064666E-02,-0.1991897157604E-02, 0.4391438597275E-02, 0.4766713692239E-06,-0.1804242252367E-02
-0.2524229097213E-02, 0.3064708768375E-02,-0.7937540376245E-03,-0.2133533167552E-02, 0.1824798533144E-02,-0.2060038317596E-02, 0.4287178701180E-02,-0.1183873869991E-03,-0.1951192000359E-02
-0.2601260174497E-02, 0.2881178836210E-02,-0.9575726655057E-03,-0.2241958599914E-02, 0.1736901392585E-02,-0.2178018460985E-02, 0.4153834256738E-02,-0.2330438336259E-03,-0.2081533269862E-02
-0.2782668269065E-02, 0.2744619609723E-02,-0.1153675253645E-02,-0.2478101720561E-02, 0.1583602115125E-02,-0.2413170619025E-02, 0.3892348512258E-02,-0.3746498543659E-03,-0.2162806641993E-02
-0.1608041657908E-02, 0.4435323723011E-02, 0.3115912969638E-03,-0.1148571257741E-02, 0.3204702824328E-02,-0.1200748633158E-02, 0.5575962349570E-02, 0.1070819958426E-02,-0.9165452874606E-03
-0.1727657020551E-02, 0.4121155743110E-02, 0.7690041546249E-04,-0.1350747394048E-02, 0.2924511178956E-02,-0.1161879093861E-02, 0.5392440374887E-02, 0.7993652507119E-03,-0.1157982967679E-02
-0.1858642978440E-02, 0.3872931259919E-02,-0.1536423430175E-03,-0.1569513800230E-02, 0.2637316451495E-02,-0.1357189263899E-02, 0.5201131183681E-02, 0.6184788701009E-03,-0.1347083052003E-02
-0.2007003285894E-02, 0.3673697020409E-02,-0.3528903055716E-03,-0.1769001485984E-02, 0.2369870852601E-02,-0.1641765464960E-02, 0.4991481734558E-02, 0.4763472593094E-03,-0.1494753763301E-02
-0.2022417635895E-02, 0.3736518379387E-02,-0.3422227405416E-03,-0.1785154624794E-02, 0.2388010057137E-02,-0.1640013542598E-02, 0.5010607447091E-02, 0.5187465816623E-03,-0.1469166436086E-02
-0.2379861966774E-02, 0.3354386260314E-02,-0.5489151512840E-03,-0.1966664734986E-02, 0.2001235883130E-02,-0.1899061246896E-02, 0.4474949896994E-02, 0.1010941180521E-03,-0.1709439958294E-02
-0.2435299554996E-02, 0.3155336365273E-02,-0.6840475159248E-03,-0.2016633454663E-02, 0.1920817534871E-02,-0.1967895673653E-02, 0.4370671742784E-02,-0.1802634421374E-04,-0.1856758033100E-02
-0.2513098083906E-02, 0.2971752920361E-02,-0.8483116591535E-03,-0.2125745130376E-02, 0.1832777788645E-02,-0.2085933582096E-02, 0.4237294647383E-02,-0.1330116804659E-03,-0.1987533490812E-02
-0.2695524135128E-02, 0.2834933020671E-02,-0.1044996444018E-02,-0.2362788431561E-02, 0.1679451027739E-02,-0.2319984315592E-02, 0.3976000522612E-02,-0.2750136003755E-03,-0.2069371879959E-02
-0.2136354135713E-02, 0.4901531286589E-02, 0.1846733832306E-03,-0.1783963565134E-02, 0.3464046974147E-02,-0.1541993988288E-02, 0.6230545734200E-02, 0.1163769509579E-02,-0.1342573078890E-02
-0.2254095506212E-02, 0.4564376559412E-02,-0.5934785041861E-04,-0.1989197918894E-02, 0.3160323582741E-02,-0.1501384882846E-02, 0.6026089482817E-02, 0.8793942813142E-03,-0.1589861326505E-02
-0.2380268893266E-02, 0.4299576239944E-02,-0.2954054020022E-03,-0.2207875848128E-02, 0.2856280223914E-02,-0.1697229404279E-02, 0.5817422172906E-02, 0.6908964330318E-03,-0.1781227861409E-02
-0.2523118515908E-02, 0.4087939135912E-02,-0.4976236467505E-03,-0.2405298010717E-02, 0.2576575819405E-02,-0.1983136908692E-02, 0.5592276852900E-02, 0.5437804703946E-03,-0.1929064639167E-02
-0.2536227698009E-02, 0.4155561631997E-02,-0.4835293782502E-03,-0.2419813450755E-02, 0.2598266866573E-02,-0.1978682069046E-02, 0.5614163763936E-02, 0.5903722588215E-03,-0.1900869369985E-02
-0.2891823344101E-02, 0.3747389805063E-02,-0.6970397166630E-03,-0.2597577667481E-02, 0.2188819560292E-02,-0.2239578290873E-02, 0.5043484376355E-02, 0.1557122247079E-03,-0.2143716745518E-02
-0.2944555508700E-02, 0.3538022397689E-02,-0.8349847829646E-03,-0.2645123088625E-02, 0.2103137319747E-02,-0.2308245036664E-02, 0.4930639590853E-02, 0.3235140220161E-04,-0.2292096799580E-02
-0.3019166758258E-02, 0.3344925442582E-02,-0.1002265401774E-02,-0.2752155701880E-02, 0.2009729854132E-02,-0.2423773198161E-02, 0.4787849837097E-02,-0.8652545076182E-04,-0.2423264518419E-02
-0.3197876531243E-02, 0.3199848149917E-02,-0.1201764721800E-02,-0.2987588104948E-02, 0.1848705300136E-02,-0.2651085809794E-02, 0.4511880662514E-02,-0.2328920071939E-03,-0.2503783650173E-02
-0.2004496466675E-02, 0.5012454674060E-02, 0.3068307249767E-03,-0.1652873049114E-02, 0.3592016866710E-02,-0.1403141664181E-02, 0.6321328955070E-02, 0.1202526783725E-02,-0.1308791419830E-02
-0.2123623341339E-02, 0.4676376458456E-02, 0.6256866595026E-04,-0.1858809905023E-02, 0.3289022725821E-02,-0.1363697645175E-02, 0.6117957714787E-02, 0.9186615423645E-03,-0.1555874952177E-02
-0.2251653023349E-02, 0.4411959032506E-02,-0.1742504512147E-03,-0.2078716048005E-02, 0.2985454665023E-02,-0.1560895477264E-02, 0.5909963926440E-02, 0.7300971583942E-03,-0.1747548493206E-02
-0.2396459466042E-02, 0.4200287893570E-02,-0.3774919532385E-03,-0.2277596908976E-02, 0.2705997438931E-02,-0.1848199507635E-02, 0.5685281468776E-02, 0.5826429304232E-03,-0.1895948251503E-02
-0.2409517469034E-02, 0.4268093173534E-02,-0.3633110020247E-03,-0.2292073986617E-02, 0.2727872091817E-02,-0.1843684667663E-02, 0.5707581454187E-02, 0.6293019876423E-03,-0.1867794280285E-02
-0.2767898446822E-02, 0.3859526466175E-02,-0.5787034187443E-03,-0.2472304508567E-02, 0.2318154509318E-02,-0.2106983551972E-02, 0.5137586060484E-02, 0.1943021369165E-03,-0.2111471254227E-02
-0.2821661030448E-02, 0.3650217855123E-02,-0.7172248277576E-03,-0.2520737373049E-02, 0.2232227296053E-02,-0.2176773379268E-02, 0.5024786059217E-02, 0.7081476687631E-04,-0.2259994741809E-02
-0.2897494602657E-02, 0.3456981928080E-02,-0.8852093930054E-03,-0.2628805034131E-02, 0.2138485912143E-02,-0.2292611474457E-02, 0.4881992115025E-02,-0.4831232113352E-04,-0.2391461797447E-02
-0.3077930858271E-02, 0.3311337146729E-02,-0.1085796643533E-02,-0.2865694056919E-02, 0.1977072603836E-02,-0.2518835135897E-02, 0.4606184919276E-02,-0.1951504289469E-03,-0.2472699104075E-02
-0.1853224811080E-02, 0.5144217783521E-02, 0.4474345297565E-03,-0.1517999013672E-02, 0.3702881244459E-02,-0.1282840760064E-02, 0.6407794301378E-02, 0.1295331548296E-02,-0.1192300551393E-02
-0.1973643948410E-02, 0.4809710079382E-02, 0.2032323190347E-03,-0.1724330943813E-02, 0.3401279560313E-02,-0.1244280802491E-02, 0.6205965119943E-02, 0.1012081978310E-02,-0.1439502963007E-02
-0.2103479952022E-02, 0.4546048900458E-02,-0.3410483021747E-04,-0.1945202821338E-02, 0.3098661473355E-02,-0.1442507364654E-02, 0.5998972251879E-02, 0.8235265177032E-03,-0.1631737505317E-02
-0.2250246561586E-02, 0.4334604122160E-02,-0.2381925405412E-03,-0.2145334461996E-02, 0.2819785434536E-02,-0.1730897683830E-02, 0.5774967917342E-02, 0.6757625450445E-03,-0.1780934718320E-02
-0.2263261238444E-02, 0.4402636052585E-02,-0.2239207038756E-03,-0.2159766957981E-02, 0.2841878295616E-02,-0.1726332922990E-02, 0.5797753764523E-02, 0.7225014744411E-03,-0.1752745129354E-02
-0.2624626557256E-02, 0.3993843269095E-02,-0.4410821345675E-03,-0.2342256295699E-02, 0.2432293305121E-02,-0.1991678542339E-02, 0.5228533729472E-02, 0.2869985778488E-03,-0.1997939316396E-02
-0.2679491898562E-02, 0.3784653967023E-02,-0.5801895395723E-03,-0.2391537963825E-02, 0.2346238751060E-02,-0.2062379998938E-02, 0.5115816493675E-02, 0.1632561698783E-03,-0.2147020370618E-02
-0.2756636800481E-02, 0.3591319771964E-02,-0.7488815589056E-03,-0.2500591422081E-02, 0.2252281532540E-02,-0.2178708144416E-02, 0.4973044952995E-02, 0.4374458545448E-04,-0.2279167802893E-02
-0.2938933261738E-02, 0.3445136451948E-02,-0.9505153493183E-03,-0.2738835137426E-02, 0.2090648895896E-02,-0.2404727481759E-02, 0.4697428449701E-02,-0.1036828455762E-03,-0.2361392019169E-02
-0.1703626680942E-02, 0.5275668577206E-02, 0.5836227855453E-03,-0.1395905816541E-02, 0.3796892410274E-02,-0.1180632016717E-02, 0.6492461864783E-02, 0.1414382157415E-02,-0.1045733465782E-02
-0.1825162413393E-02, 0.4942905489956E-02, 0.3396785636544E-03,-0.1602387133878E-02, 0.3496939223997E-02,-0.1142735383164E-02, 0.6292302774953E-02, 0.1131759088985E-02,-0.1293148316269E-02
-0.1956603189771E-02, 0.4680189551362E-02, 0.1020455610001E-03,-0.1823947120014E-02, 0.3195486751080E-02,-0.1341713518778E-02, 0.6086444639739E-02, 0.9432636206801E-03,-0.1485972073941E-02
-0.2105141484368E-02, 0.4469145104807E-02,-0.1026756276442E-03,-0.2025058364260E-02, 0.2917370283709E-02,-0.1630908315654E-02, 0.5863233717092E-02, 0.7952438251043E-03,-0.1635973226010E-02
-0.2118120050682E-02, 0.4537392335697E-02,-0.8832360458720E-04,-0.2039445299147E-02, 0.2939671963901E-02,-0.1626304997125E-02, 0.5886479996866E-02, 0.8420553986196E-03,-0.1607716601745E-02
-0.2482280525393E-02, 0.4128568061341E-02,-0.3069801838090E-03,-0.2223824984312E-02, 0.2530486534334E-02,-0.1893315461577E-02, 0.5318138541295E-02, 0.4060235425561E-03,-0.1854581662185E-02
-0.2538188751999E-02, 0.3919544714108E-02,-0.4466045859755E-03,-0.2273842262152E-02, 0.2444385563564E-02,-0.1964746953017E-02, 0.5205520162164E-02, 0.2819751064490E-03,-0.2004354350890E-02
-0.2616572804219E-02, 0.3726171500108E-02,-0.6159166403841E-03,-0.2383740603790E-02, 0.2350306232845E-02,-0.2081586341260E-02, 0.5062799113531E-02, 0.1620379993979E-03,-0.2137290184545E-02
-0.2800620198213E-02, 0.3579553432018E-02,-0.8184460241747E-03,-0.2623113823166E-02, 0.2188594320255E-02,-0.2307775589668E-02, 0.4787433788883E-02, 0.1401486561092E-04,-0.2220527286555E-02
-0.1695253499935E-02, 0.5265214079480E-02, 0.5880744233783E-03,-0.1387824145976E-02, 0.3780473115068E-02,-0.1185341687980E-02, 0.6469590197224E-02, 0.1419205840572E-02,-0.1031449400705E-02
-0.1816910149403E-02, 0.4932659134598E-02, 0.3441131736101E-03,-0.1594315442929E-02, 0.3480813841565E-02,-0.1147524672681E-02, 0.6269650812312E-02, 0.1136584512645E-02,-0.1278927323286E-02
-0.1948489383542E-02, 0.4670280677052E-02, 0.1064827881140E-03,-0.1815923060029E-02, 0.3179642375702E-02,-0.1346506487622E-02, 0.6064202761946E-02, 0.9481207550967E-03,-0.1471831022563E-02
-0.2097154673785E-02, 0.4459646373472E-02,-0.9821718020435E-04,-0.2017099384859E-02, 0.2901804044651E-02,-0.1635662060395E-02, 0.5841516589523E-02, 0.8001661117099E-03,-0.1621914507998E-02
-0.2110167541690E-02, 0.4527521023750E-02,-0.8396706057833E-04,-0.2031504029246E-02, 0.2923880549818E-02,-0.1631109728602E-02, 0.5864392640641E-02, 0.8468342129300E-03,-0.1593678704524E-02
-0.2474397308316E-02, 0.4119880894744E-02,-0.3024276536856E-03,-0.2215967708032E-02, 0.2515508095668E-02,-0.1897994189797E-02, 0.5297512052098E-02, 0.4111903425505E-03,-0.1840636875183E-02
-0.2530338616542E-02, 0.3911170938377E-02,-0.4419812273790E-03,-0.2266023248727E-02, 0.2429621324794E-02,-0.1969327532089E-02, 0.5185240939861E-02, 0.2872413947998E-03,-0.1990448074225E-02
-0.2608763208194E-02, 0.3718175192048E-02,-0.6112048603717E-03,-0.2375955722265E-02, 0.2335800874255E-02,-0.2086274636275E-02, 0.5042953927257E-02, 0.1674211731939E-03,-0.2123426106759E-02
-0.2792873550361E-02, 0.3572092921786E-02,-0.8136269286618E-03,-0.2615362138725E-02, 0.2174465882492E-02,-0.2312962184978E-02, 0.4768273510774E-02, 0.1955675392728E-04,-0.2206721090180E-02
-0.1493801045094E-02, 0.5453025066182E-02, 0.7513046020501E-03,-0.1256319368143E-02, 0.3935364317617E-02,-0.1028653975462E-02, 0.6666484009527E-02, 0.1620014325790E-02,-0.8729026118532E-03
-0.1616713260975E-02, 0.5122993951102E-02, 0.5080606467776E-03,-0.1462609362294E-02, 0.3637847590054E-02,-0.9916629280467E-03, 0.6468733141204E-02, 0.1338297333860E-02,-0.1120102879175E-02
-0.1750152634450E-02, 0.4861998032282E-02, 0.2704170541391E-03,-0.1684652100934E-02, 0.3338337123400E-02,-0.1191502436537E-02, 0.6264771564787E-02, 0.1149977496523E-02,-0.1313286585536E-02
-0.1900901538949E-02, 0.4651930464772E-02, 0.6520982280651E-04,-0.1886655994457E-02, 0.3061652452717E-02,-0.1481574459695E-02, 0.6043093444113E-02, 0.1001709424922E-02,-0.1464003109579E-02
-0.1913826981431E-02, 0.4720353380292E-02, 0.7963051427050E-04,-0.1900969828088E-02, 0.3084167637650E-02,-0.1476933250206E-02, 0.6066791435257E-02, 0.1048565276723E-02,-0.1435700154698E-02
-0.2281457434739E-02, 0.4312153003875E-02,-0.1405515612529E-03,-0.2087380887722E-02, 0.2676038639507E-02,-0.1746023885068E-02, 0.5500564225343E-02, 0.6119470235010E-03,-0.1684232125274E-02
-0.2338742970664E-02, 0.4103546036705E-02,-0.2806883528155E-03,-0.2138231586267E-02, 0.2589940776241E-02,-0.1818490093768E-02, 0.5388104272987E-02, 0.4874435612635E-03,-0.1834670025352E-02
-0.2418744039382E-02, 0.3910346712674E-02,-0.4506145137125E-03,-0.2249030300737E-02, 0.2495800943267E-02,-0.1935779848504E-02, 0.5245574452404E-02, 0.3669052709336E-03,-0.1968414675622E-02
-0.2604993496473E-02, 0.3763469882497E-02,-0.6540440211785E-03,-0.2489493917119E-02, 0.2334233141635E-02,-0.2161390060793E-02, 0.4971020033909E-02, 0.2181171622056E-03,-0.2052784442615E-02
-0.1433332619072E-02, 0.5492930283104E-02, 0.7901005935970E-03,-0.1201106737084E-02, 0.4006380131889E-02,-0.9505641617591E-03, 0.6724583748246E-02, 0.1663989364557E-02,-0.8296439356473E-03
-0.1556558283670E-02, 0.5163882694225E-02, 0.5472379113272E-03,-0.1407282615827E-02, 0.3709487610339E-02,-0.9139481419250E-03, 0.6527661155744E-02, 0.1382771177017E-02,-0.1076574630479E-02
-0.1690478526985E-02, 0.4903622371316E-02, 0.3097907235860E-03,-0.1629407898924E-02, 0.3410670397752E-02,-0.1114128036644E-02, 0.6324458001786E-02, 0.1194715366291E-02,-0.1269683675883E-02
-0.1841764446077E-02, 0.4694082470104E-02, 0.1046343746155E-03,-0.1831627701236E-02, 0.3134612960176E-02,-0.1404534440555E-02, 0.6103471218179E-02, 0.1046570904193E-02,-0.1420457371361E-02
-0.1854674987287E-02, 0.4762490442137E-02, 0.1190480827152E-03,-0.1845911012981E-02, 0.3157137898624E-02,-0.1399888384293E-02, 0.6127250467946E-02, 0.1093395169211E-02,-0.1392160131466E-02
-0.2223117699826E-02, 0.4354896555693E-02,-0.1013044300450E-03,-0.2032931322947E-02, 0.2749515274257E-02,-0.1669749154504E-02, 0.5562134489246E-02, 0.6570119131287E-03,-0.1640943910548E-02
-0.2280771417575E-02, 0.4146525414927E-02,-0.2414842735628E-03,-0.2084055305353E-02, 0.2663393980339E-02,-0.1742760013524E-02, 0.5449782739577E-02, 0.5324904748775E-03,-0.1791470074713E-02
-0.2361196273481E-02, 0.3953516696768E-02,-0.4114629321301E-03,-0.2195139532738E-02, 0.2569236973401E-02,-0.1859835297497E-02, 0.5307415372922E-02, 0.4119052427391E-03,-0.1925349986200E-02
-0.2547982075724E-02, 0.3806781309949E-02,-0.6149842964405E-03,-0.2435918103059E-02, 0.2407803694158E-02,-0.2083821574114E-02, 0.5033362369142E-02, 0.2630793426578E-03,-0.2009957508217E-02
-0.1368571794812E-02, 0.5540917271194E-02, 0.8469355146093E-03,-0.1124458894806E-02, 0.4085213043993E-02,-0.8654964235210E-03, 0.6784836219646E-02, 0.1717608404610E-02,-0.7747015505904E-03
-0.1492093518347E-02, 0.5213019094474E-02, 0.6045008822799E-03,-0.1330534908799E-02, 0.3789102102944E-02,-0.8292428828759E-03, 0.6588910818420E-02, 0.1436988637632E-02,-0.1021333681073E-02
-0.1626512745677E-02, 0.4953582758270E-02, 0.3672559746445E-03,-0.1552803592191E-02, 0.3491099590905E-02,-0.1029762118971E-02, 0.6386553230719E-02, 0.1249248763335E-02,-0.1214361589033E-02
-0.1778371778881E-02, 0.4744602534938E-02, 0.1621241134950E-03,-0.1755327778865E-02, 0.3215753125789E-02,-0.1320514281948E-02, 0.6166289701571E-02, 0.1101245602585E-02,-0.1365205251231E-02
-0.1791262155370E-02, 0.4813059870005E-02, 0.1765474566017E-03,-0.1769572609353E-02, 0.3238326701791E-02,-0.1315857614036E-02, 0.6190243794115E-02, 0.1148056532407E-02,-0.1336904296565E-02
-0.2160578471227E-02, 0.4405987516304E-02,-0.4410718217807E-04,-0.1957393997606E-02, 0.2831218807973E-02,-0.1586557989120E-02, 0.5626149799041E-02, 0.7118767051829E-03,-0.1586019745402E-02
-0.2218636038099E-02, 0.4197841569108E-02,-0.1843930412070E-03,-0.2008876510586E-02, 0.2745061965991E-02,-0.1660158580366E-02, 0.5513891154864E-02, 0.5873108882840E-03,-0.1736680780732E-02
-0.2299526680860E-02, 0.4004992525598E-02,-0.3544928478753E-03,-0.2120353785377E-02, 0.2650868265191E-02,-0.1777026367644E-02, 0.5371654776017E-02, 0.4666442038809E-03,-0.1870745323853E-02
-0.2486898096077E-02, 0.3858332282478E-02,-0.5581819573160E-03,-0.2361597191533E-02, 0.2489554902999E-02,-0.1999322379145E-02, 0.5098051707952E-02, 0.3177416854448E-03,-0.1955639111483E-02
-0.1274077077682E-02, 0.5627433872610E-02, 0.9578610205385E-03,-0.1003009136328E-02, 0.4176835947003E-02,-0.7692677138829E-03, 0.6863311640063E-02, 0.1817524969625E-02,-0.6777342996647E-03
-0.1398051824543E-02, 0.5301166638414E-02, 0.7159207279442E-03,-0.1209019451127E-02, 0.3882079003479E-02,-0.7333935754856E-03, 0.6668866949626E-02, 0.1537655068438E-02,-0.9240982705012E-03
-0.1533260950049E-02, 0.5042771179799E-02, 0.4787875320845E-03,-0.1431617448424E-02, 0.3585242597866E-02,-0.9342954745674E-03, 0.6467602358299E-02, 0.1350233867188E-02,-0.1117161024814E-02
-0.1686040416703E-02, 0.4834387041224E-02, 0.2734870164559E-03,-0.1634716059641E-02, 0.3310797981694E-02,-0.1225465424855E-02, 0.6248155471005E-02, 0.1202279094758E-02,-0.1268247302759E-02
-0.1698895587109E-02, 0.4903057668640E-02, 0.2879697355037E-03,-0.1648905465601E-02, 0.3333536741745E-02,-0.1220781007402E-02, 0.6272520477131E-02, 0.1249135492622E-02,-0.1239911691097E-02
-0.2069654223473E-02, 0.4496210902030E-02, 0.6648635987712E-04,-0.1838066849516E-02, 0.2926969123797E-02,-0.1492577533958E-02, 0.5709265228207E-02, 0.8128397519057E-03,-0.1489789390156E-02
-0.2128338293657E-02, 0.4288257722756E-02,-0.7412227225742E-04,-0.1890128788061E-02, 0.2840768020482E-02,-0.1566833104920E-02, 0.5597058774783E-02, 0.6880785832236E-03,-0.1640789029838E-02
-0.2209960583220E-02, 0.4095462393813E-02,-0.2445906430670E-03,-0.2002269632370E-02, 0.2746496927420E-02,-0.1683725427123E-02, 0.5454864898082E-02, 0.5671432283423E-03,-0.1775259176365E-02
-0.2398286173297E-02, 0.3948625857788E-02,-0.4487594046352E-03,-0.2244355289959E-02, 0.2585246689481E-02,-0.1904882305790E-02, 0.5181573696660E-02, 0.4179237962403E-03,-0.1860688411876E-02
-0.1701143536584E-02, 0.6226023895547E-02, 0.9470630893027E-03,-0.1548895383472E-02, 0.4564531331454E-02,-0.1005946592529E-02,-0.2494455427177E-02, 0.2027696922185E-02,-0.1009634010067E-02
-0.1824929422667E-02, 0.5873347421851E-02, 0.6936253279323E-03,-0.1759063255219E-02, 0.4243072494659E-02,-0.9697903629020E-03,-0.2422414660249E-02, 0.1732650337294E-02,-0.1263100483582E-02
-0.1956917946719E-02, 0.5595255243594E-02, 0.4488977437518E-03,-0.1982634486142E-02, 0.3926858783368E-02,-0.1172945790123E-02,-0.2549862015041E-02, 0.1535700590536E-02,-0.1459529000895E-02
-0.2105686880074E-02, 0.5371679010264E-02, 0.2387224104111E-03,-0.2184663873212E-02, 0.3638083015611E-02,-0.1467175998752E-02,-0.2770460557311E-02, 0.1381076162024E-02,-0.1611766489374E-02
-0.2115956205029E-02, 0.5445111863814E-02, 0.2568309573584E-03,-0.2196892487186E-02, 0.3664409193607E-02,-0.1459555373905E-02,-0.2806386433949E-02, 0.1432324862902E-02,-0.1580468213345E-02
-0.2487877060031E-02, 0.5007800976337E-02, 0.2539679084898E-04,-0.2384316303678E-02, 0.3231616582836E-02,-0.1735913258476E-02,-0.3065763467316E-02, 0.9757171801949E-03,-0.1835056089314E-02
-0.2544725290406E-02, 0.4787875277717E-02,-0.1192154508065E-03,-0.2434596948397E-02, 0.3138947424476E-02,-0.1811342752782E-02,-0.3115425374359E-02, 0.8456015828138E-03,-0.1987867521583E-02
-0.2624130399317E-02, 0.4583875910460E-02,-0.2940093331238E-03,-0.2545407938501E-02, 0.3038050760904E-02,-0.1925197932501E-02,-0.3187878584533E-02, 0.7196233530781E-03,-0.2123513318504E-02
-0.2810133475465E-02, 0.4426740963918E-02,-0.5026463706619E-03,-0.2786919818286E-02, 0.2867473934197E-02,-0.2135767629467E-02,-0.3349211349165E-02, 0.5646035699555E-03,-0.2208535937417E-02
-0.1569868759974E-02, 0.6332814707487E-02, 0.1067237848796E-02,-0.1417383373773E-02, 0.4688310092301E-02,-0.8678400679014E-03,-0.2386096809289E-02, 0.2064886090218E-02,-0.9761498097795E-03
-0.1694897681347E-02, 0.5981582207832E-02, 0.8137783404864E-03,-0.1628172985102E-02, 0.4367893354146E-02,-0.8327459848869E-03,-0.2315220976290E-02, 0.1770511629582E-02,-0.1229347938724E-02
-0.1828605707915E-02, 0.5704219071628E-02, 0.5685101281603E-03,-0.1852887495798E-02, 0.4052465650704E-02,-0.1037089695100E-02,-0.2444056332690E-02, 0.1573654955385E-02,-0.1426019404029E-02
-0.1979204068710E-02, 0.5480926746047E-02, 0.3575143266968E-03,-0.2056295590787E-02, 0.3764225523227E-02,-0.1332537131029E-02,-0.2666086304179E-02, 0.1418838050576E-02,-0.1578759919070E-02
-0.1989408472562E-02, 0.5554606805857E-02, 0.3757327186478E-03,-0.2068478907008E-02, 0.3790763282828E-02,-0.1324840089202E-02,-0.2701967408510E-02, 0.1470185745479E-02,-0.1547490395085E-02
-0.2363916709118E-02, 0.5117360315458E-02, 0.1426644158745E-03,-0.2258267273352E-02, 0.3358102161173E-02,-0.1603406910001E-02,-0.2963663795190E-02, 0.1013411480911E-02,-0.1802830951868E-02
-0.2421739206847E-02, 0.4897644126514E-02,-0.2419001909326E-05,-0.2309397991940E-02, 0.3265316589184E-02,-0.1679879668045E-02,-0.3014171022863E-02, 0.8832369801276E-03,-0.1955762136294E-02
-0.2502304022801E-02, 0.4693664262956E-02,-0.1778004349252E-03,-0.2421199479154E-02, 0.3164221940875E-02,-0.1794003915337E-02,-0.3087626621434E-02, 0.7570794776227E-03,-0.2091680457366E-02
-0.2689934806884E-02, 0.4536189455646E-02,-0.3873741634108E-03,-0.2664102372811E-02, 0.2993448354488E-02,-0.2003499334534E-02,-0.3250382627995E-02, 0.6016823300796E-03,-0.2177378433557E-02
-0.1418669223454E-02, 0.6460458393193E-02, 0.1206073294781E-02,-0.1281813039374E-02, 0.4795813378099E-02,-0.7479321941863E-03,-0.2287045747238E-02, 0.2155988754623E-02,-0.8594292582974E-03
-0.1544823021495E-02, 0.6111223680644E-02, 0.9529244895819E-03,-0.1492905329553E-02, 0.4477100778543E-02,-0.7135891268969E-03,-0.2217172624048E-02, 0.1862464394807E-02,-0.1112634618467E-02
-0.1680176575034E-02, 0.5835015719458E-02, 0.7073863736642E-03,-0.1718488160642E-02, 0.4162914524960E-02,-0.9187923563259E-03,-0.2347177368106E-02, 0.1665818560348E-02,-0.1309767249813E-02
-0.1832586326202E-02, 0.5612304468451E-02, 0.4957684173289E-03,-0.1923055986883E-02, 0.3875516747941E-02,-0.1215155692778E-02,-0.2570410139701E-02, 0.1510865580789E-02,-0.1463219218632E-02
-0.1842732475302E-02, 0.5686246436901E-02, 0.5141066427657E-03,-0.1935191220110E-02, 0.3902324467949E-02,-0.1207389626847E-02,-0.2606229299306E-02, 0.1562325274491E-02,-0.1431912380212E-02
-0.2220000189937E-02, 0.5249251932239E-02, 0.2795308646100E-03,-0.2127124441785E-02, 0.3470135145968E-02,-0.1487817927970E-02,-0.2869960406663E-02, 0.1105295504551E-02,-0.1688649433886E-02
-0.2278866765814E-02, 0.5029838474764E-02, 0.1339752944038E-03,-0.2179069507870E-02, 0.3377342001358E-02,-0.1565128701508E-02,-0.2921234206272E-02, 0.9749563023582E-03,-0.1842086486470E-02
-0.2360675951668E-02, 0.4825944438789E-02,-0.4198791424358E-04,-0.2291812235671E-02, 0.3276154654538E-02,-0.1679707558633E-02,-0.2995595887776E-02, 0.8485045552867E-03,-0.1978634978193E-02
-0.2550054882974E-02, 0.4668152985124E-02,-0.2524460932395E-03,-0.2535995452159E-02, 0.3105328625662E-02,-0.1889015734063E-02,-0.3159612029534E-02, 0.6926329367132E-03,-0.2065267515929E-02
-0.1268880726184E-02, 0.6588092457373E-02, 0.1340755692562E-02,-0.1158948070563E-02, 0.4887126733868E-02,-0.6459088231632E-03,-0.2192691028447E-02, 0.2273330164827E-02,-0.7123796592157E-03
-0.1395983780984E-02, 0.6241030337197E-02, 0.1088110572492E-02,-0.1370099373680E-02, 0.4570349175161E-02,-0.6120910389039E-03,-0.2123666448166E-02, 0.1980691768303E-02,-0.9656714932236E-03
-0.1532780533939E-02, 0.5966165307424E-02, 0.8425185939581E-03,-0.1596274989813E-02, 0.4257589505164E-02,-0.8178860784516E-03,-0.2254656789527E-02, 0.1784318896988E-02,-0.1163283603199E-02
-0.1686812388943E-02, 0.5744202216010E-02, 0.6304846634698E-03,-0.1801733612321E-02, 0.3971181103311E-02,-0.1114899042956E-02,-0.2478908986728E-02, 0.1629289235504E-02,-0.1317446947218E-02
-0.1696909240343E-02, 0.5818376459572E-02, 0.6489312612477E-03,-0.1813822472394E-02, 0.3998255711405E-02,-0.1107076814987E-02,-0.2514660821312E-02, 0.1680848452227E-02,-0.1286077821039E-02
-0.2076747020688E-02, 0.5381801240100E-02, 0.4131105726670E-03,-0.2007534649887E-02, 0.3566751621780E-02,-0.1388999151431E-02,-0.2780186685455E-02, 0.1223570280515E-02,-0.1544351169697E-02
-0.2136600389116E-02, 0.5162741810331E-02, 0.2671464825586E-03,-0.2060185388267E-02, 0.3474018183414E-02,-0.1466974573746E-02,-0.2832156103953E-02, 0.1093023141887E-02,-0.1698418745221E-02
-0.2219583700812E-02, 0.4958994062394E-02, 0.9068314424209E-04,-0.2173732196395E-02, 0.3372816524446E-02,-0.1582033138484E-02,-0.2907335862645E-02, 0.9662425024595E-03,-0.1835697812308E-02
-0.2410601386950E-02, 0.4800971228567E-02,-0.1205153560852E-03,-0.2418972016784E-02, 0.3202054828223E-02,-0.1791524518426E-02,-0.3072468432112E-02, 0.8098970672002E-03,-0.1923289257488E-02
-0.1262216909201E-02, 0.6574264824579E-02, 0.1342812419201E-02,-0.1152161395132E-02, 0.4867862275908E-02,-0.6525030975333E-03,-0.2189544158427E-02, 0.2275542902910E-02,-0.6995569498049E-03
-0.1389432587787E-02, 0.6227431258737E-02, 0.1090177119923E-02,-0.1363323767052E-02, 0.4551433628266E-02,-0.6187566654213E-03,-0.2120604953136E-02, 0.1982945638967E-02,-0.9529059750487E-03
-0.1526347390396E-02, 0.5952990221558E-02, 0.8446357189139E-03,-0.1589542064688E-02, 0.4239026712072E-02,-0.8245331302280E-03,-0.2251648500586E-02, 0.1786659230569E-02,-0.1150586167078E-02
-0.1680478028680E-02, 0.5731568929015E-02, 0.6326805480332E-03,-0.1795056001449E-02, 0.3952973796123E-02,-0.1121476751440E-02,-0.2475930047219E-02, 0.1631757869927E-02,-0.1304815584701E-02
-0.1690624144262E-02, 0.5805317937663E-02, 0.6509897173297E-03,-0.1807167427450E-02, 0.3979755452475E-02,-0.1113725911198E-02,-0.2511704616233E-02, 0.1683127531802E-02,-0.1273478611459E-02
-0.2070453658890E-02, 0.5370294441729E-02, 0.4154982240923E-03,-0.2000929645983E-02, 0.3549259040140E-02,-0.1395442501032E-02,-0.2777228123815E-02, 0.1226407060763E-02,-0.1531794331953E-02
-0.2130317579951E-02, 0.5151554921717E-02, 0.2696435525529E-03,-0.2053596547074E-02, 0.3456785158429E-02,-0.1473288869184E-02,-0.2829220981218E-02, 0.1096001614627E-02,-0.1685877377431E-02
-0.2213313816245E-02, 0.4948231890680E-02, 0.9331723822238E-04,-0.2167158052231E-02, 0.3355901416687E-02,-0.1588453812620E-02,-0.2904427627019E-02, 0.9693894692481E-03,-0.1823174541456E-02
-0.2404353551219E-02, 0.4790938853534E-02,-0.1177026962079E-03,-0.2412420075093E-02, 0.3185608671747E-02,-0.1798494516122E-02,-0.3069586492964E-02, 0.8132806209711E-03,-0.1910799577015E-02
-0.1058880046032E-02, 0.6759881739981E-02, 0.1506406404732E-02,-0.1018388990860E-02, 0.5021525835396E-02,-0.4942589963129E-03,-0.1999625770332E-02, 0.2476030220334E-02,-0.5389225326317E-03
-0.1187124909489E-02, 0.6416173189170E-02, 0.1254789728849E-02,-0.1229228901406E-02, 0.4707586514302E-02,-0.4611561727958E-03,-0.1931868004054E-02, 0.2184702881449E-02,-0.7918397094275E-03
-0.1325687670548E-02, 0.6143603785112E-02, 0.1009519413694E-02,-0.1455761177704E-02, 0.4397154179537E-02,-0.6675759239998E-03,-0.2064417463333E-02, 0.1988839731565E-02,-0.9896660925862E-03
-0.1481710875752E-02, 0.5923117940736E-02, 0.7973035469271E-03,-0.1661994754514E-02, 0.4112526860248E-02,-0.9652295444344E-03,-0.2290339406706E-02, 0.1833846849792E-02,-0.1144417928087E-02
-0.1491745165695E-02, 0.5997490490304E-02, 0.8158467074462E-03,-0.1674013978112E-02, 0.4139880223068E-02,-0.9573554553299E-03,-0.2325987618863E-02, 0.1885465763024E-02,-0.1113013679040E-02
-0.1874708804775E-02, 0.5562174582749E-02, 0.5788675091913E-03,-0.1869601548727E-02, 0.3709879384692E-02,-0.1241083571033E-02,-0.2594561779883E-02, 0.1428096207018E-02,-0.1372762940026E-02
-0.1935855515950E-02, 0.5343809394888E-02, 0.4325357120972E-03,-0.1923045810778E-02, 0.3617300946838E-02,-0.1319995716853E-02,-0.2647740759596E-02, 0.1297253742365E-02,-0.1527419680887E-02
-0.2020356719511E-02, 0.5140512150655E-02, 0.2556205359101E-03,-0.2037437683836E-02, 0.3516198223213E-02,-0.1435447212244E-02,-0.2724325854311E-02, 0.1170032670890E-02,-0.1665432145701E-02
-0.2213404411414E-02, 0.4982530562202E-02, 0.4374133542352E-04,-0.2283667443687E-02, 0.3345805349527E-02,-0.1644350003124E-02,-0.2891337753715E-02, 0.1013132609109E-02,-0.1754075009988E-02
-0.9985210249678E-03, 0.6797968820140E-02, 0.1544442978399E-02,-0.9628931880192E-03, 0.5090423966447E-02,-0.4164840828953E-03,-0.1932455113845E-02, 0.2519047762957E-02,-0.4956029783524E-03
-0.1127008036691E-02, 0.6455447462817E-02, 0.1293301274572E-02,-0.1173581124147E-02, 0.4777256581150E-02,-0.3837084655898E-03,-0.1865067279480E-02, 0.2228325386299E-02,-0.7482061692806E-03
-0.1265977295669E-02, 0.6183786867754E-02, 0.1048327960865E-02,-0.1400153966682E-02, 0.4467676969223E-02,-0.5903736928917E-03,-0.1998043752323E-02, 0.2032826550678E-02,-0.9459143349292E-03
-0.1422465302676E-02, 0.5963974065944E-02, 0.8362586920470E-03,-0.1606562791739E-02, 0.4183830735733E-02,-0.8882531195755E-03,-0.2224418853805E-02, 0.1878049040320E-02,-0.1100683297918E-02
-0.1432487115560E-02, 0.6038381792186E-02, 0.8547954475442E-03,-0.1618556773422E-02, 0.4211196281440E-02,-0.8803776021099E-03,-0.2260024277851E-02, 0.1929634762207E-02,-0.1069291470962E-02
-0.1816143563878E-02, 0.5603839966070E-02, 0.6177749081447E-03,-0.1814692693879E-02, 0.3781920824337E-02,-0.1164747990186E-02,-0.2529502228413E-02, 0.1472649132309E-02,-0.1329226906396E-02
-0.1877629192692E-02, 0.5385798439576E-02, 0.4714428215254E-03,-0.1868393051399E-02, 0.3689379517543E-02,-0.1244162374516E-02,-0.2583061177416E-02, 0.1341833721488E-02,-0.1483949253224E-02
-0.1962519044418E-02, 0.5182776066077E-02, 0.2945245042036E-03,-0.1983047591553E-02, 0.3588326415396E-02,-0.1359365365783E-02,-0.2660080653140E-02, 0.1214614442764E-02,-0.1622073003490E-02
-0.2156043037136E-02, 0.5025024448598E-02, 0.8262538048676E-04,-0.2229554248092E-02, 0.3418170846928E-02,-0.1566614944677E-02,-0.2827647419775E-02, 0.1057746123615E-02,-0.1710923938481E-02
-0.9336302762948E-03, 0.6844393314249E-02, 0.1600661668989E-02,-0.8856524004868E-03, 0.5167362532970E-02,-0.3314845820921E-03,-0.1866517896979E-02, 0.2571929467390E-02,-0.4403495850433E-03
-0.1062331287460E-02, 0.6503262478780E-02, 0.1350062544914E-02,-0.1096193383543E-02, 0.4855136776525E-02,-0.2990132972393E-03,-0.1799495341746E-02, 0.2281928311064E-02,-0.6925990695991E-03
-0.1201716110463E-02, 0.6232614776533E-02, 0.1105410182394E-02,-0.1322857022612E-02, 0.4546538556906E-02,-0.5059137950981E-03,-0.1932870640761E-02, 0.2086855705383E-02,-0.8901741641422E-03
-0.1358698217091E-02, 0.6013507193176E-02, 0.8934753360556E-03,-0.1529519791842E-02, 0.4263560927014E-02,-0.8040231326207E-03,-0.2159662569153E-02, 0.1932317046529E-02,-0.1044966940761E-02
-0.1368700446125E-02, 0.6088043971250E-02, 0.9120276777495E-03,-0.1541480980693E-02, 0.4290989918252E-02,-0.7961373376798E-03,-0.2195212716264E-02, 0.1983894865148E-02,-0.1013578192033E-02
-0.1753108168372E-02, 0.5654140325811E-02, 0.6748412104283E-03,-0.1738348617375E-02, 0.3862439648034E-02,-0.1081216554466E-02,-0.2465571414572E-02, 0.1527263154033E-02,-0.1273773828576E-02
-0.1814967855925E-02, 0.5436431338022E-02, 0.5284531658041E-03,-0.1792389788576E-02, 0.3769923743484E-02,-0.1161178060942E-02,-0.2519508740557E-02, 0.1396450561517E-02,-0.1428605926728E-02
-0.1900288033383E-02, 0.5233659517004E-02, 0.3514709345753E-03,-0.1907411475722E-02, 0.3668899446242E-02,-0.1276137324597E-02,-0.2596958985464E-02, 0.1269199360159E-02,-0.1566888316273E-02
-0.2094336712221E-02, 0.5076040514888E-02, 0.1394843676933E-03,-0.2154335686553E-02, 0.3498963094323E-02,-0.1481660265535E-02,-0.2765065386849E-02, 0.1112323416460E-02,-0.1655994388636E-02
-0.8384883448019E-03, 0.6929312063342E-02, 0.1711093455402E-02,-0.7629660212380E-03, 0.5257522571427E-02,-0.2348170533603E-03,-0.1788058213164E-02, 0.2671239697556E-02,-0.3425074689261E-03
-0.9675184729941E-03, 0.6590172369965E-02, 0.1461174849570E-02,-0.9733669776489E-03, 0.4946858998183E-02,-0.2026252089620E-03,-0.1721524532241E-02, 0.2382188496543E-02,-0.5943970648566E-03
-0.1107572978776E-02, 0.6320839209155E-02, 0.1216817265399E-02,-0.1200278198193E-02, 0.4639622814831E-02,-0.4097765575458E-03,-0.1855425602191E-02, 0.2187595746465E-02,-0.7919257715530E-03
-0.1265365892859E-02, 0.6102525942528E-02, 0.1004876751424E-02,-0.1407438743918E-02, 0.4357721672432E-02,-0.7081702497970E-03,-0.2082761635379E-02, 0.2033238538488E-02,-0.9468926216733E-03
-0.1275326699321E-02, 0.6177388042124E-02, 0.1023510507143E-02,-0.1419349137667E-02, 0.4385367416063E-02,-0.7002464403279E-03,-0.2118230138564E-02, 0.2084884227776E-02,-0.9154756076533E-03
-0.1661023068772E-02, 0.5743812538288E-02, 0.7856711281942E-03,-0.1617464055106E-02, 0.3957555114730E-02,-0.9862812680414E-03,-0.2389739440923E-02, 0.1628339113496E-02,-0.1176336882817E-02
-0.1723472188856E-02, 0.5526463354338E-02, 0.6390379237421E-03,-0.1672064630041E-02, 0.3865064271590E-02,-0.1066851504649E-02,-0.2444164763011E-02, 0.1497399568687E-02,-0.1331470475022E-02
-0.1809480776670E-02, 0.5323874719415E-02, 0.4617740373539E-03,-0.1787716236681E-02, 0.3764032273352E-02,-0.1181797884311E-02,-0.2522173599909E-02, 0.1369946438384E-02,-0.1470122079751E-02
-0.2004408166949E-02, 0.5166113286204E-02, 0.2494216539963E-03,-0.2035413189133E-02, 0.3594257035834E-02,-0.1386145150577E-02,-0.2690985378066E-02, 0.1212839449623E-02,-0.1559724475580E-02
-0.1158950872265E-02,-0.2496284817725E-02, 0.1820477033988E-02,-0.1213663310669E-02, 0.5776491397443E-02,-0.3622717629998E-03,-0.2363348851277E-02, 0.3001792128225E-02,-0.5748029147589E-03
-0.1289689257758E-02,-0.2725002840974E-02, 0.1556689113774E-02,-0.1429493243292E-02, 0.5435785647699E-02,-0.3314052633995E-03,-0.2292369436770E-02, 0.2695119693704E-02,-0.8352170597192E-03
-0.1428317913996E-02,-0.2868175406219E-02, 0.1302460716794E-02,-0.1658611786984E-02, 0.5106483746544E-02,-0.5427190135236E-03,-0.2423285647415E-02, 0.2488930100272E-02,-0.1037360898717E-02
-0.1583787887392E-02,-0.2974174016758E-02, 0.1083566701416E-02,-0.1865860438621E-02, 0.4808025197689E-02,-0.8460933751369E-03,-0.2648542801113E-02, 0.2326092405517E-02,-0.1194594960499E-02
-0.1590919251178E-02,-0.2951799620034E-02, 0.1105971184172E-02,-0.1875499679619E-02, 0.4839146314049E-02,-0.8350385993055E-03,-0.2682756475046E-02, 0.2382268529273E-02,-0.1159872693765E-02
-0.1981055971317E-02,-0.3268135386914E-02, 0.8548812489494E-03,-0.2074114053228E-02, 0.4381396171725E-02,-0.1128545379891E-02,-0.2951861209271E-02, 0.1901948942394E-02,-0.1427775867397E-02
-0.2042621380883E-02,-0.3356022636380E-02, 0.7029620141992E-03,-0.2127653151595E-02, 0.4281189301260E-02,-0.1211727331337E-02,-0.3003894966606E-02, 0.1764472556307E-02,-0.1585565742946E-02
-0.2127474759954E-02,-0.3437200319579E-02, 0.5199662929620E-03,-0.2242818572393E-02, 0.4172231424360E-02,-0.1323137385131E-02,-0.3079248657529E-02, 0.1630761512278E-02,-0.1726264937907E-02
-0.2321616401859E-02,-0.3536182979617E-02, 0.3013749746308E-03,-0.2491123911911E-02, 0.3991405464938E-02,-0.1512968643498E-02,-0.3245224955602E-02, 0.1466342144114E-02,-0.1816455730789E-02
-0.1028788225748E-02,-0.2370659420608E-02, 0.1938186763641E-02,-0.1082232238212E-02, 0.5895519164945E-02,-0.2253932260556E-03,-0.2254117948222E-02, 0.3037156380055E-02,-0.5418636173102E-03
-0.1160600144677E-02,-0.2600772137359E-02, 0.1674624251577E-02,-0.1298579654783E-02, 0.5556200824397E-02,-0.1954671416672E-03,-0.2184270950851E-02, 0.2731336642555E-02,-0.8019294584593E-03
-0.1300785150422E-02,-0.2745830951664E-02, 0.1420104623767E-02,-0.1528731138408E-02, 0.5228021156456E-02,-0.4077773195848E-03,-0.2316525086213E-02, 0.2525416604299E-02,-0.1004236431139E-02
-0.1457932583068E-02,-0.2853851806426E-02, 0.1200618948849E-02,-0.1737254375849E-02, 0.4930409887752E-02,-0.7121613791423E-03,-0.2543158436549E-02, 0.2362547286058E-02,-0.1161899340999E-02
-0.1464981511104E-02,-0.2831467272872E-02, 0.1223160585218E-02,-0.1746837975931E-02, 0.4961800778876E-02,-0.7010097972363E-03,-0.2577318779093E-02, 0.2418859792460E-02,-0.1127189014852E-02
-0.1857472089406E-02,-0.3150843408940E-02, 0.9707137322388E-03,-0.1947686859231E-02, 0.4504611454584E-02,-0.9965016205138E-03,-0.2848675111117E-02, 0.1938564892711E-02,-0.1395752194859E-02
-0.1919944564827E-02,-0.3239775231982E-02, 0.8184416101691E-03,-0.2002032951512E-02, 0.4404425706053E-02,-0.1080634019593E-02,-0.2901533870127E-02, 0.1801104473293E-02,-0.1553630207156E-02
-0.2005882756128E-02,-0.3322196912974E-02, 0.6349891658963E-03,-0.2118132076664E-02, 0.4295414182393E-02,-0.1192265303704E-02,-0.2977865926088E-02, 0.1667292442975E-02,-0.1694567233622E-02
-0.2201534589094E-02,-0.3423007834486E-02, 0.4156309146503E-03,-0.2367734084042E-02, 0.4114600818233E-02,-0.1381038497422E-02,-0.3145226040851E-02, 0.1502599704954E-02,-0.1785381742201E-02
-0.8781655803518E-03,-0.2226533758493E-02, 0.2074743753202E-02,-0.9464537661215E-03, 0.5999172255194E-02,-0.1062840212972E-03,-0.2154043321097E-02, 0.3126182047447E-02,-0.4253525727283E-03
-0.1010904422774E-02,-0.2457975233739E-02, 0.1811774302104E-02,-0.1162986097331E-02, 0.5661898112780E-02,-0.7695479542115E-04,-0.2085152861502E-02, 0.2821472607756E-02,-0.6852899353663E-03
-0.1152545570444E-02,-0.2604878420244E-02, 0.1557262772402E-02,-0.1393882673825E-02, 0.5335278095377E-02,-0.2899300021027E-03,-0.2218516147188E-02, 0.2615985870139E-02,-0.8879365623912E-03
-0.1311329550898E-02,-0.2714909873240E-02, 0.1337405330088E-02,-0.1603450738982E-02, 0.5038794460144E-02,-0.5950346159515E-03,-0.2446290167323E-02, 0.2453171053778E-02,-0.1046205968954E-02
-0.1318299226682E-02,-0.2692497110185E-02, 0.1360103435049E-02,-0.1612978176315E-02, 0.5070518310114E-02,-0.5837885210851E-03,-0.2480385819180E-02, 0.2509635049097E-02,-0.1011453285216E-02
-0.1713288120295E-02,-0.3015023799638E-02, 0.1106437371583E-02,-0.1815830308793E-02, 0.4614165364827E-02,-0.8809319635888E-03,-0.2753698367613E-02, 0.2029354061563E-02,-0.1281267181297E-02
-0.1776734285227E-02,-0.3105057121259E-02, 0.9538213159690E-03,-0.1870947011248E-02, 0.4514102901925E-02,-0.9658167644708E-03,-0.2807306560127E-02, 0.1891829477860E-02,-0.1439587737946E-02
-0.1863837151840E-02,-0.3188784452850E-02, 0.7699279570191E-03,-0.1987929922507E-02, 0.4405131767413E-02,-0.1077860978462E-02,-0.2884523389156E-02, 0.1757822902250E-02,-0.1581093386170E-02
-0.2061105806276E-02,-0.3291488122677E-02, 0.5498653554109E-03,-0.2238715240402E-02, 0.4224444415209E-02,-0.1266466101864E-02,-0.3053103285902E-02, 0.1592780884600E-02,-0.1672777969411E-02
-0.7286449577198E-03,-0.2084785445885E-02, 0.2207439856258E-02,-0.8232515657428E-03, 0.6087366462669E-02,-0.4786678405549E-05,-0.2058586123931E-02, 0.3241388580107E-02,-0.2783183072233E-03
-0.8621356063560E-03,-0.2317376262239E-02, 0.1945250332320E-02,-0.1039728608913E-02, 0.5752338212215E-02, 0.2417604803305E-04,-0.1990496304039E-02, 0.2937852819266E-02,-0.5381901998730E-03
-0.1005030561062E-02,-0.2465918462581E-02, 0.1690955209265E-02,-0.1271098931954E-02, 0.5427431084670E-02,-0.1892083161448E-03,-0.2124783378587E-02, 0.2732873632300E-02,-0.7411835935856E-03
-0.1165261878562E-02,-0.2577760839014E-02, 0.1470923869162E-02,-0.1481447266692E-02, 0.5132189303580E-02,-0.4947859043282E-03,-0.2353513566689E-02, 0.2570178585471E-02,-0.9000519102633E-03
-0.1172162454562E-02,-0.2555314161060E-02, 0.1493767323069E-02,-0.1490923128583E-02, 0.5164237893116E-02,-0.4834590521755E-03,-0.2387542265641E-02, 0.2626776427439E-02,-0.8652390330718E-03
-0.1569461828841E-02,-0.2880741288564E-02, 0.1239130066094E-02,-0.1695416898551E-02, 0.4708878674942E-02,-0.7819052862686E-03,-0.2662568159999E-02, 0.2146551177262E-02,-0.1136427000124E-02
-0.1633827510101E-02,-0.2971804307938E-02, 0.1086227679169E-02,-0.1751198492049E-02, 0.4608993252164E-02,-0.8673787165989E-03,-0.2716856340963E-02, 0.2008927947923E-02,-0.1295304406533E-02
-0.1722027373505E-02,-0.3056749719554E-02, 0.9019683506309E-03,-0.1868932645694E-02, 0.4500125845151E-02,-0.9798656368432E-03,-0.2794871200872E-02, 0.1874699269445E-02,-0.1437470607474E-02
-0.1920804202598E-02,-0.3161202920294E-02, 0.6813371169670E-03,-0.2120685390811E-02, 0.4319655019960E-02,-0.1168669294757E-02,-0.2964527306779E-02, 0.1709315817592E-02,-0.1530047268108E-02
-0.7239101314905E-03,-0.2071560422271E-02, 0.2206879769831E-02,-0.8179660365576E-03, 0.6065102105475E-02,-0.1345349421109E-04,-0.2056581153835E-02, 0.3240772867912E-02,-0.2671845476728E-03
-0.8574999490381E-03,-0.2304257151013E-02, 0.1944734978075E-02,-0.1034453453640E-02, 0.5730486145398E-02, 0.1545094996209E-04,-0.1988577904982E-02, 0.2937326981844E-02,-0.5271044834798E-03
-0.1000484710263E-02,-0.2452946256873E-02, 0.1690549611012E-02,-0.1265854883923E-02, 0.5406008432567E-02,-0.1978848187573E-03,-0.2122916520224E-02, 0.2732499984164E-02,-0.7301477151293E-03
-0.1160777689608E-02,-0.2564943741825E-02, 0.1470666527024E-02,-0.1476240237710E-02, 0.5111207018141E-02,-0.5033541527100E-03,-0.2351672514955E-02, 0.2570007949224E-02,-0.8890580141127E-03
-0.1167748589110E-02,-0.2542528010849E-02, 0.1493328822491E-02,-0.1485749670763E-02, 0.5142925763633E-02,-0.4921252552517E-03,-0.2385715099978E-02, 0.2626364598722E-02,-0.8542953717219E-03
-0.1564941400421E-02,-0.2868127856902E-02, 0.1239178641792E-02,-0.1690242357005E-02, 0.4688785289124E-02,-0.7902669256786E-03,-0.2660738704471E-02, 0.2146893064985E-02,-0.1125454900046E-02
-0.1629291248695E-02,-0.2959267619289E-02, 0.1086429453258E-02,-0.1746024617824E-02, 0.4589200168468E-02,-0.8755760799500E-03,-0.2715035928128E-02, 0.2009458083547E-02,-0.1284322099395E-02
-0.1717471119331E-02,-0.3044306340444E-02, 0.9023626649432E-03,-0.1863752017475E-02, 0.4480706511426E-02,-0.9881649717922E-03,-0.2793061931312E-02, 0.1875455475532E-02,-0.1426477487799E-02
-0.1916219532666E-02,-0.3148894387017E-02, 0.6819926999712E-03,-0.2115492809501E-02, 0.4300810043785E-02,-0.1177567020489E-02,-0.2962731234221E-02, 0.1710398290667E-02,-0.1519052828858E-02
-0.5191578673248E-03,-0.1891931327203E-02, 0.2370416817186E-02,-0.6822706655017E-03, 0.6217041407205E-02, 0.1460023030533E-03,-0.1863368635587E-02, 0.3440422040068E-02,-0.1048742182847E-03
-0.6535127472008E-03,-0.2125828644098E-02, 0.2109624599677E-02,-0.8982859910980E-03, 0.5885289641700E-02, 0.1744703173433E-03,-0.1796492326038E-02, 0.3138646901044E-02,-0.3641769294173E-03
-0.7978998020715E-03,-0.2276378871015E-02, 0.1856023133937E-02,-0.1129855771228E-02, 0.5563131299814E-02,-0.3926685907039E-04,-0.1932244545654E-02, 0.2934547583621E-02,-0.5672075602490E-03
-0.9598649641051E-03,-0.2390491954698E-02, 0.1636149516940E-02,-0.1340831770529E-02, 0.5270051358435E-02,-0.3452139108394E-03,-0.2162537664225E-02, 0.2772204447948E-02,-0.7265099965456E-03
-0.9666856738336E-03,-0.2368010019828E-02, 0.1659128571290E-02,-0.1350238680015E-02, 0.5302439155836E-02,-0.3338126613754E-03,-0.2196462059026E-02, 0.2828886062262E-02,-0.6916690741315E-03
-0.1366713338332E-02,-0.2697046479326E-02, 0.1403734217073E-02,-0.1556409485183E-02, 0.4849066584740E-02,-0.6337563790509E-03,-0.2474396077390E-02, 0.2349108162436E-02,-0.9641058285963E-03
-0.1432272345351E-02,-0.2789438588405E-02, 0.1250626568046E-02,-0.1612926361837E-02, 0.4749502868892E-02,-0.7200528451189E-03,-0.2529860392564E-02, 0.2211366796193E-02,-0.1123479441957E-02
-0.1521873000367E-02,-0.2875960554827E-02, 0.1066096682525E-02,-0.1731434867179E-02, 0.4640910141700E-02,-0.8328668142172E-03,-0.2609238486800E-02, 0.2076875244969E-02,-0.1266287104040E-02
-0.1722479129424E-02,-0.2982652348217E-02, 0.8450278826840E-03,-0.1984064713062E-02, 0.4461052309156E-02,-0.1021073797637E-02,-0.2780698140101E-02, 0.1911167481772E-02,-0.1359816502721E-02
-0.4591423327522E-03,-0.1845599314667E-02, 0.2407499192069E-02,-0.6267243234035E-03, 0.6283501704355E-02, 0.2231877120622E-03,-0.1795524966433E-02, 0.3482277138807E-02,-0.6169247418341E-04
-0.5936545203177E-03,-0.2079652235404E-02, 0.2147287671450E-02,-0.8425397159886E-03, 0.5952686669968E-02, 0.2513857193391E-03,-0.1729005839979E-02, 0.3181225429180E-02,-0.3206265259318E-03
-0.7383596638302E-03,-0.2230620575647E-02, 0.1894096738190E-02,-0.1074096099631E-02, 0.5631552696957E-02, 0.3751335428023E-04,-0.1865155261268E-02, 0.2977601829584E-02,-0.5234853002911E-03
-0.9007039742339E-03,-0.2345259240415E-02, 0.1674477577306E-02,-0.1285194868116E-02, 0.5339417790755E-02,-0.2685341587071E-03,-0.2095865129306E-02, 0.2815575722219E-02,-0.6827556019904E-03
-0.9075132670518E-03,-0.2322783261256E-02, 0.1697452667210E-02,-0.1294580974992E-02, 0.5371829968749E-02,-0.2571334472950E-03,-0.2129749185896E-02, 0.2872225010812E-02,-0.6479332180226E-03
-0.1308094939492E-02,-0.2652567163603E-02, 0.1442159312733E-02,-0.1501225134743E-02, 0.4919417200509E-02,-0.5575737308374E-03,-0.2408533801653E-02, 0.2392993512987E-02,-0.9204780063263E-03
-0.1373958306553E-02,-0.2745260123004E-02, 0.1289099137613E-02,-0.1557977158301E-02, 0.4819955622629E-02,-0.6443230848112E-03,-0.2464364813919E-02, 0.2255328709004E-02,-0.1079889403466E-02
-0.1463906250669E-02,-0.2832153700080E-02, 0.1104621253936E-02,-0.1676719902849E-02, 0.4711485078055E-02,-0.7568506705977E-03,-0.2544160135097E-02, 0.2120892460148E-02,-0.1222779023582E-02
-0.1664918262413E-02,-0.2939378859184E-02, 0.8836129017007E-03,-0.1929577964006E-02, 0.4531979483145E-02,-0.9433753781020E-03,-0.2716144658829E-02, 0.1955293032450E-02,-0.1316480436421E-02
-0.3943464932006E-03,-0.1793816187244E-02, 0.2462876346750E-02,-0.5491637401273E-03, 0.6358222399345E-02, 0.3078474884325E-03,-0.1728741930262E-02, 0.3534210550992E-02,-0.6339495085861E-05
-0.5289757267042E-03,-0.2028011384706E-02, 0.2203335927175E-02,-0.7647722549637E-03, 0.6028526761468E-02, 0.3358096996793E-03,-0.1662569215716E-02, 0.3234016385388E-02,-0.2648527558373E-03
-0.6739982458814E-03,-0.2179427114308E-02, 0.1950598931453E-02,-0.9963530008679E-03, 0.5708553596607E-02, 0.1218220605765E-03,-0.1799083300900E-02, 0.3030940568381E-02,-0.4675154308198E-03
-0.8367438923515E-03,-0.2294642155522E-02, 0.1731237189304E-02,-0.1207642244479E-02, 0.5417454869838E-02,-0.1843225075463E-03,-0.2030170639313E-02, 0.2869260358473E-02,-0.6267536003338E-03
-0.8435314894904E-03,-0.2272168171762E-02, 0.1754237453063E-02,-0.1216999255403E-02, 0.5449953990415E-02,-0.1729090041236E-03,-0.2064004763149E-02, 0.2925911329507E-02,-0.5919396183839E-03
-0.1244723933648E-02,-0.2602785290664E-02, 0.1498926784610E-02,-0.1424291291382E-02, 0.4998488590876E-02,-0.4739107455346E-03,-0.2343610889828E-02, 0.2447195793963E-02,-0.8646607441572E-03
-0.1310926099409E-02,-0.2695812822372E-02, 0.1345866600808E-02,-0.1481361636863E-02, 0.4899119913539E-02,-0.5611575230323E-03,-0.2399808673086E-02, 0.2309585910683E-02,-0.1024150959456E-02
-0.1401262716212E-02,-0.2783120921441E-02, 0.1161388573813E-02,-0.1600438725995E-02, 0.4790750229677E-02,-0.6734013586181E-03,-0.2480019336651E-02, 0.2175172014954E-02,-0.1167167548150E-02
-0.1602728549783E-02,-0.2890942031326E-02, 0.9403818119582E-03,-0.1853654705503E-02, 0.4611571553325E-02,-0.8581637166063E-03,-0.2652513711752E-02, 0.2009639897952E-02,-0.1261086968593E-02
-0.2988211146233E-03,-0.1707446085367E-02, 0.2572472418870E-02,-0.4256061807783E-03, 0.6446587378118E-02, 0.4046919485454E-03,-0.1648932464302E-02, 0.3632611827331E-02, 0.9208329543911E-04
-0.4336343399651E-03,-0.1942009060310E-02, 0.2313820285766E-02,-0.6409802016880E-03, 0.6118681556860E-02, 0.4324895584516E-03,-0.1583212098123E-02, 0.3333588347096E-02,-0.1659599783056E-03
-0.5791869678177E-03,-0.2094216362313E-02, 0.2061581334521E-02,-0.8727079501798E-03, 0.5800282980860E-02, 0.2184008871211E-03,-0.1720201591521E-02, 0.3131168534487E-02,-0.3684793663451E-03
-0.7426166657709E-03,-0.2210401558123E-02, 0.1842394398419E-02,-0.1084401685868E-02, 0.5510447878311E-02,-0.8787691077978E-04,-0.1951780019785E-02, 0.2969814206682E-02,-0.5278100050980E-03
-0.7493503212737E-03,-0.2187910847132E-02, 0.1865506710396E-02,-0.1093708250691E-02, 0.5543216036619E-02,-0.7640841938325E-04,-0.1985541513485E-02, 0.3026563480385E-02,-0.4929704058874E-03
-0.1151657942339E-02,-0.2520039898153E-02, 0.1609731904779E-02,-0.1302136157290E-02, 0.5092693006351E-02,-0.3782112676279E-03,-0.2266219982065E-02, 0.2548149274198E-02,-0.7662455804176E-03
-0.1218405325869E-02,-0.2613642862900E-02, 0.1456513565287E-02,-0.1359736628311E-02, 0.4993430421814E-02,-0.4660127209627E-03,-0.2322895350649E-02, 0.2410488623545E-02,-0.9259915838900E-03
-0.1309379589993E-02,-0.2701648912180E-02, 0.1271850500774E-02,-0.1479399714761E-02, 0.4885131863977E-02,-0.5782023681617E-03,-0.2403650253737E-02, 0.2275946050401E-02,-0.1069333295887E-02
-0.1511637522531E-02,-0.2810468462024E-02, 0.1050602713808E-02,-0.1733305760557E-02, 0.4706212927146E-02,-0.7617542171677E-03,-0.2576816648485E-02, 0.2110274205105E-02,-0.1163703389895E-02
-0.5076638673713E-03,-0.2362526716908E-02, 0.2805537169052E-02,-0.7752300393478E-03, 0.7099844899555E-02, 0.3906394319981E-03,-0.2135446368067E-02, 0.4086295698504E-02,-0.3564573673550E-04
-0.6462966397062E-03,-0.2596333753648E-02, 0.2530440671644E-02,-0.9974808933250E-03, 0.6738378471054E-02, 0.4153575910691E-03,-0.2066240391536E-02, 0.3767026047439E-02,-0.3038078107283E-03
-0.7924199937470E-03,-0.2743285846079E-02, 0.2265858533779E-02,-0.1232826956259E-02, 0.6395072798273E-02, 0.1950088330328E-03,-0.2201294723721E-02, 0.3550796053117E-02,-0.5123454145756E-03
-0.9553996195087E-03,-0.2852556832713E-02, 0.2037466354263E-02,-0.1445932049423E-02, 0.6086316740814E-02,-0.1183609883619E-03,-0.2431854384472E-02, 0.3379033915490E-02,-0.6751927874975E-03
-0.9591023134556E-03,-0.2827662877633E-02, 0.2064424784971E-02,-0.1452669844313E-02, 0.6122324146158E-02,-0.1036138494468E-03,-0.2464062986015E-02, 0.3440417799564E-02,-0.6367295511633E-03
-0.1369390446255E-02,-0.3154750842631E-02, 0.1791954265492E-02,-0.1664074611528E-02, 0.5638008910276E-02,-0.4159804062319E-03,-0.2744469771057E-02, 0.2934626010134E-02,-0.9195537974472E-03
-0.1436288909096E-02,-0.3245611622208E-02, 0.1632082368784E-02,-0.1721413947202E-02, 0.5529725804443E-02,-0.5079217456637E-03,-0.2799384794969E-02, 0.2789172875650E-02,-0.1082884629339E-02
-0.1527260403068E-02,-0.3329896792724E-02, 0.1440189635931E-02,-0.1841531671272E-02, 0.5412148774760E-02,-0.6161057489976E-03,-0.2878194975303E-02, 0.2647089322323E-02,-0.1229228229448E-02
-0.1730408176783E-02,-0.3432792760074E-02, 0.1210818365988E-02,-0.2097377547723E-02, 0.5220371973624E-02,-0.7811485989116E-03,-0.3049518014069E-02, 0.2472527126922E-02,-0.1325269010477E-02
-0.3791425043238E-03,-0.2235919657594E-02, 0.2920309083571E-02,-0.6443920932888E-03, 0.7213574852550E-02, 0.5258113257925E-03,-0.2025747776278E-02, 0.4119582838883E-02,-0.3500027623577E-05
-0.5186521110693E-03,-0.2471046773015E-02, 0.2645713244848E-02,-0.8670319653697E-03, 0.6853874832523E-02, 0.5497300340330E-03,-0.1957624799718E-02, 0.3801363744371E-02,-0.2712182415248E-03
-0.6661421734841E-03,-0.2619822987630E-02, 0.2381117109510E-02,-0.1103275041179E-02, 0.6512048594882E-02, 0.3286036066880E-03,-0.2093946722427E-02, 0.3585598336331E-02,-0.4798232945550E-03
-0.8306225950601E-03,-0.2731063652922E-02, 0.2152387465663E-02,-0.1317526283096E-02, 0.6204470096751E-02, 0.1445974818087E-04,-0.2325806566040E-02, 0.3413982413647E-02,-0.6430104415307E-03
-0.8342210732422E-03,-0.2706157503386E-02, 0.2179516145334E-02,-0.1324194889618E-02, 0.6240858080380E-02, 0.2932807648134E-04,-0.2357950481393E-02, 0.3475538986531E-02,-0.6045388128792E-03
-0.1246594129664E-02,-0.3036199741466E-02, 0.1905994804861E-02,-0.1537673114776E-02, 0.5757552147512E-02,-0.2847694446275E-03,-0.2640512102519E-02, 0.2969982219876E-02,-0.8879120365856E-03
-0.1314321566070E-02,-0.3128077763865E-02, 0.1745900575155E-02,-0.1595764188892E-02, 0.5649433912286E-02,-0.3775554367884E-03,-0.2696222654659E-02, 0.2824627587884E-02,-0.1051292752457E-02
-0.1406290782398E-02,-0.3213579216505E-02, 0.1553695688401E-02,-0.1716745316896E-02, 0.5531952058151E-02,-0.4859058472570E-03,-0.2775977283487E-02, 0.2682529466178E-02,-0.1197832260318E-02
-0.1610812279036E-02,-0.3318266683006E-02, 0.1323746101469E-02,-0.1973775210066E-02, 0.5340413501229E-02,-0.6499082918853E-03,-0.2948630154571E-02, 0.2507807505026E-02,-0.1294434694987E-02
-0.2296010492080E-03,-0.2090443943556E-02, 0.3054085272754E-02,-0.5089037882260E-03, 0.7312894320113E-02, 0.6437197992916E-03,-0.1925008726673E-02, 0.4206162148467E-02, 0.1123562026174E-03
-0.3698086019160E-03,-0.2326809406652E-02, 0.2780396278211E-02,-0.7315850910354E-03, 0.6955606193912E-02, 0.6672167011973E-03,-0.1857774284765E-02, 0.3889339322190E-02,-0.1550726850441E-03
-0.5185368085602E-03,-0.2477352066290E-02, 0.2516115790441E-02,-0.9684236895221E-03, 0.6615684617748E-02, 0.4456448185497E-03,-0.1995124044695E-02, 0.3674249587458E-02,-0.3638737135500E-03
-0.6844530260613E-03,-0.2590536278545E-02, 0.2287290692586E-02,-0.1183580299954E-02, 0.6309543681598E-02, 0.1310005106071E-03,-0.2228043237049E-02, 0.3502894744071E-02,-0.5275433023871E-03
-0.6879443041167E-03,-0.2565606482913E-02, 0.2314620466071E-02,-0.1190179899141E-02, 0.6346341261610E-02, 0.1459959645271E-03,-0.2260115692098E-02, 0.3564649751934E-02,-0.4890198727829E-03
-0.1102518921318E-02,-0.2898686785217E-02, 0.2040194199189E-02,-0.1405490421725E-02, 0.5864260089256E-02,-0.1695199441311E-03,-0.2544530841373E-02, 0.3059396930528E-02,-0.7734738390035E-03
-0.1171138054104E-02,-0.2991637885272E-02, 0.1879898317133E-02,-0.1464296970834E-02, 0.5756406854505E-02,-0.2629607774901E-03,-0.2600963327484E-02, 0.2914088635844E-02,-0.9372213377133E-03
-0.1264179693683E-02,-0.3078415058870E-02, 0.1687408260327E-02,-0.1586091311629E-02, 0.5639107406476E-02,-0.3716763253798E-03,-0.2681570788173E-02, 0.2771904912579E-02,-0.1084256108630E-02
-0.1470167627571E-02,-0.3184949937805E-02, 0.1456952215387E-02,-0.1844188543763E-02, 0.5447882804498E-02,-0.5355323207030E-03,-0.2855390112398E-02, 0.2596968883254E-02,-0.1181652490708E-02
-0.8080602953471E-04,-0.1947256664557E-02, 0.3184320311042E-02,-0.3858087483791E-03, 0.7397548264326E-02, 0.7443537239164E-03,-0.1828778337787E-02, 0.4318814242987E-02, 0.2588693142469E-03
-0.2215372590016E-03,-0.2184679717700E-02, 0.2911717963708E-02,-0.6082961496824E-03, 0.7042839703612E-02, 0.7676631044529E-03,-0.1762274962016E-02, 0.4003481711218E-02,-0.8314416694534E-05
-0.3713020585813E-03,-0.2336781260520E-02, 0.2647952304982E-02,-0.8454649070156E-03, 0.6704944923545E-02, 0.5458873189916E-03,-0.1900466321848E-02, 0.3789154006578E-02,-0.2173059024074E-03
-0.5384659002880E-03,-0.2451707015004E-02, 0.2419219688999E-02,-0.1061268601153E-02, 0.6400323701908E-02, 0.2309683061256E-03,-0.2134260245841E-02, 0.3618130462849E-02,-0.3814421181562E-03
-0.5418606299395E-03,-0.2426751087796E-02, 0.2446740193466E-02,-0.1067806311185E-02, 0.6437494942814E-02, 0.2460771653835E-03,-0.2166262203000E-02, 0.3680064903593E-02,-0.3428562044201E-03
-0.9584525981385E-03,-0.2762614046899E-02, 0.2171639001810E-02,-0.1284595122941E-02, 0.5956741045061E-02,-0.7053164744864E-04,-0.2452287100539E-02, 0.3175193193252E-02,-0.6284966408200E-03
-0.1027912849661E-02,-0.2856567229654E-02, 0.2011192699863E-02,-0.1344015892731E-02, 0.5849194444009E-02,-0.1644745392654E-03,-0.2509373952016E-02, 0.3029906186964E-02,-0.7927131197213E-03
-0.1121962453551E-02,-0.2944532947074E-02, 0.1818485032053E-02,-0.1466496853874E-02, 0.5732127759885E-02,-0.2735905283556E-03,-0.2590749092740E-02, 0.2887616551278E-02,-0.9403253254593E-03
-0.1329309972786E-02,-0.3052770766758E-02, 0.1587647953159E-02,-0.1725454395439E-02, 0.5541278566700E-02,-0.4376629801595E-03,-0.2765592027580E-02, 0.2712481499891E-02,-0.1038535444377E-02
-0.7822045432050E-04,-0.1935106017517E-02, 0.3180930930270E-02,-0.3822372567496E-03, 0.7372147369536E-02, 0.7334284544126E-03,-0.1828090069051E-02, 0.4315149635816E-02, 0.2680823147826E-03
-0.2190314027633E-03,-0.2172629825848E-02, 0.2908417121508E-02,-0.6047302756126E-03, 0.7017922409285E-02, 0.7566987643394E-03,-0.1761675445310E-02, 0.3999966201901E-02, 0.8652359488380E-06
-0.3688489829165E-03,-0.2324874101933E-02, 0.2644832004651E-02,-0.8419126028388E-03, 0.6680533286374E-02, 0.5350101764907E-03,-0.1899913503188E-02, 0.3785871045460E-02,-0.2081503379338E-03
-0.5360275553657E-03,-0.2439950544811E-02, 0.2416329527144E-02,-0.1057728270438E-02, 0.6376441457576E-02, 0.2202476846559E-03,-0.2133723510115E-02, 0.3615139789633E-02,-0.3722963144419E-03
-0.5395198600908E-03,-0.2415018394845E-02, 0.2443618915061E-02,-0.1064315005473E-02, 0.6413311168644E-02, 0.2352247160939E-03,-0.2165742000905E-02, 0.3676761737760E-02,-0.3337842839793E-03
-0.9558851194948E-03,-0.2751046727099E-02, 0.2169188279962E-02,-0.1281035754795E-02, 0.5933995509403E-02,-0.8095903581446E-04,-0.2451736440840E-02, 0.3172871472372E-02,-0.6193071056409E-03
-0.1025298961500E-02,-0.2845060196496E-02, 0.2008943184603E-02,-0.1340435460617E-02, 0.5826777578861E-02,-0.1746980473034E-03,-0.2508817567422E-02, 0.3027826459785E-02,-0.7834828017676E-03
-0.1119289905484E-02,-0.2933101648316E-02, 0.1816490006925E-02,-0.1462882612739E-02, 0.5710129192896E-02,-0.2839082160980E-03,-0.2590186918675E-02, 0.2885829651889E-02,-0.9310495397662E-03
-0.1326548247964E-02,-0.3041459380251E-02, 0.1586009921076E-02,-0.1721789814063E-02, 0.5519974988168E-02,-0.4486250845504E-03,-0.2765023332495E-02, 0.2711122629178E-02,-0.1029215450777E-02
 0.1274785934414E-03,-0.1752375770732E-02, 0.3343985232692E-02,-0.2449729612112E-03, 0.7521839431037E-02, 0.8937534122264E-03,-0.1632040016318E-02, 0.4513459249748E-02, 0.4316516227091E-03
-0.1379565890972E-04,-0.1990975624588E-02, 0.3073190059002E-02,-0.4668155833604E-03, 0.7170881761508E-02, 0.9168171668016E-03,-0.1566674354500E-02, 0.4200382644184E-02, 0.1652671539775E-03
-0.1647370418833E-03,-0.2144972709544E-02, 0.2810529748533E-02,-0.7039930723556E-03, 0.6836194610628E-02, 0.6949955871108E-03,-0.1706204266104E-02, 0.3987339149115E-02,-0.4355251309727E-04
-0.3333389295211E-03,-0.2262072042111E-02, 0.2582329606168E-02,-0.9202460611985E-03, 0.6534147875115E-02, 0.3800130252749E-03,-0.1941418670134E-02, 0.3817010289810E-02,-0.2079406067897E-03
-0.3366270618718E-03,-0.2237092259963E-02, 0.2610035653369E-02,-0.9267090960442E-03, 0.6571698817012E-02, 0.3952289083005E-03,-0.1973313464863E-02, 0.3879067596952E-02,-0.1693285770765E-03
-0.7554977149552E-03,-0.2576397516132E-02, 0.2334611045278E-02,-0.1144941070434E-02, 0.6093455237069E-02, 0.7746236364995E-04,-0.2262056631482E-02, 0.3375222579560E-02,-0.4559549871248E-03
-0.8260352691838E-03,-0.2671634560228E-02, 0.2174139808163E-02,-0.1205026555195E-02, 0.5986412816504E-02,-0.1717441202357E-04,-0.2320273610476E-02, 0.3230011468411E-02,-0.6205572124508E-03
-0.9213507855395E-03,-0.2761129370031E-02, 0.1981361896290E-02,-0.1328195374514E-02, 0.5869815242560E-02,-0.1265434888245E-03,-0.2402954515024E-02, 0.3087651964571E-02,-0.7687020689732E-03
-0.1130298654862E-02,-0.2871538116276E-02, 0.1750353281927E-02,-0.1587891039234E-02, 0.5679844200975E-02,-0.2900133701680E-03,-0.2579498290134E-02, 0.2912441401535E-02,-0.8677490125099E-03
 0.1869161170080E-03,-0.1705588792497E-02, 0.3379919584994E-02,-0.1896132978545E-03, 0.7585538809230E-02, 0.9700754757842E-03,-0.1563764387527E-02, 0.4553952851503E-02, 0.4744941368885E-03
 0.4558329422521E-04,-0.1944309097419E-02, 0.3109823086763E-02,-0.4111969066103E-03, 0.7235701609866E-02, 0.9929362298751E-03,-0.1498736701040E-02, 0.4241729510269E-02, 0.2085432791952E-03
-0.1055734037404E-03,-0.2098691493315E-02, 0.2847699661523E-02,-0.6482948582858E-03, 0.6902219560345E-02, 0.7711053607336E-03,-0.1638622775586E-02, 0.4029285304740E-02,-0.4053366194229E-07
-0.2744550796029E-03,-0.2216286673080E-02, 0.2619873693453E-02,-0.8646063951554E-03, 0.6601287712973E-02, 0.4561645577806E-03,-0.1874204557098E-02, 0.3859386505710E-02,-0.1643376323024E-03
-0.2777311252560E-03,-0.2191318509621E-02, 0.2647581938141E-02,-0.8710523498390E-03, 0.6638891379611E-02, 0.4713795965857E-03,-0.1906061206696E-02, 0.3921412801331E-02,-0.1257496380025E-03
-0.6969977758754E-03,-0.2531318155798E-02, 0.2372411665533E-02,-0.1089667193573E-02, 0.6161854833891E-02, 0.1532799081237E-03,-0.2195583024751E-02, 0.3418290210327E-02,-0.4123930094110E-03
-0.7677998675285E-03,-0.2626841030290E-02, 0.2212040746852E-02,-0.1149961673617E-02, 0.6054983043430E-02, 0.5824644747509E-04,-0.2254149198269E-02, 0.3273209913546E-02,-0.5770001577017E-03
-0.8634151271759E-03,-0.2716690925507E-02, 0.2019375592905E-02,-0.1273329974421E-02, 0.5938585696526E-02,-0.5079459043311E-04,-0.2337224988517E-02, 0.3130964077865E-02,-0.7251923809893E-03
-0.1072688059055E-02,-0.2827609540426E-02, 0.1788515479605E-02,-0.1533195421140E-02, 0.5749096301307E-02,-0.2125533206355E-03,-0.2514254138196E-02, 0.2955944623658E-02,-0.8243687556531E-03
 0.2513919132357E-03,-0.1653121230994E-02, 0.3434230358888E-02,-0.1120112495540E-03, 0.7657715209049E-02, 0.1054124704292E-02,-0.1496358697412E-02, 0.4604732866749E-02, 0.5297319893303E-03
 0.1100541432710E-03,-0.1891943561336E-02, 0.3164947850213E-02,-0.3333149790006E-03, 0.7309194878940E-02, 0.1076828747189E-02,-0.1431649481601E-02, 0.4293515645536E-02, 0.2642810348785E-03
-0.4130681435514E-04,-0.2046734907457E-02, 0.2903425513616E-02,-0.5703567202317E-03, 0.6977063358247E-02, 0.8550186368812E-03,-0.1571854038686E-02, 0.4081752568076E-02, 0.5596763430626E-04
-0.2104832177961E-03,-0.2164871361380E-02, 0.2675992586633E-02,-0.7867817859736E-03, 0.6677341387935E-02, 0.5401306846635E-03,-0.1807761396169E-02, 0.3912317323284E-02,-0.1082313637396E-03
-0.2137323248533E-03,-0.2139913641290E-02, 0.2703741056608E-02,-0.7932006566436E-03, 0.6715067823219E-02, 0.5553643621808E-03,-0.1839571204335E-02, 0.3974358087535E-02,-0.6965538454720E-04
-0.6334513947366E-03,-0.2480683960726E-02, 0.2428711911668E-02,-0.1012363141896E-02, 0.6239209062306E-02, 0.2368664996774E-03,-0.2129840622344E-02, 0.3471925087366E-02,-0.3563787576658E-03
-0.7045516426039E-03,-0.2576527225500E-02, 0.2268403070654E-02,-0.1072947769916E-02, 0.6132505021996E-02, 0.1413923239558E-03,-0.2188757001442E-02, 0.3326956284291E-02,-0.5210281597122E-03
-0.8005078454796E-03,-0.2666775753104E-02, 0.2075807972302E-02,-0.1196610532546E-02, 0.6016287807798E-02, 0.3267871588864E-04,-0.2272226989196E-02, 0.3184791506507E-02,-0.6693100721073E-03
-0.1010153889921E-02,-0.2778265008109E-02, 0.1845046175377E-02,-0.1456763055715E-02, 0.5827241478042E-02,-0.1272828571690E-03,-0.2449727409093E-02, 0.3009920115537E-02,-0.7686610250710E-03
 0.3470370805808E-03,-0.1565385914433E-02, 0.3542648924830E-02, 0.1204408751199E-04, 0.7743949499294E-02, 0.1150885361762E-02,-0.1415428634009E-02, 0.4701928556417E-02, 0.6284360037576E-03
 0.2056817336162E-03,-0.1804511999958E-02, 0.3274484661062E-02,-0.2089115591814E-03, 0.7397467224564E-02, 0.1173553793474E-02,-0.1351119196549E-02, 0.4392122302072E-02, 0.3635839739358E-03
 0.5394937480713E-04,-0.1960034895117E-02, 0.3013683663527E-02,-0.4459798635748E-03, 0.7067140087385E-02, 0.9518102226659E-03,-0.1491732851940E-02, 0.4181204977731E-02, 0.1555264898169E-03
-0.1157675174515E-03,-0.2079087591305E-02, 0.2786622825777E-02,-0.6626977243321E-03, 0.6768880402203E-02, 0.6369577652410E-03,-0.1728064064020E-02, 0.4012250542577E-02,-0.8670439946767E-05
-0.1189430891145E-03,-0.2054126484692E-02, 0.2814523356633E-02,-0.6690618755328E-03, 0.6806920745842E-02, 0.6522713546550E-03,-0.1759804094187E-02, 0.4074431588084E-02, 0.2993310637441E-04
-0.5395849887386E-03,-0.2396314352339E-02, 0.2539229203829E-02,-0.8892297095939E-03, 0.6332212645597E-02, 0.3331386541587E-03,-0.2051057013604E-02, 0.3572526176574E-02,-0.2572186017986E-03
-0.6111792826666E-03,-0.2492716537333E-02, 0.2378859126133E-02,-0.9503081839042E-03, 0.6225712045592E-02, 0.2371715822163E-03,-0.2110433302246E-02, 0.3427588622650E-02,-0.4220695616088E-03
-0.7077151351304E-03,-0.2583644634912E-02, 0.2186185414320E-02,-0.1074503847754E-02, 0.6109656963042E-02, 0.1285570467755E-03,-0.2194425281276E-02, 0.3285373533680E-02,-0.5706247065240E-03
-0.9180559358894E-03,-0.2696098677280E-02, 0.1955316976165E-02,-0.1335248352457E-02, 0.5920964896888E-02,-0.3016179158645E-04,-0.2372554811560E-02, 0.3110460443839E-02,-0.6703737359309E-03
 0.2543441037201E-03,-0.2130647769255E-02, 0.3902509229567E-02,-0.2311318687710E-03,-0.1672529162425E-02, 0.1253935492752E-02,-0.1807870039923E-02, 0.5281163137669E-02, 0.6099117363277E-03
 0.1068430445919E-03,-0.2370359622244E-02, 0.3615126019764E-02,-0.4605931894294E-03,-0.1886574145741E-02, 0.1271631718235E-02,-0.1741179378399E-02, 0.4948307077379E-02, 0.3331721798796E-03
-0.4765736411901E-04,-0.2521794215416E-02, 0.3339325397012E-02,-0.7028760282864E-03,-0.2113409175277E-02, 0.1041343850777E-02,-0.1881069963457E-02, 0.4721225923067E-02, 0.1175397317254E-03
-0.2189797919809E-03,-0.2634982813852E-02, 0.3100650992033E-02,-0.9225002504060E-03,-0.2322624603790E-02, 0.7170976054272E-03,-0.2117604324558E-02, 0.4539812440395E-02,-0.5155596346679E-04
-0.2189737459319E-03,-0.2607254264884E-02, 0.3132426595608E-02,-0.9260332635529E-03,-0.2335701578850E-02, 0.7357744087880E-03,-0.2147511198377E-02, 0.4606593072873E-02,-0.9038575242263E-05
-0.6513813834312E-03,-0.2946747086834E-02, 0.2836855358283E-02,-0.1151852304689E-02,-0.2566558068776E-02, 0.4028328412563E-03,-0.2440854492729E-02, 0.4073559552624E-02,-0.3084185162937E-03
-0.7242405568711E-03,-0.3041123790215E-02, 0.2668370668522E-02,-0.1213547539528E-02,-0.2591755175076E-02, 0.3011116876943E-03,-0.2499181731814E-02, 0.3919526668620E-02,-0.4778699389729E-03
-0.8220119322805E-03,-0.3129097898511E-02, 0.2466875785600E-02,-0.1339232337085E-02,-0.2652767717918E-02, 0.1969403058444E-03,-0.2582025827224E-02, 0.3768445288229E-02,-0.6304643334962E-03
-0.1035050472279E-02,-0.3236620181963E-02, 0.2225906501089E-02,-0.1603389265546E-02,-0.2824842087805E-02, 0.6077541022876E-04,-0.2759423343700E-02, 0.3582982259220E-02,-0.7330488556139E-03
 0.3806982568878E-03,-0.2003509840290E-02, 0.4013870535035E-02,-0.1014048482024E-03,-0.1533227815705E-02, 0.1386930483608E-02,-0.1698114320932E-02, 0.5312143290986E-02, 0.6410135072960E-03
 0.2325446325746E-03,-0.2244440912496E-02, 0.3727291773094E-02,-0.3311017564088E-03,-0.1747791664522E-02, 0.1403985413342E-02,-0.1632440050190E-02, 0.4980559880835E-02, 0.3648297223293E-03
 0.7689369138996E-04,-0.2397613431288E-02, 0.3451784360120E-02,-0.5741188821452E-03,-0.1975670547461E-02, 0.1173165853720E-02,-0.1773506931967E-02, 0.4754147370691E-02, 0.1492417425744E-03
-0.9572830643326E-04,-0.2512697373811E-02, 0.3213053646951E-02,-0.7947352938785E-03,-0.2186190932980E-02, 0.8484105525678E-03,-0.2011243932528E-02, 0.4573062395978E-02,-0.2008968764366E-04
-0.9559180460130E-04,-0.2484953086543E-02, 0.3245033098930E-02,-0.7981818821429E-03,-0.2199197760047E-02, 0.8672384002488E-03,-0.2041071452667E-02, 0.4640079640040E-02, 0.2246035484609E-04
-0.5297804310639E-03,-0.2827279438611E-02, 0.2948743723369E-02,-0.1025882249202E-02,-0.2432462085591E-02, 0.5328477169786E-03,-0.2336444155058E-02, 0.4107501594539E-02,-0.2773399221688E-03
-0.6033795902388E-03,-0.2922634762512E-02, 0.2780181893559E-02,-0.1088263197360E-02,-0.2458556837144E-02, 0.4304003938191E-03,-0.2395528096306E-02, 0.3953654820443E-02,-0.4467957936724E-03
-0.7020495133614E-03,-0.3011786043965E-02, 0.2578534982846E-02,-0.1214727498064E-02,-0.2520605517878E-02, 0.3261242736496E-03,-0.2479272398335E-02, 0.3802648218325E-02,-0.5995366118011E-03
-0.9163067249625E-03,-0.3121048105386E-02, 0.2337192614562E-02,-0.1479933930476E-02,-0.2694093987058E-02, 0.1909807113952E-03,-0.2657930416739E-02, 0.3617145103853E-02,-0.7026107094033E-03
 0.5286580727063E-03,-0.1857160788986E-02, 0.4144366209827E-02, 0.3328844834131E-04,-0.1414363493822E-02, 0.1503242306345E-02,-0.1597073573785E-02, 0.5395920266758E-02, 0.7557656085972E-03
 0.3800667473787E-03,-0.2099209107607E-02, 0.3859040066211E-02,-0.1962795616942E-03,-0.1629001397976E-02, 0.1520070729604E-02,-0.1532198885433E-02, 0.5066044606741E-02, 0.4800577805255E-03
 0.2234240836765E-03,-0.2254043391948E-02, 0.3584185374573E-02,-0.4397154322435E-03,-0.1857501145939E-02, 0.1289049980007E-02,-0.1674190903499E-02, 0.4840568944244E-02, 0.2644400042170E-03
 0.4959256650493E-04,-0.2370980562560E-02, 0.3345660890922E-02,-0.6610725906656E-03,-0.2068946277111E-02, 0.9640388029588E-03,-0.1912885863387E-02, 0.4659966497377E-02, 0.9476944222716E-04
 0.4987174488774E-04,-0.2343214228141E-02, 0.3377895878386E-02,-0.6644316085577E-03,-0.2081894463873E-02, 0.9830341662955E-03,-0.1942630456654E-02, 0.4727239313581E-02, 0.1373857172013E-03
-0.3861870886251E-03,-0.2688431244797E-02, 0.3081037571612E-02,-0.8937644805644E-03,-0.2317006846692E-02, 0.6474801481217E-03,-0.2239729550237E-02, 0.4195274122973E-02,-0.1633013885739E-03
-0.4605843988916E-03,-0.2784818092761E-02, 0.2912431233735E-02,-0.9567945787654E-03,-0.2343840776982E-02, 0.5444872663227E-03,-0.2299498068349E-02, 0.4041594109570E-02,-0.3330355826124E-03
-0.5602221262906E-03,-0.2875202039800E-02, 0.2710670080890E-02,-0.1083988069682E-02,-0.2406744251581E-02, 0.4398997000558E-03,-0.2384052933424E-02, 0.3890619017939E-02,-0.4861863433807E-03
-0.7757768423206E-03,-0.2986250156798E-02, 0.2469035340963E-02,-0.1350125421225E-02,-0.2581367605967E-02, 0.3048782131604E-03,-0.2563810568341E-02, 0.3705044452507E-02,-0.5899667066071E-03
 0.6762734915478E-03,-0.1712989292416E-02, 0.4271670208550E-02, 0.1558255979072E-03,-0.1314673936603E-02, 0.1602679890709E-02,-0.1500402289443E-02, 0.5505604459713E-02, 0.9012468914621E-03
 0.5274174951796E-03,-0.1955973157072E-02, 0.3987768349244E-02,-0.7338448201425E-04,-0.1529118557411E-02, 0.1619520128471E-02,-0.1436168436631E-02, 0.5177560294166E-02, 0.6259921883421E-03
 0.3699830191758E-03,-0.2112260036119E-02, 0.3713753940491E-02,-0.3169817995044E-03,-0.1757934302997E-02, 0.1388522635688E-02,-0.1578899317381E-02, 0.4953124401825E-02, 0.4103641633930E-03
 0.1951280861974E-03,-0.2230846812664E-02, 0.3475611135925E-02,-0.5388299315512E-03,-0.1969998958923E-02, 0.1063455627317E-02,-0.1818368624207E-02, 0.4773084837104E-02, 0.2403792696582E-03
 0.1955396608059E-03,-0.2203059180884E-02, 0.3508095926701E-02,-0.5421106021152E-03,-0.1982896866084E-02, 0.1082605261293E-02,-0.1848034397414E-02, 0.4840582125411E-02, 0.2830653760121E-03
-0.2422110600388E-03,-0.2550907590695E-02, 0.3210876953877E-02,-0.7727329472671E-03,-0.2219386144035E-02, 0.7461859236263E-03,-0.2146617286139E-02, 0.4309346908180E-02,-0.1859531199526E-04
-0.3173600622858E-03,-0.2648256151492E-02, 0.3042269585403E-02,-0.8363161356801E-03,-0.2246814316415E-02, 0.6427879208933E-03,-0.2207005153909E-02, 0.4155819889360E-02,-0.1886962991712E-03
-0.4179050465883E-03,-0.2739786243511E-02, 0.2840452729258E-02,-0.9641194553454E-03,-0.2310402431020E-02, 0.5378471962942E-03,-0.2292287545659E-02, 0.4004865801025E-02,-0.3423282228831E-03
-0.6346532849232E-03,-0.2852474929275E-02, 0.2598639408416E-02,-0.1230992164424E-02,-0.2485903154609E-02, 0.4025882838731E-03,-0.2473003585971E-02, 0.3819243368216E-02,-0.4468324373581E-03
 0.6764913382465E-03,-0.1702114897816E-02, 0.4265235001735E-02, 0.1574697761742E-03,-0.1313784700308E-02, 0.1589316329998E-02,-0.1501213677555E-02, 0.5498695598981E-02, 0.9083067043107E-03
 0.5275822180808E-03,-0.1945194794808E-02, 0.3981475910442E-02,-0.7173674611945E-04,-0.1528172454981E-02, 0.1606141784661E-02,-0.1437069695391E-02, 0.5170869045301E-02, 0.6330393957138E-03
 0.3701419301282E-03,-0.2101616159917E-02, 0.3707727642273E-02,-0.3153227157446E-03,-0.1756955190081E-02, 0.1375280119127E-02,-0.1579837959236E-02, 0.4946752563554E-02, 0.4174215477319E-03
 0.1953300177912E-03,-0.2220341974352E-02, 0.3469911598794E-02,-0.5371492809082E-03,-0.1969003407093E-02, 0.1050429489281E-02,-0.1819307054683E-02, 0.4767103681972E-02, 0.2474684430608E-03
 0.1956093470520E-03,-0.2192582280631E-02, 0.3502098946896E-02,-0.5405003499021E-03,-0.1981910884729E-02, 0.1069407023125E-02,-0.1849000519072E-02, 0.4834246965588E-02, 0.2900501981916E-03
-0.2417705064255E-03,-0.2540558876051E-02, 0.3205761792179E-02,-0.7709687906786E-03,-0.2218378292785E-02, 0.7335539601902E-03,-0.2147502082765E-02, 0.4304238832219E-02,-0.1138240556483E-04
-0.3168380516378E-03,-0.2637950363567E-02, 0.3037412053811E-02,-0.8345060894923E-03,-0.2245854306185E-02, 0.6304040501294E-03,-0.2207867692967E-02, 0.4151004954028E-02,-0.1814073542342E-03
-0.4172795830185E-03,-0.2729536910412E-02, 0.2835921114738E-02,-0.9622434288232E-03,-0.2309480233892E-02, 0.5253807393708E-03,-0.2293124609713E-02, 0.4000409140691E-02,-0.3349531259975E-03
-0.6338669486420E-03,-0.2842323292749E-02, 0.2594570491958E-02,-0.1229017067095E-02,-0.2484974226360E-02, 0.3894350501487E-03,-0.2473807264831E-02, 0.3815330667505E-02,-0.4393605759970E-03
 0.8826708997898E-03,-0.1516733671771E-02, 0.4427398996219E-02, 0.2959417642932E-03,-0.1167770075471E-02, 0.1750168063314E-02,-0.1302786073024E-02, 0.5695136076081E-02, 0.1072712406808E-02
 0.7336373144734E-03,-0.1760724617048E-02, 0.4145754685570E-02, 0.6759282532789E-04,-0.1381735999452E-02, 0.1767041019818E-02,-0.1239589896910E-02, 0.5369880709848E-02, 0.7985233883330E-03
 0.5753833455532E-03,-0.1918757129885E-02, 0.3873295727209E-02,-0.1757884692064E-03,-0.1610741622007E-02, 0.1536339159428E-02,-0.1383499229507E-02, 0.5147172001472E-02, 0.5833087613051E-03
 0.3994241033001E-03,-0.2039386227188E-02, 0.3636094276944E-02,-0.3978759087528E-03,-0.1823429626553E-02, 0.1211548080803E-02,-0.1624210664020E-02, 0.4968204601597E-02, 0.4132823912507E-03
 0.3999796250121E-03,-0.2011586484624E-02, 0.3668831800811E-02,-0.4010690279296E-03,-0.1836239468692E-02, 0.1230847655602E-02,-0.1653761837559E-02, 0.5035857291594E-02, 0.4559990397555E-03
-0.3954976012081E-04,-0.2362654242830E-02, 0.3371752523933E-02,-0.6328643806552E-03,-0.2074423515280E-02, 0.8936406634830E-03,-0.1954826211603E-02, 0.4506272329926E-02, 0.1536498841685E-03
-0.1156442711237E-03,-0.2461225936521E-02, 0.3203316908627E-02,-0.6970275837769E-03,-0.2102659481353E-02, 0.7896930389892E-03,-0.2016284689450E-02, 0.4353032334372E-02,-0.1670848865857E-04
-0.2173029113688E-03,-0.2554220704546E-02, 0.3001647275071E-02,-0.8254162824383E-03,-0.2167151175090E-02, 0.6845808431937E-03,-0.2102799454244E-02, 0.4202219773437E-02,-0.1707472042491E-03
-0.4353949881416E-03,-0.2668987009717E-02, 0.2759950478975E-02,-0.1092865114709E-02,-0.2343720881386E-02, 0.5499276055372E-03,-0.2285087369170E-02, 0.4016792152944E-02,-0.2759554600328E-03
 0.9412971314606E-03,-0.1469688571129E-02, 0.4461997776167E-02, 0.3508736829688E-03,-0.1091886031701E-02, 0.1825356725246E-02,-0.1234324097027E-02, 0.5734068630335E-02, 0.1115012375843E-02
 0.7923177855061E-03,-0.1713753878222E-02, 0.4181181201821E-02, 0.1228542117119E-03,-0.1305719567113E-02, 0.1842102492149E-02,-0.1171439393020E-02, 0.5409811431365E-02, 0.8413325834506E-03
 0.6339657685574E-03,-0.1872127248802E-02, 0.3909398829382E-02,-0.1203686431976E-03,-0.1534807724295E-02, 0.1611533166562E-02,-0.1315652114835E-02, 0.5187832916248E-02, 0.6264284406801E-03
 0.4578398964276E-03,-0.1993211227678E-02, 0.3672704316608E-02,-0.3424380474200E-03,-0.1747731759836E-02, 0.1286943728105E-02,-0.1556668348407E-02, 0.5009413089140E-02, 0.4565616978443E-03
 0.4584103430180E-03,-0.1965429045840E-02, 0.3705448249913E-02,-0.3456166233891E-03,-0.1760486550189E-02, 0.1306244852431E-02,-0.1586182821699E-02, 0.5077045717002E-02, 0.4992498108093E-03
 0.1866184987593E-04,-0.2317121189557E-02, 0.3408793501080E-02,-0.5776891664440E-03,-0.1999412492356E-02, 0.9688844310607E-03,-0.1887935694568E-02, 0.4548369515578E-02, 0.1969874132262E-03
-0.5765227190183E-04,-0.2415959393032E-02, 0.3240515110459E-02,-0.6420303374598E-03,-0.2027993130244E-02, 0.8646030349437E-03,-0.1949721199110E-02, 0.4395317607927E-02, 0.2666213225812E-04
-0.1595570629718E-03,-0.2509287783586E-02, 0.3039024490150E-02,-0.7705774877385E-03,-0.2092864350600E-02, 0.7598641529848E-03,-0.2036602856501E-02, 0.4244680393412E-02,-0.1273840106877E-03
-0.3778829760522E-03,-0.2624532390262E-02, 0.2797573959314E-02,-0.1038127295975E-02,-0.2269873954463E-02, 0.6269505446002E-03,-0.2219326865647E-02, 0.4059533952323E-02,-0.2326725927650E-03
 0.1005228943494E-02,-0.1416731887510E-02, 0.4515022915229E-02, 0.4282338684277E-03,-0.1010207633944E-02, 0.1908527555104E-02,-0.1166521906313E-02, 0.5783489927965E-02, 0.1169918214410E-02
 0.8563719649798E-03,-0.1660845828513E-02, 0.4235176142750E-02, 0.2005808586987E-03,-0.1223829798610E-02, 0.1925205514070E-02,-0.1103918461348E-02, 0.5460404130216E-02, 0.8968297000399E-03
 0.6979436685697E-03,-0.1819576734792E-02, 0.3964156390657E-02,-0.4249054832830E-04,-0.1452953489982E-02, 0.1694809074098E-02,-0.1248391204782E-02, 0.5239248008726E-02, 0.6822817193733E-03
 0.5216434113375E-03,-0.1941155126714E-02, 0.3728004165918E-02,-0.2645826344263E-03,-0.1666091998999E-02, 0.1370439790540E-02,-0.1489668280184E-02, 0.5061413408260E-02, 0.5125891399283E-03
 0.5222499716894E-03,-0.1913389938975E-02, 0.3760804429602E-02,-0.2677337162799E-03,-0.1678785992733E-02, 0.1389769598205E-02,-0.1519136707584E-02, 0.5129082360941E-02, 0.5552638647214E-03
 0.8222444270180E-04,-0.2265776448951E-02, 0.3464464326386E-02,-0.5002379709272E-03,-0.1918466633720E-02, 0.1052188914086E-02,-0.1821548001160E-02, 0.4601276149465E-02, 0.2530296547734E-03
 0.5657988177511E-05,-0.2364915743909E-02, 0.3296314684889E-02,-0.5648355856882E-03,-0.1947403640519E-02, 0.9475303399186E-03,-0.1883662123833E-02, 0.4448397402656E-02, 0.8270448329397E-04
-0.9653418401542E-04,-0.2458621130523E-02, 0.3094970292262E-02,-0.6936301265242E-03,-0.2012669911045E-02, 0.8431660113522E-03,-0.1970911041652E-02, 0.4297904044758E-02,-0.7138841737611E-04
-0.3151428770253E-03,-0.2574402860616E-02, 0.2853724946027E-02,-0.9613843147363E-03,-0.2190137548372E-02, 0.7120831805590E-03,-0.2154058719881E-02, 0.4112990176162E-02,-0.1768021296789E-03
 0.1100731757386E-02,-0.1327888578837E-02, 0.4621926989680E-02, 0.5524066030159E-03,-0.9196051733095E-03, 0.2004944891014E-02,-0.1084701273736E-02, 0.5879183153469E-02, 0.1268600718975E-02
 0.9520448535325E-03,-0.1572220719164E-02, 0.4343449152823E-02, 0.3252353453838E-03,-0.1132824268501E-02, 0.2021730734448E-02,-0.1022429898069E-02, 0.5557770032566E-02, 0.9962588816436E-03
 0.7934225234384E-03,-0.1731604327142E-02, 0.4073393150951E-02, 0.8227793661714E-04,-0.1361907445230E-02, 0.1791585434705E-02,-0.1167229688181E-02, 0.5337664354708E-02, 0.7820951066641E-03
 0.6167415470785E-03,-0.1854029451591E-02, 0.3837826947531E-02,-0.1399769309929E-03,-0.1575260523718E-02, 0.1467436869177E-02,-0.1408848812650E-02, 0.5160475129992E-02, 0.6125119462219E-03
 0.6174498260739E-03,-0.1826268458296E-02, 0.3870830881798E-02,-0.1430632383994E-03,-0.1587889177011E-02, 0.1486879554799E-02,-0.1438244539486E-02, 0.5228327966153E-02, 0.6552216940447E-03
 0.1767107754598E-03,-0.2179964445183E-02, 0.3574435789910E-02,-0.3764242735782E-03,-0.1828399666858E-02, 0.1148841450322E-02,-0.1741537738980E-02, 0.4701282080374E-02, 0.3526976776893E-03
 0.9970815293708E-04,-0.2279637877929E-02, 0.3406329391253E-02,-0.4414716845538E-03,-0.1857743125004E-02, 0.1043759217226E-02,-0.1804087403973E-02, 0.4548528083918E-02, 0.1822340042082E-03
-0.2998891973718E-05,-0.2373995522017E-02, 0.3205021150596E-02,-0.5707363780329E-03,-0.1923467743387E-02, 0.9395420865573E-03,-0.1891828872887E-02, 0.4398071184120E-02, 0.2792753337594E-04
-0.2221950577071E-03,-0.2490697567975E-02, 0.2963815096362E-02,-0.8389694460515E-03,-0.2101472448894E-02, 0.8097311469700E-03,-0.2075553397748E-02, 0.4213212939296E-02,-0.7782556321346E-04
 0.1128227397225E-02,-0.1797730293577E-02, 0.5111363984021E-02, 0.4207309913095E-03,-0.1533066993292E-02, 0.2228216325282E-02,-0.1377593671303E-02, 0.6586421216909E-02, 0.1363481661171E-02
 0.9708582300245E-03,-0.2044202615483E-02, 0.4810706437276E-02, 0.1832412087528E-03,-0.1751392745352E-02, 0.2237992347551E-02,-0.1314192913458E-02, 0.6238971966909E-02, 0.1077307603064E-02
 0.8070764297923E-03,-0.2200854812570E-02, 0.4522815536090E-02,-0.6671298323198E-04,-0.1982491924231E-02, 0.1996841084695E-02,-0.1459646568765E-02, 0.6000218088338E-02, 0.8538580930168E-03
 0.6265581088043E-03,-0.2318634613897E-02, 0.4273056836329E-02,-0.2935412106195E-03,-0.2195767372446E-02, 0.1660820917545E-02,-0.1702854970593E-02, 0.5808412970224E-02, 0.6778625214102E-03
 0.6305304795148E-03,-0.2287751312095E-02, 0.4309856389710E-02,-0.2935715420155E-03,-0.2206797247159E-02, 0.1683667318529E-02,-0.1730155265853E-02, 0.5880713283927E-02, 0.7247375111509E-03
 0.1740163536662E-03,-0.2641367945515E-02, 0.3989398264539E-02,-0.5354582755020E-03,-0.2446458446968E-02, 0.1328407393682E-02,-0.2038137347291E-02, 0.5318662571474E-02, 0.4071507550489E-03
 0.9456270898070E-04,-0.2739826328081E-02, 0.3811673974788E-02,-0.6020785528730E-03,-0.2473529105199E-02, 0.1215881596874E-02,-0.2100431820547E-02, 0.5155454169287E-02, 0.2309851864917E-03
-0.1069691587850E-04,-0.2832092949113E-02, 0.3599896184222E-02,-0.7339608698142E-03,-0.2537080544805E-02, 0.1116513357298E-02,-0.2187910696045E-02, 0.4994758362627E-02, 0.7152164059720E-04
-0.2345256224834E-03,-0.2944978129083E-02, 0.3346472269158E-02,-0.1007220883538E-02,-0.2713610791329E-02, 0.1013330360317E-02,-0.2372135633015E-02, 0.4797626199549E-02,-0.3830852294931E-04
 0.1251897008134E-02,-0.1670518556054E-02, 0.5218866218683E-02, 0.5488250967365E-03,-0.1392785511359E-02, 0.2358568435108E-02,-0.1268198779864E-02, 0.6614882400990E-02, 0.1393289669755E-02
 0.1094126265617E-02,-0.1918082036715E-02, 0.4919343619838E-02, 0.3112791823541E-03,-0.1611575939976E-02, 0.2367885276693E-02,-0.1205730264726E-02, 0.6268957052072E-02, 0.1107799712674E-02
 0.9294360510434E-03,-0.2076361079914E-02, 0.4632074241279E-02, 0.6078100473133E-04,-0.1843665430840E-02, 0.2126473917664E-02,-0.1352247176347E-02, 0.6031078179584E-02, 0.8845228542678E-03
 0.7478435825511E-03,-0.2195939520877E-02, 0.4382560324930E-02,-0.1668593607995E-03,-0.2058194688254E-02, 0.1790234200288E-02,-0.1596538339238E-02, 0.5839779399224E-02, 0.7084105868293E-03
 0.7519779008231E-03,-0.2165034955640E-02, 0.4419617505877E-02,-0.1667818817336E-03,-0.2069164755560E-02, 0.1813262378252E-02,-0.1623740746090E-02, 0.5912427701734E-02, 0.7553468238185E-03
 0.2940207563709E-03,-0.2521329936995E-02, 0.4098807846559E-02,-0.4103263542558E-03,-0.2311135319946E-02, 0.1456869059558E-02,-0.1933598716871E-02, 0.5351056577686E-02, 0.4374857940239E-03
 0.2139263987503E-03,-0.2620716836802E-02, 0.3921156894633E-02,-0.4775549875374E-03,-0.2339058436423E-02, 0.1343748047986E-02,-0.1996601496130E-02, 0.5188125128756E-02, 0.2613684223912E-03
 0.1078789907898E-03,-0.2714109749242E-02, 0.3709395088185E-02,-0.6101189958953E-03,-0.2403600481141E-02, 0.1244343477878E-02,-0.2084925436360E-02, 0.5027592675551E-02, 0.1018154372773E-03
-0.1169947830001E-03,-0.2828667337915E-02, 0.3455826642695E-02,-0.8842723423602E-03,-0.2581499249964E-02, 0.1142161900934E-02,-0.2270325113064E-02, 0.4830543483945E-02,-0.8422383813447E-05
 0.1397783095371E-02,-0.1523779444595E-02, 0.5345592185409E-02, 0.6822139442221E-03,-0.1272878311224E-02, 0.2472896163283E-02,-0.1167223174203E-02, 0.6695512489548E-02, 0.1506486995496E-02
 0.1239865558761E-02,-0.1772307554890E-02, 0.5047697270246E-02, 0.4449949109204E-03,-0.1491681675688E-02, 0.2482201653774E-02,-0.1105445659394E-02, 0.6351631689140E-02, 0.1221685916545E-02
 0.1074457622728E-02,-0.1932116249769E-02, 0.4761445495872E-02, 0.1942825588049E-03,-0.1724326964357E-02, 0.2240857238867E-02,-0.1252763253168E-02, 0.6114968649544E-02, 0.9985681320869E-03
 0.8919066422993E-03,-0.2053433771545E-02, 0.4512464649229E-02,-0.3390835823178E-04,-0.1939719328982E-02, 0.1904629757340E-02,-0.1497889749241E-02, 0.5924387642993E-02, 0.8222793140956E-03
 0.8962280963472E-03,-0.2022505307625E-02, 0.4549836253746E-02,-0.3371824488281E-04,-0.1950632795146E-02, 0.1927874302280E-02,-0.1524992475814E-02, 0.5997360920389E-02, 0.8693019245955E-03
 0.4367649683682E-03,-0.2381508265037E-02, 0.4228826886911E-02,-0.2786668714979E-03,-0.2194365893110E-02, 0.1570592949531E-02,-0.1836424623163E-02, 0.5436928817953E-02, 0.5507712654107E-03
 0.3559770594297E-03,-0.2481872179753E-02, 0.4051299964073E-02,-0.3464668285097E-03,-0.2223008339823E-02, 0.1457047179585E-02,-0.1900065551045E-02, 0.5274294383847E-02, 0.3744770373467E-03
 0.2490782777053E-03,-0.2576441676219E-02, 0.3839608106046E-02,-0.4796623696222E-03,-0.2288379795097E-02, 0.1357390427758E-02,-0.1989147914526E-02, 0.5113917863634E-02, 0.2146115150029E-03
 0.2309400459250E-04,-0.2692707606762E-02, 0.3585981632276E-02,-0.7545898327212E-03,-0.2467367433030E-02, 0.1255303140660E-02,-0.2175566044843E-02, 0.4916945203526E-02, 0.1037663295301E-03
 0.1543772350088E-02,-0.1379084970969E-02, 0.5469495606828E-02, 0.8037380697205E-03,-0.1172175453160E-02, 0.2570814427579E-02,-0.1070446585082E-02, 0.6801821419904E-02, 0.1650423560356E-02
 0.1385879619798E-02,-0.1628395453989E-02, 0.5173391074810E-02, 0.5670670314236E-03,-0.1390725337232E-02, 0.2580347280262E-02,-0.1009200520000E-02, 0.6460134822950E-02, 0.1366312527707E-02
 0.1219951369183E-02,-0.1789523693555E-02, 0.4888334221652E-02, 0.3163875179157E-03,-0.1623620518674E-02, 0.2339274866785E-02,-0.1157133484301E-02, 0.6224814649534E-02, 0.1143388855132E-02
 0.1036624783760E-02,-0.1912375861073E-02, 0.4640050016196E-02, 0.8788496180378E-04,-0.1839570062386E-02, 0.2003232247545E-02,-0.1402913918460E-02, 0.6035051332297E-02, 0.9669580205022E-03
 0.1041124526433E-02,-0.1881427373671E-02, 0.4677726844749E-02, 0.8817694139654E-04,-0.1850431082086E-02, 0.2026683600636E-02,-0.1429923929273E-02, 0.6108285671268E-02, 0.1014063696671E-02
 0.5803253505579E-03,-0.2242876665591E-02, 0.4356699423757E-02,-0.1578475478042E-03,-0.2095468496224E-02, 0.1668776633372E-02,-0.1742690958258E-02, 0.5548956996930E-02, 0.6947967765717E-03
 0.4988858035672E-03,-0.2344149364416E-02, 0.4179334788495E-02,-0.2261289126812E-03,-0.2124699499330E-02, 0.1554932834210E-02,-0.1806907741942E-02, 0.5386619743475E-02, 0.5182526584160E-03
 0.3911916059992E-03,-0.2439809978021E-02, 0.3967764401703E-02,-0.3598452223098E-03,-0.2190742093223E-02, 0.1454974798577E-02,-0.1896668404005E-02, 0.5226402671215E-02, 0.3580155872672E-03
 0.1641966851156E-03,-0.2557638294207E-02, 0.3714178619257E-02,-0.6353651302170E-03,-0.2370564077900E-02, 0.1352624845162E-02,-0.2083966721341E-02, 0.5029540958929E-02, 0.2465475964759E-03
 0.1541411360421E-02,-0.1369697736571E-02, 0.5459824248083E-02, 0.8032404161347E-03,-0.1172425423353E-02, 0.2554833826133E-02,-0.1072951813000E-02, 0.6791491026734E-02, 0.1655099494845E-02
 0.1383499373102E-02,-0.1619097433670E-02, 0.5163925620613E-02, 0.5665874444347E-03,-0.1390921512494E-02, 0.2564389246059E-02,-0.1011793074174E-02, 0.6450099236821E-02, 0.1371003683593E-02
 0.1217622653743E-02,-0.1780346469096E-02, 0.4879226942444E-02, 0.3159524999759E-03,-0.1623790735387E-02, 0.2323510466023E-02,-0.1159748184958E-02, 0.6215186657662E-02, 0.1148133973600E-02
 0.1034408354133E-02,-0.1903318521707E-02, 0.4631375718446E-02, 0.8751438867173E-04,-0.1839729437898E-02, 0.1987751579010E-02,-0.1405505400829E-02, 0.6025918204364E-02, 0.9717867075194E-03
 0.1038734903497E-02,-0.1872410666420E-02, 0.4668706087153E-02, 0.8770819667754E-04,-0.1850607733642E-02, 0.2010978182008E-02,-0.1432558032813E-02, 0.6098820375726E-02, 0.1018750499851E-02
 0.5784756213293E-03,-0.2233926393913E-02, 0.4348805652442E-02,-0.1580561108194E-03,-0.2095600665238E-02, 0.1653809855989E-02,-0.1745179169742E-02, 0.5540973335789E-02, 0.6998448777007E-03
 0.4971566390127E-03,-0.2335222317172E-02, 0.4171747922494E-02,-0.2262625038316E-03,-0.2124839312393E-02, 0.1540262538334E-02,-0.1809353463165E-02, 0.5378971138846E-02, 0.5234170667189E-03
 0.3896166316510E-03,-0.2430916795453E-02, 0.3960572585228E-02,-0.3598749031105E-03,-0.2190884306137E-02, 0.1440237399707E-02,-0.1899064086256E-02, 0.5219169413677E-02, 0.3633131764895E-03
 0.1628661384176E-03,-0.2548812751442E-02, 0.3707577783627E-02,-0.6352372417227E-03,-0.2370688889669E-02, 0.1337164302452E-02,-0.2086294581785E-02, 0.5022983395442E-02, 0.2520045956131E-03
 0.1747607126568E-02,-0.1182117984288E-02, 0.5620649704273E-02, 0.9425542985720E-03,-0.1023703004346E-02, 0.2715882235621E-02,-0.8726093794987E-03, 0.6985515555284E-02, 0.1819914095292E-02
 0.1589946086925E-02,-0.1432223530889E-02, 0.5327293891644E-02, 0.7069949961291E-03,-0.1241687976802E-02, 0.2725749487325E-02,-0.8122743291657E-03, 0.6647182360156E-02, 0.1537172224024E-02
 0.1423596283754E-02,-0.1594908888608E-02, 0.5044283773904E-02, 0.4567910069578E-03,-0.1474679665285E-02, 0.2485348316687E-02,-0.9611911498020E-03, 0.6414073844866E-02, 0.1314936351531E-02
 0.1239536294660E-02,-0.1719637537400E-02, 0.4797384706009E-02, 0.2282912131593E-03,-0.1691164878242E-02, 0.2149956662808E-02,-0.1207999405976E-02, 0.6225799570576E-02, 0.1138702639910E-02
 0.1244229931678E-02,-0.1688686670430E-02, 0.4835380401882E-02, 0.2286922536799E-03,-0.1701937262706E-02, 0.2173616360423E-02,-0.1234879904386E-02, 0.6299200695190E-02, 0.1185850787472E-02
 0.7822000691134E-03,-0.2053078628027E-02, 0.4514981139589E-02,-0.1820025991392E-04,-0.1948563111354E-02, 0.1815313661737E-02,-0.1549848483211E-02, 0.5742191989637E-02, 0.8662263476668E-03
 0.6999619924103E-03,-0.2155497288807E-02, 0.4338006123821E-02,-0.8696315818576E-04,-0.1978588322399E-02, 0.1701079082689E-02,-0.1615061558281E-02, 0.5580370012008E-02, 0.6895714271264E-03
 0.5913230312456E-03,-0.2252540698015E-02, 0.4126823481996E-02,-0.2211462898268E-03,-0.2045510068191E-02, 0.1601038169590E-02,-0.1705964510753E-02, 0.5420526122223E-02, 0.5290705693855E-03
 0.3632675042384E-03,-0.2372328359238E-02, 0.3873664110853E-02,-0.4970562489965E-03,-0.2226337702545E-02, 0.1499292711160E-02,-0.1894680480452E-02, 0.5224152979745E-02, 0.4170477087532E-03
 0.1805191411808E-02,-0.1135014889912E-02, 0.5653722248587E-02, 0.9968150118765E-03,-0.9471332204965E-03, 0.2789667633946E-02,-0.8042120589293E-03, 0.7022688612115E-02, 0.1861467402394E-02
 0.1647711591639E-02,-0.1385136866388E-02, 0.5361339344899E-02, 0.7616673478864E-03,-0.1164958026011E-02, 0.2799496342775E-02,-0.7441535486684E-03, 0.6685516094971E-02, 0.1579321157498E-02
 0.1481395644313E-02,-0.1548106492087E-02, 0.5079156890947E-02, 0.5117138789061E-03,-0.1398002082644E-02, 0.2559384811175E-02,-0.8933087043869E-03, 0.6453272644618E-02, 0.1357481210896E-02
 0.1297296071364E-02,-0.1673237593190E-02, 0.4832905382562E-02, 0.2833214581099E-03,-0.1614693458076E-02, 0.2224369806386E-02,-0.1140345842201E-02, 0.6265663135223E-02, 0.1181485698665E-02
 0.1302009780187E-02,-0.1642310086791E-02, 0.4870933576712E-02, 0.2837359872111E-03,-0.1625422225267E-02, 0.2248033830071E-02,-0.1167189772070E-02, 0.6339071166832E-02, 0.1228602131528E-02
 0.8399560547263E-03,-0.2007239526330E-02, 0.4551117185808E-02, 0.3668717376795E-04,-0.1872730436077E-02, 0.1889776446205E-02,-0.1482739328581E-02, 0.5783165435968E-02, 0.9091805216375E-03
 0.7575483294425E-03,-0.2109900631768E-02, 0.4374363974261E-02,-0.3221766298896E-04,-0.1903078938368E-02, 0.1775277542039E-02,-0.1548251983781E-02, 0.5621590615786E-02, 0.7326018992580E-03
 0.6487227026875E-03,-0.2207250880596E-02, 0.4163432174868E-02,-0.1665118285235E-03,-0.1970356552808E-02, 0.1675658781947E-02,-0.1639487533112E-02, 0.5461985925653E-02, 0.5721388906266E-03
 0.4205346068405E-03,-0.2327477060921E-02, 0.3910617403327E-02,-0.4424434721259E-03,-0.2151595106863E-02, 0.1575681386021E-02,-0.1828580191170E-02, 0.5265991948384E-02, 0.4600912229874E-03
 0.1868356790532E-02,-0.1081766675188E-02, 0.5705240599808E-02, 0.1073646806880E-02,-0.8645433100676E-03, 0.2871693479559E-02,-0.7362427083115E-03, 0.7070547172450E-02, 0.1915822896157E-02
 0.1711142034911E-02,-0.1331870218849E-02, 0.5414001355889E-02, 0.8389660742218E-03,-0.1082124081902E-02, 0.2881555409854E-02,-0.6764187102354E-03, 0.6734731064692E-02, 0.1634371746698E-02
 0.1544892747000E-02,-0.1495132718054E-02, 0.5132755961608E-02, 0.5892743307292E-03,-0.1315167069907E-02, 0.2641784430079E-02,-0.8257628832256E-03, 0.6503456422461E-02, 0.1412985214236E-02
 0.1360752809877E-02,-0.1620699394305E-02, 0.4887204636282E-02, 0.3609643287679E-03,-0.1532036924862E-02, 0.2307172540386E-02,-0.1072982993449E-02, 0.6316553160093E-02, 0.1237250012138E-02
 0.1365515495463E-02,-0.1589793629422E-02, 0.4925325690746E-02, 0.3614096719152E-03,-0.1542715836164E-02, 0.2330878748713E-02,-0.1099779574127E-02, 0.6390032606523E-02, 0.1284354436506E-02
 0.9033765203177E-03,-0.1955326163949E-02, 0.4605985069767E-02, 0.1140605589022E-03,-0.1790715838745E-02, 0.1972594031847E-02,-0.1415882090262E-02, 0.5835180432276E-02, 0.9650804525044E-03
 0.8207674597683E-03,-0.2058263774358E-02, 0.4429437296925E-02, 0.4493859706302E-04,-0.1821406041407E-02, 0.1857788221596E-02,-0.1481696663627E-02, 0.5673845893140E-02, 0.7885501154746E-03
 0.7117137590119E-03,-0.2155963599890E-02, 0.4218735147847E-02,-0.8954863961287E-04,-0.1889060089067E-02, 0.1758594433091E-02,-0.1573266630279E-02, 0.5514451621727E-02, 0.6280888944250E-03
 0.4833423957779E-03,-0.2276685189095E-02, 0.3966231835148E-02,-0.3655900687998E-03,-0.2070725492613E-02, 0.1660479960635E-02,-0.1762726022703E-02, 0.5318776906441E-02, 0.5159714049470E-03
 0.1963455634353E-02,-0.9920743003744E-03, 0.5810291365325E-02, 0.1197551695418E-02,-0.7725849578459E-03, 0.2967514360773E-02,-0.6537616639981E-03, 0.7164442369344E-02, 0.2014178196761E-02
 0.1806619985084E-02,-0.1242288952465E-02, 0.5520695320501E-02, 0.9635067713666E-03,-0.9897137847702E-03, 0.2977637971324E-02,-0.5941881129550E-03, 0.6830583212392E-02, 0.1733640690759E-02
 0.1640372446773E-02,-0.1406106530397E-02, 0.5240676280640E-02, 0.7140899836196E-03,-0.1222660132477E-02, 0.2738319631944E-02,-0.7437617935916E-03, 0.6600579310924E-02, 0.1512782163951E-02
 0.1456027220931E-02,-0.1532434640929E-02, 0.4995939734220E-02, 0.4857657347774E-03,-0.1439690857861E-02, 0.2404131589652E-02,-0.9912270497537E-03, 0.6414494767602E-02, 0.1337276146840E-02
 0.1460927904640E-02,-0.1501535509037E-02, 0.5034322750257E-02, 0.4862927324769E-03,-0.1450308645523E-02, 0.2427996158219E-02,-0.1017943321272E-02, 0.6488196760461E-02, 0.1384429523766E-02
 0.9983005127041E-03,-0.1868252886828E-02, 0.4715136075618E-02, 0.2382524642098E-03,-0.1699072869237E-02, 0.2069435384400E-02,-0.1334809664038E-02, 0.5934340166056E-02, 0.1065015763728E-02
 0.9153198570524E-03,-0.1971691875913E-02, 0.4538751604588E-02, 0.1687323866370E-03,-0.1730173894598E-02, 0.1954282618957E-02,-0.1401029529914E-02, 0.5773239114500E-02, 0.8884188399520E-03
 0.8058227594709E-03,-0.2070008347141E-02, 0.4328213534650E-02, 0.3384732507951E-04,-0.1798282217130E-02, 0.1855286938690E-02,-0.1493056373866E-02, 0.5613978590966E-02, 0.7278114276076E-03
 0.5769805392814E-03,-0.2191595479048E-02, 0.4075897987488E-02,-0.2425447373068E-03,-0.1980448299873E-02, 0.1758468488890E-02,-0.1683031150086E-02, 0.5418450866865E-02, 0.6154190263781E-03
 0.2114602052510E-02,-0.1360707988194E-02, 0.6432145942547E-02, 0.1181988406871E-02,-0.1296756061871E-02, 0.3313722326309E-02,-0.8421840983441E-03,-0.2124305935262E-02, 0.2226217295285E-02
 0.1946332455648E-02,-0.1614835508678E-02, 0.6117214388092E-02, 0.9356255547866E-03,-0.1520031807173E-02, 0.3314716003778E-02,-0.7828688638279E-03,-0.2235145719781E-02, 0.1929726813990E-02
 0.1772336959608E-02,-0.1777472503189E-02, 0.5816353173789E-02, 0.6772408277328E-03,-0.1755981169710E-02, 0.3061749396122E-02,-0.9346418112013E-03,-0.2356942648700E-02, 0.1697719567811E-02
 0.1581748450613E-02,-0.1900546192500E-02, 0.5554693459122E-02, 0.4425024929567E-03,-0.1973863995802E-02, 0.2713009485545E-02,-0.1185255343593E-02,-0.2495758084062E-02, 0.1514159057268E-02
 0.1589947755176E-02,-0.1866179328682E-02, 0.5596682706463E-02, 0.4462604986181E-03,-0.1982544352959E-02, 0.2740169830541E-02,-0.1209653653359E-02,-0.2515661808926E-02, 0.1565684119302E-02
 0.1107323938643E-02,-0.2235712538609E-02, 0.5249503166624E-02, 0.1866380692240E-03,-0.2232469423920E-02, 0.2360957684430E-02,-0.1534013775941E-02,-0.2848689922282E-02, 0.1228232245175E-02
 0.1020630854693E-02,-0.2338843642108E-02, 0.5061933847507E-02, 0.1145138073179E-03,-0.2261912576029E-02, 0.2236588091342E-02,-0.1600844420429E-02,-0.2897605152517E-02, 0.1044747107791E-02
 0.9071861231631E-03,-0.2436030103430E-02, 0.4839208185943E-02,-0.2420862700359E-04,-0.2328546115151E-02, 0.2142808905538E-02,-0.1693574290982E-02,-0.2967753245056E-02, 0.8777865664363E-03
 0.6716664223502E-03,-0.2555039475722E-02, 0.4572446011532E-02,-0.3073818380320E-03,-0.2510192612521E-02, 0.2076734778746E-02,-0.1885402092993E-02,-0.3138834191064E-02, 0.7600049338034E-03
 0.2235074932629E-02,-0.1233887407183E-02, 0.6535358891615E-02, 0.1307927555334E-02,-0.1156036094055E-02, 0.3440999021780E-02,-0.7335696699398E-03,-0.2081872215535E-02, 0.2254483302645E-02
 0.2066683081803E-02,-0.1488949811624E-02, 0.6221918235921E-02, 0.1061714611893E-02,-0.1379700421678E-02, 0.3441710227582E-02,-0.6750848651431E-03,-0.2193181307890E-02, 0.1958821996450E-02
 0.1892047585844E-02,-0.1653076773935E-02, 0.5922021845928E-02, 0.8030044763165E-03,-0.1616559111333E-02, 0.3188785066299E-02,-0.8277858335676E-03,-0.2315796613464E-02, 0.1727132078780E-02
 0.1700634087192E-02,-0.1777829345654E-02, 0.5660923066215E-02, 0.5676608004000E-03,-0.1835617543303E-02, 0.2840156930144E-02,-0.1079339336015E-02,-0.2455519759467E-02, 0.1543588959225E-02
 0.1709030632639E-02,-0.1743433145629E-02, 0.5703257336060E-02, 0.5715525917808E-03,-0.1844236404041E-02, 0.2867549071625E-02,-0.1103616951177E-02,-0.2475383061454E-02, 0.1595207869031E-02
 0.1225335651573E-02,-0.2115455523464E-02, 0.5356131715938E-02, 0.3105274347322E-03,-0.2096355155331E-02, 0.2487525302083E-02,-0.1429670986189E-02,-0.2809496081599E-02, 0.1257644752812E-02
 0.1138112014276E-02,-0.2219453365243E-02, 0.5168785075442E-02, 0.2378834768107E-03,-0.2126614104659E-02, 0.2362703233445E-02,-0.1497151830342E-02,-0.2858896872006E-02, 0.1074267869117E-02
 0.1024002089720E-02,-0.2317702961262E-02, 0.4946245996198E-02, 0.9859115175465E-04,-0.2194195524023E-02, 0.2268962495559E-02,-0.1590660719200E-02,-0.2929618186921E-02, 0.9072825186847E-03
 0.7876283722034E-03,-0.2438300750763E-02, 0.4679595631824E-02,-0.1852971782430E-03,-0.2377146194291E-02, 0.2203867213790E-02,-0.1783561176760E-02,-0.3101444105056E-02, 0.7891847417050E-03
 0.2378401097277E-02,-0.1087249417870E-02, 0.6657834504336E-02, 0.1439501254557E-02,-0.1035533489222E-02, 0.3552964796119E-02,-0.6330280318969E-03,-0.1987709477002E-02, 0.2365676186725E-02
 0.2210185150123E-02,-0.1343091602034E-02, 0.6346424005499E-02, 0.1193841451303E-02,-0.1259127660960E-02, 0.3553897374127E-02,-0.5751055853767E-03,-0.2099600555528E-02, 0.2070943338763E-02
 0.2035133754018E-02,-0.1508587906020E-02, 0.6047936619340E-02, 0.9351499502848E-03,-0.1496454834636E-02, 0.3301330523208E-02,-0.7284608764921E-03,-0.2223159961098E-02, 0.1839624085938E-02
 0.1843036981072E-02,-0.1634940864311E-02, 0.5787722607134E-02, 0.6994717766337E-03,-0.1716293960974E-02, 0.2953006260478E-02,-0.9807058439240E-03,-0.2363956357127E-02, 0.1656086117998E-02
 0.1851672145601E-02,-0.1600515100697E-02, 0.5830431064103E-02, 0.7035085523655E-03,-0.1724853861025E-02, 0.2980672117399E-02,-0.1004860815055E-02,-0.2383767604657E-02, 0.1707817793316E-02
 0.1366867593108E-02,-0.1975026881747E-02, 0.5483515749674E-02, 0.4413355119600E-03,-0.1978623874525E-02, 0.2600053568042E-02,-0.1332312562462E-02,-0.2719534774221E-02, 0.1369824795774E-02
 0.1279066605055E-02,-0.2079934646708E-02, 0.5296470665831E-02, 0.3682096197137E-03,-0.2009573427729E-02, 0.2474938446453E-02,-0.1400375710623E-02,-0.2769610068239E-02, 0.1186385694605E-02
 0.1164233739712E-02,-0.2179291909079E-02, 0.5074197622600E-02, 0.2283971525499E-03,-0.2077948917056E-02, 0.2381010211217E-02,-0.1494580857013E-02,-0.2841123043055E-02, 0.1019197343090E-02
 0.9269532361464E-03,-0.2301503413795E-02, 0.4807746477997E-02,-0.5608794076468E-04,-0.2261927496384E-02, 0.2315978414785E-02,-0.1688404605860E-02,-0.3014008916531E-02, 0.9006020234988E-03
 0.2522323609854E-02,-0.9425008522174E-03, 0.6777869337317E-02, 0.1559555398469E-02,-0.9341860064349E-03, 0.3649037529875E-02,-0.5364838838588E-03,-0.1868624347571E-02, 0.2507555737174E-02
 0.2354453133978E-02,-0.1198940392597E-02, 0.6468642050464E-02, 0.1314660263276E-02,-0.1157446432348E-02, 0.3650441465189E-02,-0.4789638939153E-03,-0.1981122880931E-02, 0.2213779148612E-02
 0.2179179736784E-02,-0.1365595758659E-02, 0.6171734742703E-02, 0.1056221739421E-02,-0.1394939443729E-02, 0.3398413796019E-02,-0.6327902575600E-03,-0.2105621562371E-02, 0.1982882453869E-02
 0.1986578255559E-02,-0.1493344753788E-02, 0.5912559937744E-02, 0.8204345710153E-03,-0.1615257176481E-02, 0.3050527823402E-02,-0.8855488786693E-03,-0.2247496194213E-02, 0.1799394583534E-02
 0.1995445767095E-02,-0.1458896167260E-02, 0.5955613702658E-02, 0.8246046846059E-03,-0.1623762866791E-02, 0.3078454985134E-02,-0.9095906135146E-03,-0.2267251422515E-02, 0.1851229416890E-02
 0.1509690390154E-02,-0.1835634844765E-02, 0.5609057931060E-02, 0.5615932770017E-03,-0.1878735349705E-02, 0.2697474171976E-02,-0.1238206508787E-02,-0.2604876518401E-02, 0.1512761038424E-02
 0.1421348830059E-02,-0.1941386308421E-02, 0.5422352658859E-02, 0.4880683107440E-03,-0.1910250747755E-02, 0.2572177772510E-02,-0.1306793197409E-02,-0.2655688123235E-02, 0.1329203790155E-02
 0.1305843625741E-02,-0.2041767407924E-02, 0.5200394654169E-02, 0.3478364881011E-03,-0.1979268099813E-02, 0.2478004663937E-02,-0.1401618164290E-02,-0.2728061112956E-02, 0.1161766820019E-02
 0.1067750857726E-02,-0.2165447161074E-02, 0.4934221502050E-02, 0.6291982640939E-04,-0.2164025715667E-02, 0.2412682101306E-02,-0.1596231181343E-02,-0.2902105804859E-02, 0.1042660574475E-02
 0.2517170569296E-02,-0.9348240755730E-03, 0.6764790142514E-02, 0.1556703500957E-02,-0.9357662731885E-03, 0.3630287717760E-02,-0.5408760683402E-03,-0.1851930297831E-02, 0.2509620955781E-02
 0.2349325891090E-02,-0.1191340586893E-02, 0.6455840048877E-02, 0.1311847223204E-02,-0.1158976217048E-02, 0.3631737571475E-02,-0.4834368099009E-03,-0.1964537214772E-02, 0.2215895387461E-02
 0.2174174822530E-02,-0.1358096085795E-02, 0.6159383904699E-02, 0.1053495822550E-02,-0.1396442255213E-02, 0.3379977922319E-02,-0.6372633296134E-03,-0.2089157308314E-02, 0.1985107183563E-02
 0.1981768108066E-02,-0.1485938387891E-02, 0.5900754631053E-02, 0.8178263002614E-03,-0.1616743592096E-02, 0.3032470202462E-02,-0.8899678799768E-03,-0.2231153015973E-02, 0.1801766058536E-02
 0.1990408449754E-02,-0.1451547217676E-02, 0.5943452950659E-02, 0.8218635972836E-03,-0.1625274381069E-02, 0.3060126881632E-02,-0.9140732073464E-03,-0.2250931983213E-02, 0.1853412822893E-02
 0.1505390719221E-02,-0.1828274664113E-02, 0.5598308379643E-02, 0.5592408958542E-03,-0.1880168979668E-02, 0.2680056279326E-02,-0.1242460082652E-02,-0.2588721023701E-02, 0.1515463902897E-02
 0.1417214933133E-02,-0.1934025300184E-02, 0.5411941513664E-02, 0.4858241056264E-03,-0.1911669730386E-02, 0.2555110660830E-02,-0.1310980578279E-02,-0.2639611603603E-02, 0.1332068449744E-02
 0.1301922241132E-02,-0.2034412191109E-02, 0.5190437328675E-02, 0.3457400679615E-03,-0.1980666944070E-02, 0.2460891016331E-02,-0.1405726185236E-02,-0.2712076209351E-02, 0.1164818460814E-02
 0.1064168509615E-02,-0.2158121279050E-02, 0.4925014705553E-02, 0.6105039129357E-04,-0.2165388939482E-02, 0.2394811154792E-02,-0.1600228539876E-02,-0.2886242072307E-02, 0.1045945221942E-02
 0.2722929932391E-02,-0.7454993197432E-03, 0.6923802890478E-02, 0.1696488596079E-02,-0.7847074432479E-03, 0.3791175397828E-02,-0.3390868563701E-03,-0.1662913427650E-02, 0.2674413995784E-02
 0.2555744741767E-02,-0.1002477024928E-02, 0.6617856381109E-02, 0.1452990565947E-02,-0.1007290200769E-02, 0.3793256567979E-02,-0.2823247534531E-03,-0.1776354437973E-02, 0.2382347401639E-02
 0.2380488236709E-02,-0.1170461062461E-02, 0.6323530034002E-02, 0.1195322222325E-02,-0.1244759735721E-02, 0.3542305906012E-02,-0.4369053044677E-03,-0.1902195008903E-02, 0.2152445730400E-02
 0.2187560439565E-02,-0.1299885666450E-02, 0.6066219391500E-02, 0.9598122116516E-03,-0.1465499711670E-02, 0.3195469034430E-02,-0.6904405740739E-03,-0.2045598855351E-02, 0.1969421634679E-02
 0.2196683227803E-02,-0.1265439528379E-02, 0.6109644959565E-02, 0.9641226809879E-03,-0.1473920096194E-02, 0.3223664255572E-02,-0.7143294882643E-03,-0.2065260818125E-02, 0.2021319860837E-02
 0.1710291058414E-02,-0.1644793510227E-02, 0.5764227389691E-02, 0.7005817749036E-03,-0.1730325640818E-02, 0.2842719152439E-02,-0.1044823527701E-02,-0.2405751234439E-02, 0.1682856780233E-02
 0.1621312994868E-02,-0.1751596060275E-02, 0.5578154013574E-02, 0.6266876360553E-03,-0.1762600188732E-02, 0.2717204932359E-02,-0.1114317535049E-02,-0.2457712337587E-02, 0.1499353615045E-02
 0.1505048316316E-02,-0.1853259902883E-02, 0.5356851288881E-02, 0.4861236143467E-03,-0.1832451056748E-02, 0.2623044226274E-02,-0.1210178126714E-02,-0.2531410092062E-02, 0.1331812852920E-02
 0.1266203747987E-02,-0.1978756693393E-02, 0.5091435891783E-02, 0.2010267578698E-03,-0.2018129693273E-02, 0.2558321809221E-02,-0.1406028975667E-02,-0.2707204529558E-02, 0.1212316665133E-02
 0.2779245507102E-02,-0.6985421368246E-03, 0.6955157769248E-02, 0.1749833405280E-02,-0.7077442327277E-03, 0.3863310591966E-02,-0.2710072608585E-03,-0.1617752063007E-02, 0.2715016950611E-02
 0.2612382891419E-02,-0.9554653994794E-03, 0.6650348932530E-02, 0.1506841220788E-02,-0.9301287002900E-03, 0.3865438222479E-02,-0.2144783911605E-03,-0.1731275299132E-02, 0.2423643346603E-02
 0.2437306313269E-02,-0.1123664453724E-02, 0.6357011357733E-02, 0.1249529004580E-02,-0.1167606730708E-02, 0.3614951907695E-02,-0.3692195463528E-03,-0.1857320857068E-02, 0.2194234058262E-02
 0.2244479255795E-02,-0.1253427420611E-02, 0.6100493162189E-02, 0.1014228762533E-02,-0.1388509139471E-02, 0.3268691571303E-02,-0.6228938664882E-03,-0.2000983854527E-02, 0.2011536822723E-02
 0.2253630973467E-02,-0.1219009831564E-02, 0.6144015646573E-02, 0.1018553587571E-02,-0.1396893492516E-02, 0.3296905235107E-02,-0.6467447601105E-03,-0.2020607625301E-02, 0.2063401647408E-02
 0.1767427635457E-02,-0.1598797576526E-02, 0.5799307378177E-02, 0.7549922244280E-03,-0.1653910353982E-02, 0.2916208528456E-02,-0.9776945618008E-03,-0.2361542638847E-02, 0.1725269458589E-02
 0.1678334352184E-02,-0.1705813136957E-02, 0.5613530512932E-02, 0.6809970967651E-03,-0.1686490797017E-02, 0.2790505497194E-02,-0.1047455524830E-02,-0.2413753000790E-02, 0.1541891014971E-02
 0.1561947912600E-02,-0.1807751162987E-02, 0.5392556061217E-02, 0.5403758452697E-03,-0.1756674700893E-02, 0.2696818612862E-02,-0.1143608208573E-02,-0.2487727993965E-02, 0.1374438696730E-02
 0.1323082186025E-02,-0.1933638262580E-02, 0.5127577819795E-02, 0.2553473063727E-03,-0.1942724743351E-02, 0.2633890740576E-02,-0.1339766095881E-02,-0.2663825606906E-02, 0.1254979478673E-02
 0.2841428290070E-02,-0.6452022515244E-03, 0.7004948153111E-02, 0.1825848227135E-02,-0.6245316669066E-03, 0.3943941387648E-02,-0.2031024809019E-03,-0.1564581677601E-02, 0.2768603642226E-02
 0.2674988075252E-02,-0.9020257778003E-03, 0.6701478360138E-02, 0.1583437693768E-02,-0.8466275258754E-03, 0.3946204713735E-02,-0.1467518502001E-03,-0.1678179116845E-02, 0.2478041377155E-02
 0.2500134760279E-02,-0.1070439526768E-02, 0.6409264141187E-02, 0.1326512822759E-02,-0.1084054276307E-02, 0.3696243246656E-02,-0.3015982245478E-03,-0.1804444061546E-02, 0.2249194283030E-02
 0.2307413954677E-02,-0.1200567005973E-02, 0.6153609189037E-02, 0.1091414570611E-02,-0.1305086116622E-02, 0.3350590517416E-02,-0.5553641915416E-03,-0.1948395415061E-02, 0.2066853592194E-02
 0.2316634853047E-02,-0.1166174479937E-02, 0.6197294914369E-02, 0.1095777071616E-02,-0.1313427911332E-02, 0.3378869109298E-02,-0.5791635713088E-03,-0.1967971441408E-02, 0.2118710944415E-02
 0.1830552309703E-02,-0.1546457185275E-02, 0.5853191856256E-02, 0.8320617489095E-03,-0.1571061860578E-02, 0.2998345396482E-02,-0.9105452538540E-03,-0.2309432961969E-02, 0.1780856349763E-02
 0.1741312816556E-02,-0.1653719139698E-02, 0.5667710824207E-02, 0.7578944066467E-03,-0.1603968639540E-02, 0.2872411631076E-02,-0.9805763435680E-03,-0.2361929681070E-02, 0.1597580210638E-02
 0.1624762370184E-02,-0.1755973471401E-02, 0.5447057540225E-02, 0.6171416541020E-03,-0.1674507546495E-02, 0.2779202667851E-02,-0.1077024740512E-02,-0.2436224434029E-02, 0.1430183779694E-02
 0.1385822090997E-02,-0.1882306030956E-02, 0.5182488998190E-02, 0.3321098992701E-03,-0.1860943223949E-02, 0.2718167710912E-02,-0.1273483145829E-02,-0.2612676773417E-02, 0.1310715597023E-02
 0.2935872480765E-02,-0.5549208453970E-03, 0.7107806619792E-02, 0.1949096465933E-02,-0.5314946937720E-03, 0.4038906355949E-02,-0.1201941690502E-03,-0.1468548458199E-02, 0.2866324960457E-02
 0.2770039396025E-02,-0.8117271335255E-03, 0.6806279628026E-02, 0.1707496596741E-02,-0.7530736144178E-03, 0.4041607617762E-02,-0.6399839260150E-04,-0.1582400567210E-02, 0.2576862148257E-02
 0.2595399442277E-02,-0.9805796732498E-03, 0.6515575140113E-02, 0.1451028183406E-02,-0.9903343609809E-03, 0.3792313952510E-02,-0.2189613070695E-03,-0.1709143077120E-02, 0.2348701982584E-02
 0.2402662586083E-02,-0.1111367147023E-02, 0.6260977142258E-02, 0.1216082713503E-02,-0.1211462225032E-02, 0.3447297214020E-02,-0.4728606013573E-03,-0.1853686623669E-02, 0.2166722297930E-02
 0.2412072459325E-02,-0.1076979921077E-02, 0.6304986669269E-02, 0.1220551612023E-02,-0.1219746728699E-02, 0.3475779876980E-02,-0.4965656591376E-03,-0.1873193968459E-02, 0.2218650102387E-02
 0.1925738032596E-02,-0.1458301626526E-02, 0.5961236561539E-02, 0.9563265542790E-03,-0.1478060471881E-02, 0.3095181932629E-02,-0.8285790850052E-03,-0.2215819369648E-02, 0.1880815709642E-02
 0.1836196580824E-02,-0.1566024662664E-02, 0.5776059895336E-02, 0.8818205535517E-03,-0.1511366198081E-02, 0.2968984018333E-02,-0.8989792025015E-03,-0.2268830113223E-02, 0.1697553805111E-02
 0.1719279209548E-02,-0.1668852608043E-02, 0.5555715028421E-02, 0.7407518903756E-03,-0.1582340411808E-02, 0.2876026339830E-02,-0.9958425097650E-03,-0.2343711609701E-02, 0.1530086117498E-02
 0.1479993566651E-02,-0.1795986246401E-02, 0.5291478998183E-02, 0.4555125284714E-03,-0.1769231177319E-02, 0.2816309210764E-02,-0.1192745961285E-02,-0.2520894738463E-02, 0.1410412614685E-02
 0.3213651322692E-02,-0.8171090333858E-03,-0.2257367296303E-02, 0.2053806939315E-02,-0.9607112807650E-03, 0.4510805487831E-02,-0.1995585233048E-03,-0.1989811378743E-02, 0.3198752330643E-02
 0.3033466709011E-02,-0.1079828650779E-02,-0.2490733565764E-02, 0.1797702233778E-02,-0.1189635973302E-02, 0.4501848592956E-02,-0.1451481150055E-03,-0.2103939234116E-02, 0.2891040771221E-02
 0.2848343640119E-02,-0.1249249883691E-02,-0.2668491703545E-02, 0.1530106428146E-02,-0.1431048160809E-02, 0.4236128775762E-02,-0.3040234203107E-03,-0.2228989400987E-02, 0.2649718060178E-02
 0.2646816736488E-02,-0.1378346285595E-02,-0.2803273138703E-02, 0.1286734354712E-02,-0.1654110605402E-02, 0.3873858337172E-02,-0.5628003644852E-03,-0.2371267755124E-02, 0.2457914743186E-02
 0.2659404201655E-02,-0.1340172507617E-02,-0.2780602151416E-02, 0.1294553293680E-02,-0.1660133313701E-02, 0.3905811169898E-02,-0.5840080270384E-03,-0.2389247335784E-02, 0.2514360158687E-02
 0.2148689906890E-02,-0.1727458810266E-02,-0.2994431617382E-02, 0.1015520733607E-02,-0.1921837314319E-02, 0.3500514799482E-02,-0.9265228705000E-03,-0.2732732528271E-02, 0.2155388474042E-02
 0.2054136580320E-02,-0.1835871264103E-02,-0.3131425798065E-02, 0.9373059109766E-03,-0.1954161327066E-02, 0.3363269560484E-02,-0.9984731014376E-03,-0.2783950652300E-02, 0.1963970608376E-02
 0.1931825912509E-02,-0.1938622133455E-02,-0.3250745430289E-02, 0.7910912498772E-03,-0.2024429216693E-02, 0.3275866643224E-02,-0.1097085102384E-02,-0.2856893336770E-02, 0.1788880369985E-02
 0.1683684853409E-02,-0.2064537134207E-02,-0.3318427132038E-02, 0.4971808774966E-03,-0.2211868561716E-02, 0.3250974524081E-02,-0.1297310711879E-02,-0.3032611133286E-02, 0.1662440844871E-02
 0.3330444448690E-02,-0.6911459362101E-03,-0.2133891629842E-02, 0.2177071256577E-02,-0.8200987432003E-03, 0.4634478632793E-02,-0.9214472760251E-04,-0.1947107631047E-02, 0.3225231914028E-02
 0.3150436403081E-02,-0.9546151630363E-03,-0.2368394523556E-02, 0.1921349815733E-02,-0.1049313306206E-02, 0.4625523416148E-02,-0.3844504080976E-04,-0.2061660186054E-02, 0.2918511261277E-02
 0.2964963589242E-02,-0.1125363181177E-02,-0.2547784989394E-02, 0.1653676067577E-02,-0.1291527300394E-02, 0.4360158349493E-02,-0.1980906166119E-03,-0.2187488140939E-02, 0.2677666365916E-02
 0.2762883285963E-02,-0.1255995300681E-02,-0.2684365131178E-02, 0.1409932614764E-02,-0.1515661164539E-02, 0.3998304112013E-02,-0.4576414909765E-03,-0.2330638958058E-02, 0.2486028914563E-02
 0.2775713119512E-02,-0.1217781284857E-02,-0.2661677712424E-02, 0.1417915637417E-02,-0.1521612812648E-02, 0.4030488750078E-02,-0.4787009003445E-03,-0.2348572572133E-02, 0.2542606571399E-02
 0.2264329326238E-02,-0.1607333083975E-02,-0.2878302857877E-02, 0.1137767005782E-02,-0.1785370257798E-02, 0.3624810841310E-02,-0.8226992792627E-03,-0.2693099028430E-02, 0.2183703090352E-02
 0.2169362644629E-02,-0.1716538647834E-02,-0.3016249565559E-02, 0.1059132494282E-02,-0.1818473186889E-02, 0.3487269543405E-02,-0.8952319028082E-03,-0.2744788153196E-02, 0.1992460499317E-02
 0.2046518660870E-02,-0.1820277208797E-02,-0.3136701676145E-02, 0.9124738642971E-03,-0.1889642078167E-02, 0.3399985821378E-02,-0.9945459261874E-03,-0.2818288830048E-02, 0.1817417220937E-02
 0.1797734249224E-02,-0.1947680178588E-02,-0.3206049319644E-02, 0.6180488804688E-03,-0.2078302212043E-02, 0.3376050188412E-02,-0.1195725534575E-02,-0.2994730178257E-02, 0.1690762579171E-02
 0.3470751939947E-02,-0.5451027855900E-03,-0.1993624434527E-02, 0.2306320185609E-02,-0.6994580346391E-03, 0.4743711689165E-02, 0.7594159774459E-05,-0.1851992650438E-02, 0.3333974669850E-02
 0.3291267113305E-02,-0.8091335615949E-03,-0.2229132024527E-02, 0.2051406940629E-02,-0.9284966946310E-03, 0.4735231694041E-02, 0.6088006386716E-04,-0.1967071208467E-02, 0.3028448749058E-02
 0.3105702569604E-02,-0.9810619721005E-03,-0.2410064582606E-02, 0.1784013111513E-02,-0.1171068856103E-02, 0.4470538354808E-02,-0.9925157473710E-04,-0.2093787933193E-02, 0.2788208731533E-02
 0.2903235433204E-02,-0.1113131149458E-02,-0.2548393132408E-02, 0.1540177123972E-02,-0.1395879469896E-02, 0.4109300415315E-02,-0.3593287476118E-03,-0.2237960121104E-02, 0.2596777098647E-02
 0.2916372426916E-02,-0.1074877316384E-02,-0.2525671595193E-02, 0.1548345443700E-02,-0.1401765243400E-02, 0.4141827447442E-02,-0.3802355843966E-03,-0.2255840704284E-02, 0.2653501035446E-02
 0.2404301879738E-02,-0.1466664334135E-02,-0.2745122301755E-02, 0.1267332376470E-02,-0.1667035857797E-02, 0.3735865710947E-02,-0.7254316624660E-03,-0.2601940072422E-02, 0.2294428912263E-02
 0.2308881942437E-02,-0.1576699736367E-02,-0.2884066911773E-02, 0.1188316898781E-02,-0.1700791313988E-02, 0.3598174923404E-02,-0.7984813653330E-03,-0.2654287945846E-02, 0.2103252017330E-02
 0.2185452530916E-02,-0.1681464037835E-02,-0.3005696432588E-02, 0.1041263251915E-02,-0.1772708466344E-02, 0.3510771686161E-02,-0.8984195548551E-03,-0.2728560820646E-02, 0.1928127267824E-02
 0.1935983119796E-02,-0.1810369508019E-02,-0.3076734534623E-02, 0.7464393609589E-03,-0.1962319955868E-02, 0.3486858379622E-02,-0.1100413473304E-02,-0.2906023498971E-02, 0.1801095173686E-02
 0.3612190727892E-02,-0.4007720461824E-03,-0.1858570537747E-02, 0.2424447806346E-02,-0.5978468221596E-03, 0.4837673005084E-02, 0.1035681780661E-03,-0.1731618557898E-02, 0.3473288282295E-02
 0.3433397859313E-02,-0.6651821149817E-03,-0.2094875447576E-02, 0.2170542859346E-02,-0.8264506596942E-03, 0.4829882228310E-02, 0.1565999805925E-03,-0.1847245930815E-02, 0.3169014232316E-02
 0.3247931288872E-02,-0.8380812706596E-03,-0.2277125366054E-02, 0.1903648032912E-02,-0.1069085054947E-02, 0.4566021441304E-02,-0.3837738743450E-05,-0.1974842549349E-02, 0.2929449493556E-02
 0.3045250036344E-02,-0.9713842264443E-03,-0.2416987978635E-02, 0.1659928880607E-02,-0.1294277853510E-02, 0.4205520119972E-02,-0.2642684443135E-03,-0.2120035836496E-02, 0.2738279947543E-02
 0.3058692328645E-02,-0.9330997917261E-03,-0.2394230174111E-02, 0.1668271118418E-02,-0.1300105521133E-02, 0.4238405776780E-02,-0.2850340120932E-03,-0.2137862139060E-02, 0.2795134238172E-02
 0.2546079564125E-02,-0.1326860391248E-02,-0.2616222027929E-02, 0.1386679812648E-02,-0.1566450042938E-02, 0.3832313777949E-02,-0.6312026716429E-03,-0.2485722108630E-02, 0.2435869959881E-02
 0.2450238070903E-02,-0.1437661827370E-02,-0.2756076965534E-02, 0.1307358211913E-02,-0.1600735360337E-02, 0.3694568257434E-02,-0.7047148111577E-03,-0.2538789932009E-02, 0.2244721852382E-02
 0.2326267875786E-02,-0.1543370237896E-02,-0.2878781989561E-02, 0.1159998892024E-02,-0.1673252140296E-02, 0.3606978249695E-02,-0.8052052421473E-03,-0.2613901307620E-02, 0.2069484807879E-02
 0.2076200580908E-02,-0.1673634176770E-02,-0.2951355708345E-02, 0.8649220969946E-03,-0.1863574368393E-02, 0.3582731564069E-02,-0.1007885170293E-02,-0.2792476555979E-02, 0.1942063680451E-02
 0.3604073500676E-02,-0.3950279830758E-03,-0.1844476045124E-02, 0.2419032832328E-02,-0.6009475688867E-03, 0.4815901311483E-02, 0.9709500108006E-04,-0.1715952280944E-02, 0.3472523933989E-02
 0.3425351490648E-02,-0.6594972241899E-03,-0.2080867565471E-02, 0.2165194830827E-02,-0.8295029087916E-03, 0.4808277194965E-02, 0.1500575043484E-03,-0.1831682911783E-02, 0.3168345732344E-02
 0.3240083691062E-02,-0.8324679941201E-03,-0.2263244193832E-02, 0.1898440211892E-02,-0.1072102396802E-02, 0.4544752023463E-02,-0.1035064619006E-04,-0.1959397561170E-02, 0.2928955075096E-02
 0.3037690043848E-02,-0.9658289348832E-03,-0.2403244936701E-02, 0.1654903300280E-02,-0.1297264185674E-02, 0.4184678523991E-02,-0.2706876363809E-03,-0.2104708500892E-02, 0.2738007106613E-02
 0.3050860420645E-02,-0.9276249308630E-03,-0.2380515542385E-02, 0.1663069676862E-02,-0.1303127213487E-02, 0.4217179589009E-02,-0.2915439647747E-03,-0.2122552059337E-02, 0.2794621615139E-02
 0.2539204974245E-02,-0.1321275896975E-02,-0.2602674791945E-02, 0.1382019898058E-02,-0.1569347277025E-02, 0.3812297449195E-02,-0.6373808791031E-03,-0.2470568338497E-02, 0.2436059813424E-02
 0.2443573100711E-02,-0.1432048370665E-02,-0.2742602436638E-02, 0.1302844296428E-02,-0.1603603704115E-02, 0.3674958062818E-02,-0.7107993407299E-03,-0.2523699401171E-02, 0.2245123876145E-02
 0.2319875943588E-02,-0.1537729109264E-02,-0.2865394118455E-02, 0.1155683089649E-02,-0.1676082623930E-02, 0.3587344544358E-02,-0.8111758629573E-03,-0.2598885044311E-02, 0.2070133964732E-02
 0.2070259209550E-02,-0.1667974815130E-02,-0.2938091506702E-02, 0.8609140241140E-03,-0.1866343465309E-02, 0.3562325719246E-02,-0.1013693071103E-02,-0.2777565631331E-02, 0.1943030743928E-02
 0.3808929919555E-02,-0.2044176596316E-03,-0.1692121949348E-02, 0.2558915442669E-02,-0.4479435537591E-03, 0.4976453808120E-02, 0.2998617643537E-03,-0.1523701520961E-02, 0.3636858813784E-02
 0.3631315537203E-02,-0.4690627603463E-03,-0.1929097575523E-02, 0.2306728081767E-02,-0.6757284042073E-03, 0.4969645272681E-02, 0.3523153764576E-03,-0.1640180993161E-02, 0.3334673176283E-02
 0.3446340774791E-02,-0.6430214474767E-03,-0.2112770035157E-02, 0.2040933399945E-02,-0.9181902900796E-03, 0.4707307456238E-02, 0.1913885393714E-03,-0.1769031339747E-02, 0.3096443552925E-02
 0.3243774042850E-02,-0.7777636431217E-03,-0.2254401551049E-02, 0.1797798129244E-02,-0.1143664183667E-02, 0.4348321224929E-02,-0.6953039760701E-04,-0.1915669293259E-02, 0.2906032248203E-02
 0.3257554734184E-02,-0.7394808319539E-03,-0.2231626917947E-02, 0.1806323696720E-02,-0.1149409278254E-02, 0.4381595390539E-02,-0.9010983001365E-04,-0.1933406543772E-02, 0.2962979609042E-02
 0.2744938312505E-02,-0.1135478248352E-02,-0.2456590642817E-02, 0.1524572749379E-02,-0.1416987883148E-02, 0.3975926982279E-02,-0.4377911740491E-03,-0.2283974951224E-02, 0.2604113812657E-02
 0.2648635208445E-02,-0.1247218207449E-02,-0.2597471711011E-02, 0.1445007913830E-02,-0.1451979818678E-02, 0.3838149015397E-02,-0.5121069412892E-03,-0.2338160091917E-02, 0.2413203233462E-02
 0.2524104402546E-02,-0.1354091220390E-02,-0.2721434664871E-02, 0.1297466846886E-02,-0.1525266381810E-02, 0.3750669521497E-02,-0.6135098076477E-03,-0.2414555766915E-02, 0.2238039556424E-02
 0.2273617737872E-02,-0.1486005749314E-02,-0.2795897657491E-02, 0.1002443447813E-02,-0.1716403500353E-02, 0.3727002778096E-02,-0.8172224079537E-03,-0.2594803721090E-02, 0.2110408638873E-02
 0.3863755880497E-02,-0.1578121053225E-03,-0.1652762223296E-02, 0.2611099919961E-02,-0.3708829929359E-03, 0.5046626812510E-02, 0.3673694166774E-03,-0.1478067594776E-02, 0.3676308290275E-02
 0.3686618749962E-02,-0.4223186191080E-03,-0.1889717951355E-02, 0.2359524875168E-02,-0.5984205308069E-03, 0.5040009554717E-02, 0.4196416460673E-03,-0.1594605732111E-02, 0.3374924145152E-02
 0.3501985219917E-02,-0.5964100419665E-03,-0.2073621229912E-02, 0.2094205834667E-02,-0.8408335787543E-03, 0.4778319144607E-02, 0.2586449377707E-03,-0.1723635924162E-02, 0.3137294136458E-02
 0.3299674167570E-02,-0.7314145128715E-03,-0.2215614942487E-02, 0.1851396138938E-02,-0.1066412701185E-02, 0.4420096045488E-02,-0.2308951420893E-05,-0.1870508072863E-02, 0.2947308094176E-02
 0.3313492800100E-02,-0.6931645503976E-03,-0.2192851702250E-02, 0.1859938992018E-02,-0.1072126972450E-02, 0.4453373470707E-02,-0.2284687992765E-04,-0.1888211068984E-02, 0.3004222763395E-02
 0.2801295004811E-02,-0.1089475154716E-02,-0.2418445203780E-02, 0.1578318143717E-02,-0.1340231427120E-02, 0.4048213633453E-02,-0.3708412453222E-03,-0.2239177847934E-02, 0.2645827228794E-02
 0.2704936411046E-02,-0.1201393419380E-02,-0.2559512188770E-02, 0.1498698148431E-02,-0.1375511746416E-02, 0.3910329286062E-02,-0.4453861643344E-03,-0.2293601153507E-02, 0.2455094855493E-02
 0.2580354638361E-02,-0.1308502216522E-02,-0.2683736389460E-02, 0.1351160033121E-02,-0.1449106109895E-02, 0.3823379452264E-02,-0.5470343858734E-03,-0.2370260417422E-02, 0.2280075373749E-02
 0.2329966808760E-02,-0.1440750473627E-02,-0.2758659790457E-02, 0.1056305706609E-02,-0.1640564572532E-02, 0.3801536587942E-02,-0.7509740008031E-03,-0.2550788399418E-02, 0.2152549422534E-02
 0.3924734081824E-02,-0.1045827176270E-03,-0.1596803834793E-02, 0.2686008721066E-02,-0.2873416204264E-03, 0.5125574827964E-02, 0.4349770460769E-03,-0.1424170197771E-02, 0.3728907533077E-02
 0.3748193174850E-02,-0.3688934994459E-03,-0.1833801306004E-02, 0.2435144417562E-02,-0.5145337324546E-03, 0.5119236844475E-02, 0.4871368058876E-03,-0.1540754404685E-02, 0.3428463597457E-02
 0.3563956492559E-02,-0.5431076393194E-03,-0.2018016795462E-02, 0.2170353945129E-02,-0.7568316015111E-03, 0.4858266725604E-02, 0.3261316154473E-03,-0.1669973776598E-02, 0.3191515807668E-02
 0.3361913144624E-02,-0.6783932073906E-03,-0.2160465829276E-02, 0.1927880536608E-02,-0.9824779325486E-03, 0.4500853316187E-02, 0.6519106284320E-04,-0.1817104368410E-02, 0.3001992177976E-02
 0.3375817297813E-02,-0.6401694470227E-03,-0.2137696114916E-02, 0.1936471868130E-02,-0.9881541853157E-03, 0.4534207426684E-02, 0.4471216454706E-04,-0.1834766111020E-02, 0.3058907910572E-02
 0.2863962890508E-02,-0.1036850908698E-02,-0.2364126634401E-02, 0.1654857842656E-02,-0.1256786800377E-02, 0.4129452005055E-02,-0.3035777765065E-03,-0.2186203431332E-02, 0.2700929455950E-02
 0.2767520038081E-02,-0.1148979958417E-02,-0.2505472759145E-02, 0.1575116065073E-02,-0.1292375410618E-02, 0.3991420986114E-02,-0.3783559836296E-03,-0.2240903058683E-02, 0.2510359227137E-02
 0.2642845201964E-02,-0.1256365999240E-02,-0.2630055363406E-02, 0.1427515221512E-02,-0.1366299000218E-02, 0.3905005577016E-02,-0.4802554141708E-03,-0.2317869062288E-02, 0.2335455159555E-02
 0.2392498257073E-02,-0.1389001674966E-02,-0.2705543945731E-02, 0.1132776227796E-02,-0.1558091715531E-02, 0.3885082666828E-02,-0.6844200919694E-03,-0.2498726176393E-02, 0.2207986308027E-02
 0.4018250521267E-02,-0.1397580202225E-04,-0.1489865502928E-02, 0.2808209759279E-02,-0.1935132907776E-03, 0.5219487811342E-02, 0.5180792057691E-03,-0.1326649430688E-02, 0.3825686761550E-02
 0.3842570034055E-02,-0.2781188995021E-03,-0.1727190217653E-02, 0.2558351679596E-02,-0.4201071882652E-03, 0.5213733017822E-02, 0.5701932377377E-03,-0.1443441357215E-02, 0.3526547147331E-02
 0.3658779862272E-02,-0.4526367386421E-03,-0.1912100579803E-02, 0.2294219612533E-02,-0.6621550733575E-03, 0.4953667778249E-02, 0.4091996521882E-03,-0.1573089753461E-02, 0.3290460105388E-02
 0.3456926052525E-02,-0.5884650145506E-03,-0.2055429030313E-02, 0.2052084420550E-02,-0.8878197369230E-03, 0.4597142740592E-02, 0.1482523598273E-03,-0.1720765291248E-02, 0.3101440830150E-02
 0.3471064619599E-02,-0.5502398063005E-03,-0.2032611671025E-02, 0.2060816007593E-02,-0.8934401480357E-03, 0.4630797528686E-02, 0.1278889446789E-03,-0.1738368396069E-02, 0.3158456310732E-02
 0.2959211705578E-02,-0.9477956571063E-03,-0.2260669960162E-02, 0.1778888111660E-02,-0.1162650562947E-02, 0.4226115862902E-02,-0.2208877025007E-03,-0.2090880478724E-02, 0.2800666357516E-02
 0.2862546590963E-02,-0.1060337808941E-02,-0.2402621939088E-02, 0.1698874733465E-02,-0.1198614764348E-02, 0.4087912741755E-02,-0.2959927673726E-03,-0.2146083449315E-02, 0.2610200444855E-02
 0.2737590352980E-02,-0.1168246906042E-02,-0.2527916830257E-02, 0.1551049309276E-02,-0.1272943620792E-02, 0.4001802893810E-02,-0.3982590823561E-03,-0.2223620986850E-02, 0.2435307668675E-02
 0.2487028619675E-02,-0.1301609742081E-02,-0.2604396060848E-02, 0.1256260416473E-02,-0.1465136229367E-02, 0.3983201115118E-02,-0.6027900681808E-03,-0.2405171328112E-02, 0.2307707219504E-02
 0.4426071039104E-02,-0.1648177893544E-03,-0.2121853457458E-02, 0.3036819172329E-02,-0.5219037665242E-03, 0.5819789903026E-02, 0.5518887055889E-03,-0.1758935810397E-02, 0.4281301129101E-02
 0.4232747769985E-02,-0.4371056155171E-03,-0.2360185356782E-02, 0.2770082552034E-02,-0.7572068155608E-03, 0.5799493675807E-02, 0.6005572605417E-03,-0.1877069012435E-02, 0.3961449837183E-02
 0.4035409462087E-02,-0.6141399770014E-03,-0.2542012526011E-02, 0.2492473774600E-02,-0.1004721553340E-02, 0.5520086431977E-02, 0.4337718788816E-03,-0.2006008716955E-02, 0.3710045581973E-02
 0.3821977058404E-02,-0.7500117354698E-03,-0.2680295849004E-02, 0.2239725707046E-02,-0.1233561615323E-02, 0.5143563877621E-02, 0.1660468286482E-03,-0.2152347264781E-02, 0.3509319280813E-02
 0.3839470022444E-02,-0.7077117940823E-03,-0.2655108045410E-02, 0.2251851206513E-02,-0.1236608103969E-02, 0.5181014493096E-02, 0.1483059639036E-03,-0.2168108448477E-02, 0.3570963768634E-02
 0.3298513735668E-02,-0.1114630890008E-02,-0.2878074491703E-02, 0.1951743169641E-02,-0.1511672253752E-02, 0.4747155661668E-02,-0.2141652053801E-03,-0.2523590253655E-02, 0.3188824210000E-02
 0.3195338471598E-02,-0.1228950322821E-02,-0.3018626967063E-02, 0.1866849825254E-02,-0.1547393351679E-02, 0.4596004823705E-02,-0.2918290083861E-03,-0.2577610977972E-02, 0.2988851871039E-02
 0.3063378526188E-02,-0.1337926114206E-02,-0.3141490198845E-02, 0.1712486859792E-02,-0.1621854488472E-02, 0.4515765214894E-02,-0.3969652144903E-03,-0.2653890444864E-02, 0.2804992447274E-02
 0.2801767189783E-02,-0.1471545605320E-02,-0.3212565677363E-02, 0.1407003095289E-02,-0.1815777803924E-02, 0.4536093622094E-02,-0.6063992330205E-03,-0.2834923096322E-02, 0.2669193026878E-02
 0.4538619351574E-02,-0.4017903507880E-04,-0.1997461918686E-02, 0.3156897236701E-02,-0.3819468476081E-03, 0.5939268020393E-02, 0.6576847462878E-03,-0.1716212264725E-02, 0.4305753561899E-02
 0.4345823022896E-02,-0.3130011994295E-03,-0.2236860219633E-02, 0.2890804456378E-02,-0.6174178488192E-03, 0.5919442355865E-02, 0.7057799623051E-03,-0.1834708713501E-02, 0.3987070596964E-02
 0.4148461634282E-02,-0.4911724122929E-03,-0.2420257179377E-02, 0.2613393891948E-02,-0.8656021864548E-03, 0.5640702371595E-02, 0.5384046852328E-03,-0.1964369135510E-02, 0.3736322139750E-02
 0.3934772405701E-02,-0.6284131729998E-03,-0.2560285506297E-02, 0.2360535486944E-02,-0.1095385570844E-02, 0.5264826333005E-02, 0.2700952345631E-03,-0.2111530214488E-02, 0.3535926410410E-02
 0.3952540586884E-02,-0.5860589527733E-03,-0.2535079828639E-02, 0.2372862219006E-02,-0.1098349797498E-02, 0.5302411381182E-02, 0.2525352033627E-03,-0.2127237207798E-02, 0.3597740534742E-02
 0.3411359308519E-02,-0.9949853352678E-03,-0.2760767095192E-02, 0.2071954929346E-02,-0.1375292321205E-02, 0.4868779154550E-02,-0.1111809095995E-03,-0.2483701078299E-02, 0.3215866015966E-02
 0.3307908324297E-02,-0.1110012374819E-02,-0.2902239546702E-02, 0.1986752572248E-02,-0.1411742575733E-02, 0.4717503599704E-02,-0.1893496913310E-03,-0.2538169571940E-02, 0.3016143913386E-02
 0.3175564527943E-02,-0.1219888115009E-02,-0.3026203454855E-02, 0.1832085115392E-02,-0.1487043666108E-02, 0.4637469508879E-02,-0.2951000373240E-03,-0.2614983487602E-02, 0.2832411505903E-02
 0.2913530528174E-02,-0.1354878602112E-02,-0.3098911583601E-02, 0.1526309773114E-02,-0.1682085279540E-02, 0.4658733962902E-02,-0.5053527659499E-03,-0.2796710360931E-02, 0.2696507017520E-02
 0.4675375828132E-02, 0.1047746224339E-03,-0.1855918224551E-02, 0.3283317329947E-02,-0.2616359823728E-03, 0.6045405312155E-02, 0.7562546153232E-03,-0.1620501201511E-02, 0.4411604060029E-02
 0.4483499241711E-02,-0.1683565697884E-03,-0.2096236976083E-02, 0.3018316668373E-02,-0.4968020714901E-03, 0.6026331941153E-02, 0.8041042614690E-03,-0.1739445470620E-02, 0.4094409141254E-02
 0.4286409509164E-02,-0.3474903401786E-03,-0.2281098374319E-02, 0.2741475810147E-02,-0.7452104886274E-03, 0.5748598107017E-02, 0.6364328410147E-03,-0.1869919237930E-02, 0.3844521901169E-02
 0.4072658690984E-02,-0.4859802725313E-03,-0.2422807502200E-02, 0.2488792700313E-02,-0.9755443216898E-03, 0.5373669520737E-02, 0.3677833700455E-03,-0.2018032182619E-02, 0.3644550702487E-02
 0.4090784251058E-02,-0.4435706465892E-03,-0.2397572707106E-02, 0.2501353909290E-02,-0.9784313394719E-03, 0.5411679105483E-02, 0.3504137079173E-03,-0.2033681285687E-02, 0.3706551246459E-02
 0.3549382039691E-02,-0.8544429583019E-03,-0.2625989278653E-02, 0.2199891506003E-02,-0.1256720587212E-02, 0.4978090935701E-02,-0.1427765909681E-04,-0.2391614320845E-02, 0.3324789880196E-02
 0.3445622361831E-02,-0.9702066794925E-03,-0.2768425243503E-02, 0.2114420584473E-02,-0.1293775360188E-02, 0.4826821873837E-02,-0.9288898191808E-04,-0.2446715558183E-02, 0.3125274727983E-02
 0.3312849052049E-02,-0.1081013289854E-02,-0.2893532146984E-02, 0.1959496779007E-02,-0.1369767790425E-02, 0.4746737917761E-02,-0.1991816355078E-03,-0.2524271816207E-02, 0.2941594555126E-02
 0.3050362562508E-02,-0.1217378767111E-02,-0.2967890654757E-02, 0.1653540588839E-02,-0.1565667800761E-02, 0.4767967781486E-02,-0.4101262138174E-03,-0.2706969276322E-02, 0.2805442966676E-02
 0.4813855058875E-02, 0.2482144274245E-03,-0.1719513993108E-02, 0.3399065080981E-02,-0.1601564317192E-03, 0.6137033757662E-02, 0.8513227705645E-03,-0.1499237470275E-02, 0.4547846963353E-02
 0.4623060132846E-02,-0.2504413505351E-04,-0.1960545660005E-02, 0.3135343456771E-02,-0.3947650468642E-03, 0.6118803454758E-02, 0.8990857535136E-03,-0.1618649105506E-02, 0.4232229760849E-02
 0.4426425305063E-02,-0.2049323381154E-03,-0.2146645457051E-02, 0.2859273634324E-02,-0.6431104345824E-03, 0.5842226762009E-02, 0.7312936017187E-03,-0.1749922762715E-02, 0.3983293288444E-02
 0.4212779292452E-02,-0.3444702869722E-03,-0.2289819483637E-02, 0.2606956327554E-02,-0.8737099738402E-03, 0.5468399875218E-02, 0.4624702315373E-03,-0.1898981210912E-02, 0.3783813953744E-02
 0.4231264794131E-02,-0.3020163746074E-03,-0.2264556273894E-02, 0.2619741039259E-02,-0.8765295836791E-03, 0.5506936447497E-02, 0.4452784934433E-03,-0.1914574007337E-02, 0.3845982315871E-02
 0.3689768580451E-02,-0.7145758429145E-03,-0.2495414623002E-02, 0.2317982116687E-02,-0.1155741022840E-02, 0.5073380302722E-02, 0.7982550144576E-04,-0.2274143556312E-02, 0.3464332327872E-02
 0.3585724277526E-02,-0.8310152490424E-03,-0.2638727936081E-02, 0.2232308767409E-02,-0.1193281975995E-02, 0.4922192823168E-02, 0.8215819842375E-06,-0.2329938396927E-02, 0.3265007657852E-02
 0.3452558693886E-02,-0.9426738857469E-03,-0.2764876941588E-02, 0.2077205262838E-02,-0.1269823016771E-02, 0.4841979745204E-02,-0.1059468246356E-03,-0.2408301011971E-02, 0.3081364444358E-02
 0.3189700342458E-02,-0.1080272861882E-02,-0.2840730537146E-02, 0.1771192108427E-02,-0.1466351496555E-02, 0.4862810716676E-02,-0.3174623065745E-03,-0.2592050398305E-02, 0.2944955708327E-02
 0.4802441294752E-02, 0.2518022035525E-03,-0.1706485997406E-02, 0.3390886949068E-02,-0.1649658517395E-03, 0.6111918780989E-02, 0.8425770975577E-03,-0.1484804516808E-02, 0.4544033446300E-02
 0.4611811927740E-02,-0.2149100756807E-04,-0.1947599716172E-02, 0.3127268280471E-02,-0.3995246809698E-03, 0.6094150047805E-02, 0.8902878335002E-03,-0.1604318501224E-02, 0.4228567014882E-02
 0.4415493694854E-02,-0.2014133917358E-03,-0.2133821891249E-02, 0.2851402668628E-02,-0.6478224190210E-03, 0.5817954097326E-02, 0.7225636358748E-03,-0.1735704018345E-02, 0.3979884606149E-02
 0.4202254085427E-02,-0.3409643816035E-03,-0.2277129475666E-02, 0.2599344124770E-02,-0.8783707723968E-03, 0.5444510479018E-02, 0.4538833367867E-03,-0.1884869173744E-02, 0.3780716071719E-02
 0.4220344871342E-02,-0.2986204565057E-03,-0.2251887778336E-02, 0.2611904741772E-02,-0.8812414944645E-03, 0.5482428326618E-02, 0.4365664721711E-03,-0.1900482600850E-02, 0.3842573207021E-02
 0.3680080694277E-02,-0.7109499090516E-03,-0.2482908684631E-02, 0.2310864285936E-02,-0.1160266151137E-02, 0.5050598436777E-02, 0.7156976264389E-04,-0.2260170821674E-02, 0.3461840032249E-02
 0.3576318879805E-02,-0.8273277355062E-03,-0.2626277064355E-02, 0.2225378326337E-02,-0.1197757700265E-02, 0.4899870289076E-02,-0.7309082341543E-05,-0.2316013126531E-02, 0.3262785187911E-02
 0.3443511498589E-02,-0.9389193704673E-03,-0.2752494391753E-02, 0.2070529071291E-02,-0.1274236345718E-02, 0.4819657512980E-02,-0.1139235598640E-03,-0.2394431423003E-02, 0.3079458437131E-02
 0.3181211935020E-02,-0.1076442638950E-02,-0.2828457989960E-02, 0.1764917069303E-02,-0.1470670479860E-02, 0.4839732700483E-02,-0.3252143653691E-03,-0.2578261964355E-02, 0.2943464262381E-02
 0.5006040143304E-02, 0.4432374568025E-03,-0.1551290390531E-02, 0.3530486072081E-02,-0.1043231775954E-04, 0.6272092027309E-02, 0.1045851771143E-02,-0.1289791401821E-02, 0.4707487345037E-02
 0.4816970757745E-02, 0.1700945158576E-03,-0.1792878945770E-02, 0.3268837837778E-02,-0.2440495088846E-03, 0.6255056359269E-02, 0.1093242698167E-02,-0.1409936295430E-02, 0.4394374389124E-02
 0.4621349533225E-02,-0.1054285396931E-04,-0.1980294670724E-02, 0.2994233421131E-02,-0.4920411567393E-03, 0.5980495325769E-02, 0.9252619598591E-03,-0.1542345033370E-02, 0.4147144629416E-02
 0.4408296956736E-02,-0.1512480722130E-03,-0.2125143990808E-02, 0.2742838745271E-02,-0.7227504059782E-03, 0.5608747822037E-02, 0.6562761183170E-03,-0.1692732614932E-02, 0.3948744520590E-02
 0.4427191633631E-02,-0.1087879295598E-03,-0.2099873844763E-02, 0.2755860665847E-02,-0.7254835939463E-03, 0.5647895110642E-02, 0.6393149709128E-03,-0.1708238682693E-02, 0.4011051176130E-02
 0.3886379695819E-02,-0.5231557320892E-03,-0.2333569118024E-02, 0.2454342308443E-02,-0.1005694287227E-02, 0.5215048984783E-02, 0.2727553739209E-03,-0.2070304306071E-02, 0.3630219074295E-02
 0.3782066516694E-02,-0.6404032315674E-03,-0.2477859823030E-02, 0.2368565267327E-02,-0.1043877785463E-02, 0.5064025455671E-02, 0.1930661217838E-03,-0.2127172472832E-02, 0.3431333235490E-02
 0.3648559712265E-02,-0.7530903287111E-03,-0.2605217503649E-02, 0.2213446339971E-02,-0.1121111396925E-02, 0.4984020870427E-02, 0.8552476190200E-04,-0.2206764330138E-02, 0.3247956140506E-02
 0.3385641337887E-02,-0.8921498869991E-03,-0.2682903320889E-02, 0.1907743523045E-02,-0.1318326927729E-02, 0.5005386492195E-02,-0.1267933465635E-03,-0.2392081485301E-02, 0.3111530905039E-02
 0.5059157035380E-02, 0.4892848693269E-03,-0.1511536635674E-02, 0.3581266671629E-02, 0.6642657980667E-04, 0.6339947803003E-02, 0.1112533883612E-02,-0.1243877026971E-02, 0.4745585811933E-02
 0.4870736073251E-02, 0.2163783488594E-03,-0.1753074766351E-02, 0.3320349821306E-02,-0.1668828006973E-03, 0.6323351517260E-02, 0.1159803785461E-02,-0.1364047682726E-02, 0.4433393194125E-02
 0.4675627794485E-02, 0.3570387918193E-04,-0.1940690935763E-02, 0.3046354297987E-02,-0.4147554525327E-03, 0.6049622941554E-02, 0.9918571224618E-03,-0.1496601416953E-02, 0.4186882092356E-02
 0.4462994606940E-02,-0.1051752944282E-03,-0.2085874470586E-02, 0.2795414103424E-02,-0.6455000848099E-03, 0.5678785690583E-02, 0.7229549785450E-03,-0.1647188804905E-02, 0.3989016791627E-02
 0.4481951139396E-02,-0.6275113289530E-04,-0.2060621223875E-02, 0.2808459654415E-02,-0.6482075786423E-03, 0.5717864015646E-02, 0.7060411552368E-03,-0.1662664787067E-02, 0.4051292062298E-02
 0.3941803136943E-02,-0.4772947723365E-03,-0.2294900943164E-02, 0.2507235707567E-02,-0.9288401271326E-03, 0.5285879621648E-02, 0.3393285836820E-03,-0.2025066842985E-02, 0.3671080733311E-02
 0.3837495190605E-02,-0.5946806050377E-03,-0.2439362325788E-02, 0.2421454021804E-02,-0.9672884212120E-03, 0.5134839579988E-02, 0.2594530809832E-03,-0.2082158399769E-02, 0.3472431964716E-02
 0.3704011023325E-02,-0.7075593373970E-03,-0.2566964765821E-02, 0.2266404400074E-02,-0.1044797542850E-02, 0.5055425484153E-02, 0.1517192626864E-03,-0.2161995904940E-02, 0.3289260093143E-02
 0.3441324575068E-02,-0.8468875972846E-03,-0.2645089983153E-02, 0.1960982134319E-02,-0.1242273976255E-02, 0.5078650297110E-02,-0.6073545527334E-04,-0.2347562550917E-02, 0.3153013161075E-02
 0.5118758152560E-02, 0.5422007606914E-03,-0.1454865855446E-02, 0.3654780927693E-02, 0.1499983492997E-03, 0.6416901189449E-02, 0.1179612045664E-02,-0.1189449887754E-02, 0.4796983956030E-02
 0.4931115132282E-02, 0.2696010565109E-03,-0.1696407093877E-02, 0.3394718596776E-02,-0.8289626522641E-04, 0.6400795935941E-02, 0.1226844656766E-02,-0.1309626930079E-02, 0.4485872000984E-02
 0.4736579530099E-02, 0.8890983197790E-04,-0.1884297509586E-02, 0.3121408334796E-02,-0.3305762581805E-03, 0.6127990403713E-02, 0.1058999210724E-02,-0.1442328733816E-02, 0.4240174918880E-02
 0.4524379642938E-02,-0.5215460968797E-04,-0.2029901768285E-02, 0.2870953143270E-02,-0.5613127303117E-03, 0.5758146028418E-02, 0.7902291012091E-03,-0.1593134789627E-02, 0.4042888527640E-02
 0.4543478959301E-02,-0.9755226716577E-05,-0.2004651134725E-02, 0.2884062993066E-02,-0.5639855225176E-03, 0.5797288084814E-02, 0.7733858487259E-03,-0.1608574245710E-02, 0.4105176699495E-02
 0.4003900201394E-02,-0.4245299315405E-03,-0.2239710477500E-02, 0.2583019977642E-02,-0.8450395151021E-03, 0.5365986491243E-02, 0.4065284664334E-03,-0.1971377620113E-02, 0.3725531089437E-02
 0.3899564822178E-02,-0.5420854588663E-03,-0.2384434184036E-02, 0.2497172414912E-02,-0.8837725120555E-03, 0.5214893015550E-02, 0.3264614622382E-03,-0.2028730911729E-02, 0.3527109880655E-02
 0.3766055553221E-02,-0.6551966680050E-03,-0.2512377076181E-02, 0.2342135930576E-02,-0.9615785388687E-03, 0.5136073978312E-02, 0.2185266031284E-03,-0.2108857054564E-02, 0.3344118192736E-02
 0.3503539806437E-02,-0.7948463871166E-03,-0.2591043867178E-02, 0.2036959323390E-02,-0.1159327565658E-02, 0.5161242061927E-02, 0.5931341321653E-05,-0.2294719748847E-02, 0.3207999411171E-02
 0.5211194488740E-02, 0.6328685411082E-03,-0.1346411257605E-02, 0.3775544030663E-02, 0.2443192243715E-03, 0.6509612074278E-02, 0.1262674488393E-02,-0.1090721081205E-02, 0.4892517397203E-02
 0.5024663240950E-02, 0.3606095410261E-03,-0.1588213719709E-02, 0.3516704361630E-02, 0.1212049839220E-04, 0.6494167207962E-02, 0.1309983842604E-02,-0.1211041036366E-02, 0.4582932565663E-02
 0.4830801772239E-02, 0.1797684236131E-03,-0.1776736294680E-02, 0.3244274909794E-02,-0.2352089887162E-03, 0.6222530930076E-02, 0.1142292927125E-02,-0.1344107559793E-02, 0.4338283735452E-02
 0.4618998195043E-02, 0.3829407702148E-04,-0.1923164384249E-02, 0.2994361551434E-02,-0.4658708361048E-03, 0.5853888739940E-02, 0.8736569747173E-03,-0.1495397671179E-02, 0.4141655833550E-02
 0.4638453285940E-02, 0.8070783404162E-04,-0.1897881179277E-02, 0.3007654356725E-02,-0.4684844051756E-03, 0.5893513904555E-02, 0.8569589604596E-03,-0.1510782690978E-02, 0.4204084672973E-02
 0.4099117164944E-02,-0.3347587510886E-03,-0.2134478714114E-02, 0.2706506620259E-02,-0.7499980083276E-03, 0.5462328620199E-02, 0.4897708901565E-03,-0.1874556736598E-02, 0.3824802522603E-02
 0.3994627352498E-02,-0.4526717122183E-03,-0.2279784134751E-02, 0.2620462423368E-02,-0.7890787838062E-03, 0.5311166341756E-02, 0.4094249874409E-03,-0.1932395502986E-02, 0.3626583403135E-02
 0.3860912815145E-02,-0.5662481683749E-03,-0.2408414730298E-02, 0.2465302273512E-02,-0.8672545446300E-03, 0.5232707237670E-02, 0.3011770592134E-03,-0.2013070002265E-02, 0.3443691997223E-02
 0.3598329657902E-02,-0.7065424672914E-03,-0.2488040254087E-02, 0.2160247571619E-02,-0.1065337935124E-02, 0.5259169797994E-02, 0.8830201655765E-04,-0.2199577417265E-02, 0.3307520322032E-02
 0.5752428888522E-02, 0.5977979055854E-03,-0.1888600982983E-02, 0.4131259171024E-02, 0.2212018009929E-04,-0.1412493674405E-02, 0.1413308915534E-02,-0.1428810672109E-02, 0.5473768471257E-02
 0.5544590970361E-02, 0.3149293712519E-03,-0.2132675624514E-02, 0.3852984738110E-02,-0.2203181868839E-03,-0.1622281307962E-02, 0.1455381080916E-02,-0.1551697501802E-02, 0.5140847789575E-02
 0.5333824022278E-02, 0.1294257869846E-03,-0.2319248766222E-02, 0.3564553632683E-02,-0.4746003762342E-03,-0.1857059111738E-02, 0.1279855744654E-02,-0.1685189670783E-02, 0.4878588807224E-02
 0.5107446361102E-02,-0.1399546585449E-04,-0.2461655689974E-02, 0.3301686725090E-02,-0.7098383095230E-03,-0.2081990697876E-02, 0.1002375247691E-02,-0.1836210636962E-02, 0.4668244421565E-02
 0.5130604400310E-02, 0.3274060052034E-04,-0.2433637296151E-02, 0.3318377632327E-02,-0.7095984698217E-03,-0.2089638529664E-02, 0.9883604352405E-03,-0.1849454579126E-02, 0.4735273967582E-02
 0.4557132166770E-02,-0.3957214518001E-03,-0.2667312011067E-02, 0.2995528984795E-02,-0.9996290942030E-03,-0.2362969665810E-02, 0.6041181354299E-03,-0.2218532792553E-02, 0.4328311029754E-02
 0.4444473642841E-02,-0.5165869130649E-03,-0.2811966793509E-02, 0.2903357197829E-02,-0.1039277627771E-02,-0.2411260338669E-02, 0.5201383109257E-03,-0.2275875770070E-02, 0.4119184091688E-02
 0.4302008201637E-02,-0.6324603380165E-03,-0.2938952576760E-02, 0.2740180448483E-02,-0.1118507164312E-02,-0.2464110052693E-02, 0.4078276098071E-03,-0.2356053998127E-02, 0.3925936515501E-02
 0.4026131368586E-02,-0.7745964652740E-03,-0.3014104300478E-02, 0.2422291473382E-02,-0.1319626885443E-02,-0.2571037494305E-02, 0.1883635088002E-03,-0.2543102964766E-02, 0.3780057943681E-02
 0.5860113092305E-02, 0.7206494223639E-03,-0.1763749596626E-02, 0.4247638702584E-02, 0.1608630415253E-03,-0.1302933214452E-02, 0.1517075417006E-02,-0.1386320624193E-02, 0.5495977705842E-02
 0.5653225866820E-02, 0.4374918165436E-03,-0.2008795394350E-02, 0.3970296799045E-02,-0.8159707004762E-04,-0.1513087539252E-02, 0.1558728879210E-02,-0.1509492068759E-02, 0.5164424180028E-02
 0.5442808724106E-02, 0.2510681074767E-03,-0.2196852016634E-02, 0.3682370593525E-02,-0.3363900500405E-03,-0.1748525722373E-02, 0.1382816682875E-02,-0.1643631093074E-02, 0.4903008790085E-02
 0.5216497386150E-02, 0.1064681681878E-03,-0.2340928629391E-02, 0.3419682690009E-02,-0.5724173712184E-03,-0.1974286196443E-02, 0.1104964996749E-02,-0.1795409542445E-02, 0.4693165654703E-02
 0.5239936136002E-02, 0.1532759675905E-03,-0.2312889425239E-02, 0.3436610591689E-02,-0.5720803388892E-03,-0.1981872699478E-02, 0.1091169081456E-02,-0.1808588122520E-02, 0.4760430239096E-02
 0.4666735012457E-02,-0.2769009089588E-03,-0.2549178489981E-02, 0.3113312204924E-02,-0.8637809281904E-03,-0.2256927747955E-02, 0.7059478301170E-03,-0.2178572097591E-02, 0.4353932622369E-02
 0.4553967926221E-02,-0.3983766582779E-03,-0.2694708251266E-02, 0.3020954393617E-02,-0.9040989734800E-03,-0.2305918240553E-02, 0.6215499384721E-03,-0.2236331540178E-02, 0.4145136433245E-02
 0.4411291278075E-02,-0.5150500719835E-03,-0.2822750684232E-02, 0.2857627837854E-02,-0.9840954468168E-03,-0.2359581860791E-02, 0.5087237158123E-03,-0.2317012604832E-02, 0.3952099200363E-02
 0.4135215846282E-02,-0.6584237929925E-03,-0.2899487877141E-02, 0.2539692263676E-02,-0.1186211035834E-02,-0.2467588595980E-02, 0.2885925680408E-03,-0.2504717425595E-02, 0.3806229977380E-02
 0.5992737880778E-02, 0.8640217515128E-03,-0.1621408002695E-02, 0.4370728032891E-02, 0.2803687449765E-03,-0.1204121478552E-02, 0.1614114754077E-02,-0.1290374579155E-02, 0.5598507930523E-02
 0.5787232778356E-02, 0.5808423522382E-03,-0.1867261124382E-02, 0.4094791527149E-02, 0.3836672947173E-04,-0.1414129985757E-02, 0.1655709936829E-02,-0.1413893525466E-02, 0.5268760205911E-02
 0.5577501175469E-02, 0.3937027769806E-03,-0.2056678271308E-02, 0.3807752997311E-02,-0.2164917499095E-03,-0.1649806285499E-02, 0.1479712759609E-02,-0.1548750203911E-02, 0.5008484189840E-02
 0.5351487236224E-02, 0.2480658644948E-03,-0.2202345057275E-02, 0.3545533377178E-02,-0.4529203057702E-03,-0.1876052979167E-02, 0.1201728104715E-02,-0.1701392963719E-02, 0.4799303319742E-02
 0.5375291234669E-02, 0.2949506013644E-03,-0.2174278814226E-02, 0.3562753576991E-02,-0.4524892852059E-03,-0.1883592739551E-02, 0.1188168567839E-02,-0.1714504367363E-02, 0.4866804865706E-02
 0.4802389005076E-02,-0.1368486171435E-03,-0.2413170001534E-02, 0.3239234601227E-02,-0.7453420973433E-03,-0.2159867953838E-02, 0.8022158910942E-03,-0.2085830124330E-02, 0.4460720767191E-02
 0.4689486757044E-02,-0.2589548057331E-03,-0.2559614551259E-02, 0.3146731995648E-02,-0.7862065747094E-03,-0.2209419346729E-02, 0.7174591613458E-03,-0.2144186673349E-02, 0.4252285369196E-02
 0.4546561171455E-02,-0.3764514054458E-03,-0.2688751639988E-02, 0.2983301384223E-02,-0.8668262424568E-03,-0.2263746898121E-02, 0.6041820350655E-03,-0.2225570263594E-02, 0.4059444593726E-02
 0.4270271311371E-02,-0.5210567507384E-03,-0.2767084633174E-02, 0.2665423371370E-02,-0.1069690702582E-02,-0.2372610774113E-02, 0.3834945263232E-03,-0.2414182191631E-02, 0.3913466468534E-02
 0.6127743483073E-02, 0.1006099420151E-02,-0.1484101887519E-02, 0.4483647060781E-02, 0.3813158561110E-03,-0.1110809412103E-02, 0.1707945474642E-02,-0.1168626874882E-02, 0.5731180879844E-02
 0.5923764662758E-02, 0.7230790460405E-03,-0.1730555460902E-02, 0.4209287545603E-02, 0.1400162211697E-03,-0.1320469267068E-02, 0.1749639935450E-02,-0.1292508844028E-02, 0.5403360987949E-02
 0.5714892036793E-02, 0.5354293100509E-03,-0.1921106623354E-02, 0.3923316762699E-02,-0.1146322430147E-03,-0.1556158707180E-02, 0.1573727160059E-02,-0.1428064568273E-02, 0.5144337264222E-02
 0.5489335782325E-02, 0.3889532997763E-03,-0.2068146992946E-02, 0.3661733576122E-02,-0.3511901055909E-03,-0.1782673177741E-02, 0.1295767228934E-02,-0.1581558424408E-02, 0.4935901769234E-02
 0.5513510837304E-02, 0.4359026588880E-03,-0.2040057274861E-02, 0.3679240123605E-02,-0.3506766424555E-03,-0.1790168763469E-02, 0.1282431362493E-02,-0.1594606948496E-02, 0.5003608163610E-02
 0.4941013096461E-02, 0.2734806748900E-05,-0.2281261825828E-02, 0.3355725448146E-02,-0.6442763025122E-03,-0.2067358991414E-02, 0.8959462213507E-03,-0.1967418039517E-02, 0.4597963707753E-02
 0.4827987776927E-02,-0.1199439985276E-03,-0.2428537112602E-02, 0.3263133908330E-02,-0.6855738725776E-03,-0.2117381528625E-02, 0.8108752968846E-03,-0.2026432215568E-02, 0.4389895552722E-02
 0.4684841049143E-02,-0.2381883390017E-03,-0.2558669510356E-02, 0.3099661037772E-02,-0.7666810809774E-03,-0.2172267276559E-02, 0.6972075529134E-03,-0.2108579723749E-02, 0.4197254551708E-02
 0.4408413845225E-02,-0.3838875866904E-03,-0.2638442917158E-02, 0.2781939576330E-02,-0.9700779206601E-03,-0.2281823828072E-02, 0.4760755851455E-03,-0.2298168378910E-02, 0.4051160632371E-02
 0.6112590940614E-02, 0.1007309890652E-02,-0.1472344993862E-02, 0.4472503257132E-02, 0.3746072258354E-03,-0.1107949395514E-02, 0.1696740018056E-02,-0.1155643375980E-02, 0.5724121954212E-02
 0.5908956448991E-02, 0.7242868056482E-03,-0.1718876616602E-02, 0.4198292420781E-02, 0.1333623855632E-03,-0.1317515911855E-02, 0.1738405551759E-02,-0.1279627122228E-02, 0.5396516836166E-02
 0.5700584474185E-02, 0.5366502333026E-03,-0.1909541675538E-02, 0.3912603906303E-02,-0.1212191342318E-03,-0.1553147787299E-02, 0.1562608843203E-02,-0.1415283990875E-02, 0.5137833359146E-02
 0.5475590366826E-02, 0.3902168032030E-03,-0.2056703744771E-02, 0.3651370070645E-02,-0.3576979549054E-03,-0.1779630547594E-02, 0.1284852160262E-02,-0.1568866013143E-02, 0.4929806762403E-02
 0.5499109951928E-02, 0.4370192905085E-03,-0.2028639933830E-02, 0.3668584542322E-02,-0.3572569792009E-03,-0.1787117555199E-02, 0.1271349871923E-02,-0.1581946155069E-02, 0.4997160691435E-02
 0.4928197156971E-02, 0.4225888091629E-05,-0.2269973210548E-02, 0.3345995863572E-02,-0.6505899843121E-03,-0.2064290825726E-02, 0.8854679427284E-03,-0.1954813643431E-02, 0.4592665166747E-02
 0.4815577141454E-02,-0.1183541750861E-03,-0.2417284702155E-02, 0.3253640723372E-02,-0.6918148945857E-03,-0.2114350558024E-02, 0.8005575678917E-03,-0.2013857750401E-02, 0.4384921557720E-02
 0.4672913900352E-02,-0.2364860371548E-03,-0.2547465087446E-02, 0.3090487388438E-02,-0.7728310143822E-03,-0.2169291297946E-02, 0.6870895223650E-03,-0.2096039339245E-02, 0.4192664881757E-02
 0.4397136719770E-02,-0.3820412444717E-03,-0.2627327657326E-02, 0.2773271231053E-02,-0.9760923030587E-03,-0.2278909004594E-02, 0.4662546861660E-03,-0.2285676375455E-02, 0.4047096744259E-02
 0.6314658045646E-02, 0.1199108884370E-02,-0.1314698838747E-02, 0.4611453804651E-02, 0.5302485640626E-03,-0.9196880691459E-03, 0.1900055257826E-02,-0.9583438401802E-03, 0.5886241890589E-02
 0.6113015181326E-02, 0.9166031787885E-03,-0.1561560538571E-02, 0.4339557946285E-02, 0.2901443190841E-03,-0.1129280812462E-02, 0.1941609482401E-02,-0.1082808955140E-02, 0.5561377303391E-02
 0.5905731631021E-02, 0.7285560251093E-03,-0.1753285991992E-02, 0.4055452052917E-02, 0.3606332237162E-04,-0.1365110750454E-02, 0.1765843672908E-02,-0.1219349317477E-02, 0.5304465467801E-02
 0.5681288446599E-02, 0.5812200941014E-03,-0.1901875464931E-02, 0.3795161667426E-02,-0.2004022706879E-03,-0.1592002349221E-02, 0.1488084155511E-02,-0.1374025558537E-02, 0.5097458431775E-02
 0.5705908118449E-02, 0.6281916733671E-03,-0.1873788658070E-02, 0.3812978042239E-02,-0.1997919244890E-03,-0.1599369217182E-02, 0.1475036749028E-02,-0.1386985658990E-02, 0.5165342038090E-02
 0.5134847382863E-02, 0.1936925831761E-03,-0.2117647533038E-02, 0.3490129591591E-02,-0.4941186242995E-03,-0.1878268393468E-02, 0.1087889301659E-02,-0.1762028202207E-02, 0.4760966950229E-02
 0.5021766950330E-02, 0.7035390747843E-04,-0.2265836695793E-02, 0.3397586283272E-02,-0.5359813227035E-03,-0.1929160605283E-02, 0.1002265575309E-02,-0.1822058711088E-02, 0.4553558275222E-02
 0.4878523426896E-02,-0.4876500878669E-04,-0.2397112260239E-02, 0.3234278467133E-02,-0.6176890056407E-03,-0.1985022504263E-02, 0.8879801257807E-03,-0.1905365045574E-02, 0.4361395585995E-02
 0.4602424444722E-02,-0.1957118859272E-03,-0.2478637463290E-02, 0.2917146397511E-02,-0.8216231507119E-03,-0.2095701760935E-02, 0.6662998104012E-03,-0.2096389481345E-02, 0.4215494838998E-02
 0.6365848965079E-02, 0.1244392102542E-02,-0.1274732870490E-02, 0.4660591918168E-02, 0.6066005445546E-03,-0.8536514171951E-03, 0.1965660398140E-02,-0.9123444073740E-03, 0.5922790812820E-02
 0.6165044307051E-02, 0.9622347674901E-03,-0.1521503916890E-02, 0.4389558240440E-02, 0.3668765760101E-03,-0.1063181848849E-02, 0.2007162372904E-02,-0.1036792746293E-02, 0.5598978877234E-02
 0.5958452470767E-02, 0.7742596550144E-03,-0.1713388706985E-02, 0.4106209631277E-02, 0.1129984841503E-03,-0.1298956601768E-02, 0.1831547971040E-02,-0.1173433213270E-02, 0.5342912095216E-02
 0.5734597103554E-02, 0.6268503264612E-03,-0.1862273901349E-02, 0.3846517575089E-02,-0.1234190542227E-03,-0.1525852309409E-02, 0.1554005598925E-02,-0.1328265142519E-02, 0.5136554262244E-02
 0.5759327620151E-02, 0.6737844122900E-03,-0.1834209504257E-02, 0.3864364040826E-02,-0.1227870524282E-03,-0.1533165651150E-02, 0.1541014284264E-02,-0.1341199022751E-02, 0.5204416776297E-02
 0.5189190365655E-02, 0.2392632665083E-03,-0.2078592145168E-02, 0.3541989059283E-02,-0.4174137633005E-03,-0.1812513122687E-02, 0.1153890569461E-02,-0.1716500724707E-02, 0.4800820625355E-02
 0.5076173857974E-02, 0.1158314328377E-03,-0.2226933119158E-02, 0.3449496434682E-02,-0.4595130783724E-03,-0.1863670636382E-02, 0.1068128497329E-02,-0.1776735879210E-02, 0.4593711711641E-02
 0.4933027192907E-02,-0.3429362602130E-05,-0.2358432615568E-02, 0.3286330681483E-02,-0.5414579708131E-03,-0.1919822999050E-02, 0.9537095156558E-03,-0.1860265301909E-02, 0.4401819280759E-02
 0.4657309321780E-02,-0.1505716892911E-03,-0.2440368600175E-02, 0.2969601136585E-02,-0.7455816433829E-03,-0.2030802793889E-02, 0.7319932209836E-03,-0.2051501012245E-02, 0.4256176742469E-02
 0.6423936152281E-02, 0.1296791753401E-02,-0.1217559832765E-02, 0.4732426484625E-02, 0.6898980186282E-03,-0.7892655238916E-03, 0.2031978505387E-02,-0.8575872499171E-03, 0.5972773584432E-02
 0.6224093068693E-02, 0.1015067709286E-02,-0.1464282402429E-02, 0.4462405199079E-02, 0.4506711588772E-03,-0.9985707834427E-03, 0.2073527468993E-02,-0.9819908654790E-03, 0.5650197505920E-02
 0.6018241758627E-02, 0.8271957843223E-03,-0.1656390771147E-02, 0.4179914959637E-02, 0.1970774223667E-03,-0.1234174230767E-02, 0.1898136902100E-02,-0.1118727256683E-02, 0.5395084936622E-02
 0.5794981971754E-02, 0.6797092803186E-03,-0.1805650600132E-02, 0.3920872330908E-02,-0.3924286998066E-04,-0.1460992328913E-02, 0.1620859024820E-02,-0.1273727916448E-02, 0.5189427633771E-02
 0.5819984248010E-02, 0.7266232556536E-03,-0.1777596159235E-02, 0.3938802916108E-02,-0.3857719805759E-04,-0.1468256894571E-02, 0.1607954186674E-02,-0.1286628123843E-02, 0.5257322960664E-02
 0.5250635966270E-02, 0.2920257424179E-03,-0.2022687283758E-02, 0.3616796164019E-02,-0.3335018384964E-03,-0.1747938329873E-02, 0.1220850219536E-02,-0.1662248013326E-02, 0.4854445856355E-02
 0.5137635437109E-02, 0.1684707076540E-03,-0.2171268357061E-02, 0.3524298570183E-02,-0.3758573744169E-03,-0.1799333269571E-02, 0.1134943247514E-02,-0.1722725778941E-02, 0.4647636165807E-02
 0.4994521786223E-02, 0.4902773060439E-04,-0.2303084523664E-02, 0.3361228707323E-02,-0.4580607640978E-03,-0.1855748105082E-02, 0.1020378887192E-02,-0.1806520655253E-02, 0.4455993786667E-02
 0.4719123935525E-02,-0.9836251253860E-04,-0.2385530737798E-02, 0.3044887128869E-02,-0.6623848720278E-03,-0.1966986788657E-02, 0.7986153820362E-03,-0.1998011616694E-02, 0.4310553603408E-02
 0.6515224989008E-02, 0.1387255918431E-02,-0.1107906645404E-02, 0.4851362472937E-02, 0.7844072932119E-03,-0.7130064484570E-03, 0.2114769180406E-02,-0.7579330320492E-03, 0.6066756384030E-02
 0.6316724259968E-02, 0.1106068257831E-02,-0.1354801905863E-02, 0.4582801273655E-02, 0.5459907081569E-03,-0.9218159080529E-03, 0.2156529866341E-02,-0.8823971909211E-03, 0.5745949272519E-02
 0.6111750309372E-02, 0.9182186513973E-03,-0.1547460181017E-02, 0.4301433883873E-02, 0.2928642798064E-03,-0.1157107555877E-02, 0.1981450919934E-02,-0.1019418297838E-02, 0.5492087389698E-02
 0.5889084047222E-02, 0.7704700791981E-03,-0.1697472157840E-02, 0.4043154139997E-02, 0.5672635836430E-04,-0.1383797264998E-02, 0.1704461929995E-02,-0.1174828264321E-02, 0.5287252952550E-02
 0.5914695416077E-02, 0.8174186659464E-03,-0.1669395402309E-02, 0.4061325805975E-02, 0.5746011881630E-04,-0.1391015950979E-02, 0.1691740810658E-02,-0.1187672761009E-02, 0.5355330275330E-02
 0.5345798228277E-02, 0.3823279577789E-03,-0.1915919964389E-02, 0.3739432935602E-02,-0.2377905629798E-03,-0.1671034359407E-02, 0.1304472174764E-02,-0.1564142422077E-02, 0.4952995283192E-02
 0.5232684030880E-02, 0.2584787578421E-03,-0.2065048204522E-02, 0.3646819695873E-02,-0.2804596008160E-03,-0.1722702710031E-02, 0.1218339805582E-02,-0.1625080998808E-02, 0.4746498863448E-02
 0.5089419038755E-02, 0.1386353655608E-03,-0.2197517158906E-02, 0.3483735153437E-02,-0.3629902551583E-03,-0.1779429840327E-02, 0.1103521674915E-02,-0.1709393630651E-02, 0.4555055623263E-02
 0.4814125799816E-02,-0.9308793709495E-05,-0.2280880194800E-02, 0.3167702150030E-02,-0.5675734498043E-03,-0.1890984933341E-02, 0.8815722074342E-03,-0.1901470110014E-02, 0.4409639239839E-02
-0.3056205512991E-02, 0.1471909809128E-02,-0.1554700623248E-02, 0.5337048012666E-02, 0.6734494101198E-03,-0.1270189206226E-02, 0.2385292516121E-02,-0.9964234455097E-03, 0.6776136533025E-02
-0.2979492306266E-02, 0.1177412050060E-02,-0.1805331645986E-02, 0.5046322839998E-02, 0.4230929518333E-03,-0.1485044374536E-02, 0.2419910858283E-02,-0.1124843701312E-02, 0.6429205052277E-02
-0.3099371851462E-02, 0.9825589815958E-03,-0.1997358490993E-02, 0.4746254321200E-02, 0.1613557828564E-03,-0.1724335439922E-02, 0.2234797848410E-02,-0.1263578032906E-02, 0.6155310744415E-02
-0.3311334511787E-02, 0.8307969267169E-03,-0.2144538303752E-02, 0.4472510142931E-02,-0.8092027249730E-04,-0.1953308493686E-02, 0.1946731145870E-02,-0.1419928878674E-02, 0.5934641404417E-02
-0.3347123921467E-02, 0.8822653743009E-03,-0.2113370173297E-02, 0.4493933022373E-02,-0.7708865047062E-04,-0.1958906957247E-02, 0.1936683414397E-02,-0.1430347608809E-02, 0.6007174554194E-02
-0.3593470630656E-02, 0.4303311496369E-03,-0.2359385414461E-02, 0.4146665554609E-02,-0.3837217450800E-03,-0.2241284931560E-02, 0.1528847300256E-02,-0.1814689866256E-02, 0.5573728807922E-02
-0.3638693759143E-02, 0.3022692981943E-03,-0.2508710520238E-02, 0.4046636072175E-02,-0.4278390774095E-03,-0.2291669842913E-02, 0.1437946549400E-02,-0.1875896863061E-02, 0.5354861212951E-02
-0.3705748459531E-02, 0.1788166951105E-03,-0.2640420160169E-02, 0.3874004508014E-02,-0.5124239104739E-03,-0.2346822814493E-02, 0.1317808809079E-02,-0.1960557335026E-02, 0.5151620211570E-02
-0.3858930876221E-02, 0.2734475810595E-04,-0.2720351959657E-02, 0.3542872894968E-02,-0.7214685718058E-03,-0.2457121545260E-02, 0.1087485751219E-02,-0.2154348137014E-02, 0.4994931397332E-02
-0.2926414408384E-02, 0.1592517228824E-02,-0.1429853058926E-02, 0.5449241400268E-02, 0.8104144366175E-03,-0.1159912214800E-02, 0.2486626333074E-02,-0.9544236914566E-03, 0.6795905955043E-02
-0.2851619428299E-02, 0.1298006355873E-02,-0.1681334018136E-02, 0.5159763602877E-02, 0.5602077188944E-03,-0.1375078591765E-02, 0.2520998215861E-02,-0.1083032431820E-02, 0.6450565915311E-02
-0.2973649110398E-02, 0.1102476663866E-02,-0.1874733299914E-02, 0.4860529742787E-02, 0.2981459554423E-03,-0.1614980416640E-02, 0.2335723444192E-02,-0.1222322614692E-02, 0.6177707465297E-02
-0.3187747797051E-02, 0.9497494602919E-03,-0.2023485089237E-02, 0.4587276391463E-02, 0.5526094037729E-04,-0.1844738067236E-02, 0.2047521569240E-02,-0.1379350225976E-02, 0.5957708792787E-02
-0.3223490697051E-02, 0.1001310721887E-02,-0.1992291285384E-02, 0.4609000682210E-02, 0.5920833975066E-04,-0.1850282108110E-02, 0.2037736098581E-02,-0.1389689310475E-02, 0.6030590445440E-02
-0.3473129553506E-02, 0.5479877483987E-03,-0.2240782930409E-02, 0.4261657500972E-02,-0.2488516681280E-03,-0.2134302356822E-02, 0.1629214714178E-02,-0.1774841677392E-02, 0.5597803531429E-02
-0.3519509286671E-02, 0.4194247049650E-03,-0.2390925325682E-02, 0.4161571445655E-02,-0.2935679938037E-03,-0.2185356617449E-02, 0.1537991989155E-02,-0.1836426629394E-02, 0.5379351200435E-02
-0.3587933542499E-02, 0.2952840292525E-03,-0.2523634938648E-02, 0.3988953034693E-02,-0.3788338483971E-03,-0.2241288421101E-02, 0.1417447672909E-02,-0.1921550614107E-02, 0.5176403664868E-02
-0.3743091285517E-02, 0.1427235907956E-03,-0.2605090445233E-02, 0.3658041306390E-02,-0.5887313678851E-03,-0.2352619867133E-02, 0.1186625220767E-02,-0.2115948292919E-02, 0.5019839371453E-02
-0.2778653148419E-02, 0.1733821936679E-02,-0.1287200105744E-02, 0.5568507545143E-02, 0.9286342037946E-03,-0.1060247536700E-02, 0.2581781152981E-02,-0.8586092425770E-03, 0.6894699365069E-02
-0.2705635524890E-02, 0.1439611756089E-02,-0.1539345562497E-02, 0.5280775657538E-02, 0.6790636448667E-03,-0.1275204590163E-02, 0.2616299914556E-02,-0.9874433624643E-03, 0.6551505459402E-02
-0.2829851552623E-02, 0.1243641388444E-02,-0.1733974385999E-02, 0.4982775443656E-02, 0.4171200272633E-03,-0.1515281795019E-02, 0.2431171691620E-02,-0.1127335086113E-02, 0.6280086001868E-02
-0.3046222083891E-02, 0.1090113003456E-02,-0.1884201987550E-02, 0.4710309349134E-02, 0.1740063618615E-03,-0.1745469131296E-02, 0.2143064119078E-02,-0.1285120822022E-02, 0.6061006854690E-02
-0.3081928805865E-02, 0.1141779627650E-02,-0.1852979856659E-02, 0.4732394743740E-02, 0.1780706797166E-03,-0.1750960349052E-02, 0.2133571466649E-02,-0.1295378603425E-02, 0.6134189121567E-02
-0.3335110066109E-02, 0.6871908603082E-03,-0.2103915169997E-02, 0.4385189300710E-02,-0.1309190688290E-03,-0.2036134118215E-02, 0.1724581464809E-02,-0.1681719964612E-02, 0.5702132940293E-02
-0.3382733270105E-02, 0.5581166111893E-03,-0.2254909359974E-02, 0.4285093331062E-02,-0.1761134642660E-03,-0.2087736297095E-02, 0.1633092430093E-02,-0.1743857716485E-02, 0.5484207278559E-02
-0.3452640456703E-02, 0.4332729312496E-03,-0.2388651365794E-02, 0.4112535714815E-02,-0.2619229797100E-03,-0.2144318671919E-02, 0.1512197663138E-02,-0.1829635102532E-02, 0.5281609741651E-02
-0.3609955006412E-02, 0.2796393361460E-03,-0.2471633249963E-02, 0.3781938189735E-02,-0.4724431151208E-03,-0.2256481546934E-02, 0.1280966718553E-02,-0.2024862758095E-02, 0.5125080775453E-02
-0.2633012423112E-02, 0.1874071039703E-02,-0.1149448174783E-02, 0.5678148077900E-02, 0.1028642902307E-02,-0.9659963268290E-03, 0.2674049041403E-02,-0.7367903488934E-03, 0.7023308298298E-02
-0.2561548393148E-02, 0.1580341155039E-02,-0.1402052731017E-02, 0.5392316765011E-02, 0.7799424088180E-03,-0.1180542345458E-02, 0.2708869960115E-02,-0.8658603972126E-03, 0.6682412349428E-02
-0.2687765827075E-02, 0.1384132397038E-02,-0.1597685073312E-02, 0.5095709060482E-02, 0.5183779562551E-03,-0.1420568176991E-02, 0.2524050235945E-02,-0.1006329273577E-02, 0.6412574818718E-02
-0.2906260655172E-02, 0.1229996211348E-02,-0.1749172224698E-02, 0.4824175318623E-02, 0.2752916418068E-03,-0.1650964479276E-02, 0.2236184622443E-02,-0.1164852417250E-02, 0.6194522229640E-02
-0.2941936081532E-02, 0.1281755695064E-02,-0.1717928042039E-02, 0.4846610302729E-02, 0.2794602502459E-03,-0.1656403012731E-02, 0.2226973015610E-02,-0.1175035484126E-02, 0.6267938705444E-02
-0.3198466214978E-02, 0.8261473394767E-03,-0.1971019046845E-02, 0.4499731140143E-02,-0.3007818399058E-04,-0.1942431127484E-02, 0.1817694741655E-02,-0.1562683263573E-02, 0.5836677970272E-02
-0.3247272006392E-02, 0.6966161326677E-03,-0.2122783762277E-02, 0.4399671947432E-02,-0.7564341617400E-04,-0.1994497930210E-02, 0.1725978199096E-02,-0.1625433644904E-02, 0.5619311499797E-02
-0.3318592037225E-02, 0.5711408681178E-03,-0.2257460994427E-02, 0.4227223237510E-02,-0.1618695924790E-03,-0.2051632935837E-02, 0.1604786163655E-02,-0.1711922737689E-02, 0.5417090469994E-02
-0.3477960481285E-02, 0.4165668879582E-03,-0.2341814478654E-02, 0.3897011424205E-02,-0.3728122613545E-03,-0.2164470557226E-02, 0.1373247816750E-02,-0.1908037096436E-02, 0.5260596131764E-02
-0.2620831012091E-02, 0.1872687367843E-02,-0.1139176255351E-02, 0.5663861916355E-02, 0.1019844093811E-02,-0.9642313675582E-03, 0.2660203882886E-02,-0.7254870172585E-03, 0.7012825058058E-02
-0.2549526234673E-02, 0.1578995778359E-02,-0.1391852895571E-02, 0.5378232969196E-02, 0.7712079733500E-03,-0.1178681748843E-02, 0.2695027413653E-02,-0.8546533305822E-03, 0.6672216471174E-02
-0.2675912501695E-02, 0.1382858500828E-02,-0.1587585147654E-02, 0.5081991154710E-02, 0.5097370719179E-03,-0.1418659103333E-02, 0.2510382194719E-02,-0.9952060042052E-03, 0.6402806260394E-02
-0.2894566866841E-02, 0.1228831847656E-02,-0.1739174581903E-02, 0.4810906063599E-02, 0.2667660034789E-03,-0.1649034231982E-02, 0.2222790846394E-02,-0.1153791544151E-02, 0.6185266090070E-02
-0.2930270159603E-02, 0.1280399758769E-02,-0.1707969222071E-02, 0.4833011246018E-02, 0.2708342495606E-03,-0.1654486004606E-02, 0.2213361212779E-02,-0.1164021177242E-02, 0.6258352970664E-02
-0.3186988106242E-02, 0.8253356640325E-03,-0.1961131278109E-02, 0.4487284414308E-02,-0.3833817856346E-04,-0.1940461015582E-02, 0.1804860242803E-02,-0.1551647247107E-02, 0.5828482528189E-02
-0.3235880578218E-02, 0.6959453273190E-03,-0.2112910691425E-02, 0.4387505456029E-02,-0.8380355650773E-04,-0.1992528615189E-02, 0.1713343781873E-02,-0.1614405856890E-02, 0.5611485325577E-02
-0.3307303809029E-02, 0.5706344118474E-03,-0.2247612013279E-02, 0.4215439002549E-02,-0.1699046132923E-03,-0.2049672595723E-02, 0.1592402971787E-02,-0.1700901990082E-02, 0.5409707738644E-02
-0.3466814941662E-02, 0.4162836060000E-03,-0.2332026142466E-02, 0.3885853499281E-02,-0.3806614645861E-03,-0.2162523138976E-02, 0.1361245130243E-02,-0.1897023410088E-02, 0.5253867189986E-02
-0.2428455336536E-02, 0.2064390859291E-02,-0.9794730238462E-03, 0.5801758829493E-02, 0.1176163855959E-02,-0.7729389313781E-03, 0.2863092286044E-02,-0.5263802272053E-03, 0.7173138875164E-02
-0.2359095633108E-02, 0.1771623566453E-02,-0.1232299748314E-02, 0.5518817182514E-02, 0.9288951669278E-03,-0.9873330296502E-03, 0.2898031114819E-02,-0.6558483949001E-03, 0.6835682826795E-02
-0.2487876468408E-02, 0.1575410233112E-02,-0.1428928547885E-02, 0.5224510588704E-02, 0.6681452174940E-03,-0.1227410359448E-02, 0.2713728796301E-02,-0.7971181022603E-03, 0.6568397151602E-02
-0.2709043782523E-02, 0.1420756241865E-02,-0.1581805619516E-02, 0.4954671503771E-02, 0.4253843764874E-03,-0.1458099200636E-02, 0.2426462797994E-02,-0.9566456069877E-03, 0.6352151476737E-02
-0.2744649467913E-02, 0.1472563728737E-02,-0.1550571874793E-02, 0.4977486296151E-02, 0.4296686062689E-03,-0.1463426938915E-02, 0.2417608644244E-02,-0.9667319946545E-03, 0.6425763087923E-02
-0.3005521607557E-02, 0.1016147816035E-02,-0.1806089366784E-02, 0.4631725683381E-02, 0.1197114950749E-03,-0.1751024536638E-02, 0.2008149632017E-02,-0.1356299039350E-02, 0.5996258636610E-02
-0.3055918925317E-02, 0.8861224845879E-03,-0.1958688227559E-02, 0.4531880249195E-02, 0.7367152616168E-04,-0.1803923250291E-02, 0.1916027028825E-02,-0.1419994108006E-02, 0.5779792581506E-02
-0.3129120537551E-02, 0.7599437145306E-03,-0.2094426067430E-02, 0.4359795567146E-02,-0.1304841465091E-04,-0.1861990978546E-02, 0.1794388231106E-02,-0.1507555197753E-02, 0.5578283993662E-02
-0.3291150462494E-02, 0.6043569861721E-03,-0.2180428627146E-02, 0.4030478463332E-02,-0.2243565421839E-03,-0.1975886459527E-02, 0.1562579103065E-02,-0.1704947648174E-02, 0.5422210791043E-02
-0.2369112122159E-02, 0.2108705691098E-02,-0.9394799116047E-03, 0.5849013094263E-02, 0.1251700141830E-02,-0.7062875724754E-03, 0.2927371705041E-02,-0.4804947134821E-03, 0.7207940363501E-02
-0.2300354164630E-02, 0.1816412796004E-02,-0.1192165246954E-02, 0.5567079624747E-02, 0.1004896508209E-02,-0.9205949531683E-03, 0.2962336108875E-02,-0.6098936280867E-03, 0.6871684892508E-02
-0.2429792306814E-02, 0.1620394367992E-02,-0.1388901040842E-02, 0.5273688763959E-02, 0.7444475594052E-03,-0.1160590461313E-02, 0.2778315798959E-02,-0.7512081516582E-03, 0.6605374933703E-02
-0.2651617696973E-02, 0.1465780014579E-02,-0.1542024571838E-02, 0.5004599835194E-02, 0.5018322431943E-03,-0.1391256893084E-02, 0.2491414720619E-02,-0.9108371937485E-03, 0.6389893336054E-02
-0.2687187314930E-02, 0.1517550031196E-02,-0.1510818429388E-02, 0.5027465092103E-02, 0.5061353603110E-03,-0.1396543908559E-02, 0.2482627929146E-02,-0.9209003054967E-03, 0.6463508975229E-02
-0.2949194814257E-02, 0.1061281961612E-02,-0.1766783959429E-02, 0.4682365066921E-02, 0.1960182996571E-03,-0.1684533712202E-02, 0.2073386039975E-02,-0.1310634471694E-02, 0.6034946620100E-02
-0.3000033294286E-02, 0.9312137526223E-03,-0.1919511435108E-02, 0.4582629009370E-02, 0.1497749677963E-03,-0.1737680797279E-02, 0.1981177819049E-02,-0.1374511051905E-02, 0.5818845758991E-02
-0.3073748776488E-02, 0.8049483785593E-03,-0.2055447467017E-02, 0.4410763957009E-02, 0.6286251359631E-04,-0.1796018584249E-02, 0.1859470274732E-02,-0.1462267579106E-02, 0.5617675548850E-02
-0.3236474051799E-02, 0.6492475568713E-03,-0.2141824581386E-02, 0.4081982500439E-02,-0.1485527246509E-03,-0.1910185761773E-02, 0.1627735854782E-02,-0.1659825042922E-02, 0.5461947729469E-02
-0.2306127550255E-02, 0.2160387558192E-02,-0.8820177774202E-03, 0.5918881349070E-02, 0.1334414702635E-02,-0.6411306057644E-03, 0.2992701358150E-02,-0.4256095618029E-03, 0.7256294270121E-02
-0.2238011506016E-02, 0.1868669620486E-02,-0.1134589666795E-02, 0.5638134109841E-02, 0.1088203791775E-02,-0.8551840302155E-03, 0.3027806143127E-02,-0.5549014890791E-03, 0.6921446699248E-02
-0.2368152193514E-02, 0.1672888357120E-02,-0.1331485299351E-02, 0.5345787201347E-02, 0.8281454655987E-03,-0.1094974845833E-02, 0.2844144802231E-02,-0.6962486419740E-03, 0.6656237133542E-02
-0.2590682759992E-02, 0.1518317276263E-02,-0.1484925548763E-02, 0.5077522468485E-02, 0.5857305586578E-03,-0.1325530797599E-02, 0.2557653912852E-02,-0.8559859440093E-03, 0.6441578930350E-02
-0.2626207015355E-02, 0.1570075037221E-02,-0.1453735048740E-02, 0.5100500791029E-02, 0.5900689715343E-03,-0.1330774711681E-02, 0.2548975231327E-02,-0.8660164523572E-03, 0.6515258772323E-02
-0.2889446118863E-02, 0.1113899694753E-02,-0.1710323392860E-02, 0.4755966909244E-02, 0.2797943406873E-03,-0.1619049089508E-02, 0.2139929798210E-02,-0.1255970689589E-02, 0.6087570040894E-02
-0.2940761529705E-02, 0.9837600246128E-03,-0.1863262987857E-02, 0.4656292810608E-02, 0.2333283721925E-03,-0.1672425581192E-02, 0.2047627867838E-02,-0.1320066233417E-02, 0.5871846757479E-02
-0.3015033173659E-02, 0.8573681554397E-03,-0.1999485843467E-02, 0.4484613287784E-02, 0.1462020929622E-03,-0.1731016790052E-02, 0.1925835802923E-02,-0.1408059931650E-02, 0.5671001411600E-02
-0.3178511359856E-02, 0.7015003776514E-03,-0.2086334068677E-02, 0.4156372432141E-02,-0.6533080030024E-04,-0.1845425081106E-02, 0.1694155939086E-02,-0.1605823814574E-02, 0.5515551875755E-02
-0.2215302938219E-02, 0.2250384276028E-02,-0.7714876232218E-03, 0.6035599641956E-02, 0.1428803340056E-02,-0.5636501559777E-03, 0.3074990022616E-02,-0.3253152701406E-03, 0.7348421808781E-02
-0.2148124308890E-02, 0.1959420724175E-02,-0.1024121203741E-02, 0.5756568553200E-02, 0.1183533993225E-02,-0.7771623352275E-03, 0.3110452789371E-02,-0.4545683315601E-03, 0.7015604639268E-02
-0.2279358905854E-02, 0.1763851982760E-02,-0.1221464769738E-02, 0.5465607391896E-02, 0.9240762536400E-03,-0.1016587219678E-02, 0.2927273445340E-02,-0.5961045863679E-03, 0.6751863756593E-02
-0.2503016157621E-02, 0.1609181264918E-02,-0.1375568941285E-02, 0.5198345010621E-02, 0.6819664097619E-03,-0.1246962907343E-02, 0.2641239409476E-02,-0.7561622344494E-03, 0.6538202442978E-02
-0.2538479382331E-02, 0.1661001631673E-02,-0.1344361962310E-02, 0.5221615670541E-02, 0.6863882948091E-03,-0.1252152220115E-02, 0.2632795828456E-02,-0.7661312844609E-03, 0.6612098563514E-02
-0.2803636339599E-02, 0.1204546752482E-02,-0.1602261581328E-02, 0.4877431998477E-02, 0.3759355629764E-03,-0.1540719084372E-02, 0.2223756938042E-02,-0.1156794509974E-02, 0.6185131651813E-02
-0.2855668576657E-02, 0.1074183507489E-02,-0.1755703657251E-02, 0.4777735629057E-02, 0.3291962261881E-03,-0.1594375586249E-02, 0.2131288431434E-02,-0.1221319974578E-02, 0.5969850124406E-02
-0.2930783853352E-02, 0.9474627593993E-03,-0.1892534497885E-02, 0.4606163152630E-02, 0.2417916421193E-03,-0.1653289253854E-02, 0.2009306924152E-02,-0.1309794158117E-02, 0.5769314915905E-02
-0.3095433376377E-02, 0.7911393752768E-03,-0.1980247798810E-02, 0.4278427420615E-02, 0.3008483200737E-04,-0.1768013754798E-02, 0.1777541301136E-02,-0.1508073936371E-02, 0.5613958831403E-02
-0.2928260465054E-02, 0.2458123114551E-02,-0.1117096783277E-02, 0.6654185021481E-02, 0.1433708088931E-02,-0.1030879289012E-02, 0.3468129822141E-02,-0.4593374532546E-03,-0.1839159152340E-02
-0.2852735238682E-02, 0.2150922740900E-02,-0.1375133392404E-02, 0.6350086950831E-02, 0.1174626716619E-02,-0.1252027700797E-02, 0.3494400433758E-02,-0.5941004019440E-03,-0.2073516400265E-02
-0.2976326712859E-02, 0.1945818389371E-02,-0.1573352151610E-02, 0.6037559770655E-02, 0.9047252638415E-03,-0.1496541580641E-02, 0.3298836521266E-02,-0.7387927887420E-03,-0.2223877006958E-02
-0.3193234442087E-02, 0.1784906096896E-02,-0.1725982365237E-02, 0.5752168054916E-02, 0.6547518614787E-03,-0.1730003783848E-02, 0.2999349691639E-02,-0.9011450646060E-03,-0.2337662929138E-02
-0.3227309036251E-02, 0.1841387887464E-02,-0.1691336267775E-02, 0.5778423563889E-02, 0.6624688592454E-03,-0.1733231966177E-02, 0.2993485984153E-02,-0.9084396227904E-03,-0.2315018846824E-02
-0.3483796883714E-02, 0.1364041836834E-02,-0.1951394373136E-02, 0.5405049312604E-02, 0.3375817315226E-03,-0.2026104581555E-02, 0.2560253708879E-02,-0.1309751087363E-02,-0.2645198546838E-02
-0.3531496533381E-02, 0.1228128877357E-02,-0.2105983119705E-02, 0.5296595392817E-02, 0.2884461944907E-03,-0.2079091665468E-02, 0.2461818124924E-02,-0.1375377315682E-02,-0.2737894033167E-02
-0.3601581548589E-02, 0.1096411493183E-02,-0.2243041341174E-02, 0.5113883968869E-02, 0.1979103131357E-03,-0.2137110884383E-02, 0.2333192778295E-02,-0.1465118155313E-02,-0.2824630557007E-02
-0.3759631739070E-02, 0.9347767805139E-03,-0.2328479772410E-02, 0.4768669186952E-02,-0.1980093475802E-04,-0.2251467997019E-02, 0.2091179143273E-02,-0.1666397956265E-02,-0.2931475057754E-02
-0.2797451436354E-02, 0.2576039759841E-02,-0.9927259111201E-03, 0.6761722941004E-02, 0.1568329476880E-02,-0.9203539301167E-03, 0.3566636199679E-02,-0.4180865509991E-03,-0.1805512378527E-02
-0.2723798780006E-02, 0.2269131738707E-02,-0.1251464360843E-02, 0.6459212003535E-02, 0.1309595321818E-02,-0.1141736778995E-02, 0.3592845305641E-02,-0.5529239768188E-03,-0.2039832798351E-02
-0.2849478961242E-02, 0.2063620529686E-02,-0.1450918726294E-02, 0.6147867178616E-02, 0.1039583743440E-02,-0.1386789432298E-02, 0.3397367237285E-02,-0.6980638807655E-03,-0.2190726572408E-02
-0.3068458113974E-02, 0.1901979745215E-02,-0.1604999911077E-02, 0.5863296535201E-02, 0.7892091615132E-03,-0.1620970922360E-02, 0.3098006463273E-02,-0.8609964677012E-03,-0.2305271232558E-02
-0.3102478850069E-02, 0.1958579654091E-02,-0.1570320892080E-02, 0.5889966999416E-02, 0.7970648739688E-03,-0.1624142233144E-02, 0.3092455360216E-02,-0.8681934054084E-03,-0.2282689516320E-02
-0.3362177869587E-02, 0.1480203899669E-02,-0.1832686353062E-02, 0.5516910068708E-02, 0.4710286660811E-03,-0.1918556542082E-02, 0.2658854672935E-02,-0.1270200509986E-02,-0.2613623338581E-02
-0.3411011294988E-02, 0.1343909917480E-02,-0.1988021747579E-02, 0.5408531514538E-02, 0.4213754312843E-03,-0.1972179522489E-02, 0.2560202084447E-02,-0.1336158772899E-02,-0.2706626926043E-02
-0.3482439502156E-02, 0.1211627954959E-02,-0.2126010102540E-02, 0.5225999691373E-02, 0.3302572730621E-03,-0.2030941724683E-02, 0.2431289757685E-02,-0.1426315999312E-02,-0.2793797936544E-02
-0.3642421803619E-02, 0.1049070056567E-02,-0.2212895051517E-02, 0.4881292307928E-02, 0.1118569923860E-03,-0.2146282479732E-02, 0.2188961235603E-02,-0.1628143290965E-02,-0.2901348170140E-02
-0.2648222159282E-02, 0.2714799625419E-02,-0.8502573726645E-03, 0.6876681141058E-02, 0.1684779873475E-02,-0.8202256203414E-03, 0.3659557258359E-02,-0.3227736098863E-03,-0.1690664246473E-02
-0.2576290329861E-02, 0.2408548961998E-02,-0.1109487104766E-02, 0.6576282388128E-02, 0.1426885430915E-02,-0.1041314889360E-02, 0.3686137966477E-02,-0.4576917471392E-03,-0.1925421452639E-02
-0.2704078623369E-02, 0.2202900411853E-02,-0.1310012082737E-02, 0.6266544964949E-02, 0.1157201153258E-02,-0.1286462944861E-02, 0.3491058279599E-02,-0.6032964340146E-03,-0.2077153267839E-02
-0.2925247134412E-02, 0.2040717714214E-02,-0.1465430119244E-02, 0.5983106979984E-02, 0.9067941927022E-03,-0.1521002612384E-02, 0.3192038058845E-02,-0.7668623728593E-03,-0.2192717063944E-02
-0.2959228570804E-02, 0.2097457872505E-02,-0.1430717793627E-02, 0.6010220039200E-02, 0.9147967117830E-03,-0.1524116534500E-02, 0.3186840929292E-02,-0.7739581055232E-03,-0.2170093871004E-02
-0.3222365187522E-02, 0.1618204833368E-02,-0.1695336618517E-02, 0.5637681758541E-02, 0.5880808316842E-03,-0.1819588085651E-02, 0.2753055460196E-02,-0.1176976815844E-02,-0.2502770086341E-02
-0.3272419375639E-02, 0.1481531594618E-02,-0.1851446829285E-02, 0.5529439069496E-02, 0.5380282546603E-03,-0.1873732323445E-02, 0.2654238109832E-02,-0.1243434484571E-02,-0.2596447297683E-02
-0.3345302304005E-02, 0.1348679086802E-02,-0.1990391505831E-02, 0.5347144668818E-02, 0.4464574027322E-03,-0.1933116573780E-02, 0.2525085138346E-02,-0.1334186449274E-02,-0.2684417739764E-02
-0.3507387947027E-02, 0.1185221257282E-02,-0.2078718016922E-02, 0.5003024811944E-02, 0.2275775179794E-03,-0.2049245095481E-02, 0.2282507855414E-02,-0.1536753208316E-02,-0.2793075985570E-02
-0.2500987729628E-02, 0.2852761303536E-02,-0.7125244023241E-03, 0.6982593841055E-02, 0.1783441324694E-02,-0.7253818896125E-03, 0.3749941703799E-02,-0.2013003214940E-03,-0.1546342065545E-02
-0.2430551661746E-02, 0.2547346290935E-02,-0.9720422612959E-03, 0.6684443716883E-02, 0.1526607894281E-02,-0.9459783612563E-03, 0.3777047748313E-02,-0.3363037686614E-03,-0.1781678563773E-02
-0.2560260187010E-02, 0.2341758353021E-02,-0.1173413400533E-02, 0.6376453814267E-02, 0.1257494296817E-02,-0.1190995790698E-02, 0.3582518974777E-02,-0.4823424191736E-03,-0.1934285049727E-02
-0.2783467207989E-02, 0.2179221332691E-02,-0.1329953533468E-02, 0.6094271740359E-02, 0.1007291651778E-02,-0.1425673256918E-02, 0.3283973993974E-02,-0.6465127964306E-03,-0.2050874975667E-02
-0.2817416671878E-02, 0.2236089650221E-02,-0.1295216561927E-02, 0.6121789444207E-02, 0.1015427920965E-02,-0.1428731227732E-02, 0.3279120889827E-02,-0.6535157340621E-03,-0.2028165559604E-02
-0.3083792347367E-02, 0.1756195416349E-02,-0.1561803634167E-02, 0.5749921507273E-02, 0.6883836968804E-03,-0.1724964615620E-02, 0.2845309853707E-02,-0.1057634824779E-02,-0.2362858956552E-02
-0.3135007215845E-02, 0.1619193418213E-02,-0.1718610812056E-02, 0.5641855102055E-02, 0.6380318768787E-03,-0.1779550824647E-02, 0.2746360105523E-02,-0.1124650704331E-02,-0.2457317549153E-02
-0.3209274986552E-02, 0.1485837217943E-02,-0.1858417593543E-02, 0.5459835986871E-02, 0.5461251440499E-03,-0.1839463259126E-02, 0.2617011359808E-02,-0.1216052160550E-02,-0.2546183343704E-02
-0.3373359186766E-02, 0.1321605683919E-02,-0.1948032617560E-02, 0.5116345273585E-02, 0.3269462350504E-03,-0.1956226323312E-02, 0.2374273207439E-02,-0.1419400943247E-02,-0.2656028440586E-02
-0.2489881589245E-02, 0.2848575394066E-02,-0.7039640240675E-03, 0.6965007398100E-02, 0.1772363397625E-02,-0.7249340345096E-03, 0.3733281245318E-02,-0.1919064464686E-03,-0.1529809506771E-02
-0.2419605355806E-02, 0.2543247232348E-02,-0.9635427327508E-03, 0.6667120425958E-02, 0.1515609292559E-02,-0.9454298877526E-03, 0.3760424583308E-02,-0.3269960154558E-03,-0.1765214749604E-02
-0.2549478220110E-02, 0.2337800947776E-02,-0.1164992775959E-02, 0.6359580014579E-02, 0.1246624183232E-02,-0.1190396535865E-02, 0.3566140687562E-02,-0.4730937261460E-03,-0.1917927133390E-02
-0.2772837516153E-02, 0.2175453676743E-02,-0.1321608292094E-02, 0.6077951122127E-02, 0.9965823684560E-03,-0.1425049414135E-02, 0.3267955967682E-02,-0.6372921060446E-03,-0.2034633087353E-02
-0.2806804917025E-02, 0.2232077264898E-02,-0.1286927168093E-02, 0.6105165416068E-02, 0.1004583516869E-02,-0.1428132569686E-02, 0.3262832807360E-02,-0.6443624908935E-03,-0.2011920373963E-02
-0.3073364739451E-02, 0.1752924720861E-02,-0.1553512296745E-02, 0.5734687726674E-02, 0.6780258178031E-03,-0.1724275602305E-02, 0.2829989693923E-02,-0.1048360983489E-02,-0.2346771422698E-02
-0.3124650275783E-02, 0.1616109784607E-02,-0.1710308008635E-02, 0.5626931632687E-02, 0.6278048207622E-03,-0.1778841618817E-02, 0.2731283792267E-02,-0.1115359576551E-02,-0.2441298982814E-02
-0.3199003527945E-02, 0.1482976248596E-02,-0.1850109292832E-02, 0.5445346978602E-02, 0.5360625762395E-03,-0.1838737503330E-02, 0.2602244302103E-02,-0.1206735759663E-02,-0.2530249833729E-02
-0.3363214320466E-02, 0.1319060392164E-02,-0.1939748473784E-02, 0.5102624542474E-02, 0.3171295094806E-03,-0.1955484195633E-02, 0.2359982414437E-02,-0.1410040648192E-02,-0.2640212247318E-02
-0.2294163795734E-02, 0.3039724466397E-02,-0.5425981036445E-03, 0.7101419618525E-02, 0.1928925574917E-02,-0.5310982849979E-03, 0.3935295577437E-02, 0.8520530817017E-05,-0.1376184794546E-02
-0.2225750765602E-02, 0.2735768786380E-02,-0.8021123606766E-03, 0.6806621655962E-02, 0.1673793285293E-02,-0.7514267070957E-03, 0.3962796003184E-02,-0.1266607883356E-03,-0.1611782959163E-02
-0.2357906969897E-02, 0.2530609680952E-02,-0.1004264638549E-02, 0.6501407440299E-02, 0.1405774999232E-02,-0.9963741716639E-03, 0.3769186630005E-02,-0.2732825679590E-03,-0.1765175698767E-02
-0.2583663332903E-02, 0.2367930833276E-02,-0.1162002155012E-02, 0.6221353612276E-02, 0.1156162640517E-02,-0.1231229021504E-02, 0.3471676945375E-02,-0.4382472642120E-03,-0.1882825249614E-02
-0.2617541908726E-02, 0.2424882313612E-02,-0.1127278056836E-02, 0.6249304393743E-02, 0.1164442646543E-02,-0.1234187219764E-02, 0.3467276779052E-02,-0.4451378201219E-03,-0.1860045533459E-02
-0.2888100232187E-02, 0.1944748643840E-02,-0.1396021774718E-02, 0.5879033682103E-02, 0.8373234002461E-03,-0.1531814248201E-02, 0.3033794591664E-02,-0.8508152312419E-03,-0.2196743730072E-02
-0.2940867936978E-02, 0.1807435542534E-02,-0.1553565269713E-02, 0.5771360777424E-02, 0.7866003668819E-03,-0.1587187953018E-02, 0.2934597625594E-02,-0.9186896826404E-03,-0.2292057295854E-02
-0.3016970123407E-02, 0.1673563795036E-02,-0.1694331992213E-02, 0.5589925987471E-02, 0.6943212292432E-03,-0.1647983448364E-02, 0.2804986083258E-02,-0.1011059988455E-02,-0.2381925461877E-02
-0.3183633025127E-02, 0.1508575419996E-02,-0.1785472520277E-02, 0.5247664368084E-02, 0.4749706157386E-03,-0.1765726531400E-02, 0.2562276927066E-02,-0.1215502805556E-02,-0.2493087015543E-02
-0.2234223552094E-02, 0.3082869408961E-02,-0.5027665137981E-03, 0.7146547840399E-02, 0.2003335059056E-02,-0.4641033039509E-03, 0.3998009851282E-02, 0.5409079607697E-04,-0.1333398998856E-02
-0.2166388495963E-02, 0.2779529266482E-02,-0.7620771542602E-03, 0.6852921638667E-02, 0.1748765331176E-02,-0.6843101224475E-03, 0.4025618712029E-02,-0.8095859355574E-04,-0.1568863064429E-02
-0.2299166201343E-02, 0.2574701086701E-02,-0.9642723077823E-03, 0.6548788202283E-02, 0.1481160829376E-02,-0.9291370319310E-03, 0.3832435305948E-02,-0.2275592277983E-03,-0.1722327166084E-02
-0.2525541483847E-02, 0.2412186299419E-02,-0.1122196036475E-02, 0.6269639574460E-02, 0.1231805971291E-02,-0.1163931186668E-02, 0.3535454578085E-02,-0.3925610019315E-03,-0.1840157446222E-02
-0.2559386696648E-02, 0.2469103731559E-02,-0.1087504090759E-02, 0.6297684630401E-02, 0.1240103824907E-02,-0.1166857064611E-02, 0.3531139607132E-02,-0.3994300197307E-03,-0.1817372191657E-02
-0.2831024042684E-02, 0.1989302621539E-02,-0.1356605467809E-02, 0.5928264917351E-02, 0.9129828568059E-03,-0.1464809848967E-02, 0.3098080937179E-02,-0.8051675509938E-03,-0.2154381111555E-02
-0.2884218557495E-02, 0.1852001793105E-02,-0.1514249062068E-02, 0.5820762392045E-02, 0.8620946198298E-03,-0.1520414944968E-02, 0.2998855542486E-02,-0.8731960961675E-03,-0.2249869828314E-02
-0.2960816705595E-02, 0.1718103764932E-02,-0.1655182516167E-02, 0.5639628470236E-02, 0.7696740164371E-03,-0.1581460924962E-02, 0.2869245489656E-02,-0.9657292057574E-03,-0.2339954882678E-02
-0.3128144594256E-02, 0.1553090131962E-02,-0.1746653785691E-02, 0.5298047202925E-02, 0.5503101116822E-03,-0.1699445569518E-02, 0.2626731572205E-02,-0.1170282667755E-02,-0.2451395085805E-02
-0.2170425921964E-02, 0.3133634404813E-02,-0.4452314242379E-03, 0.7214162898338E-02, 0.2085155170997E-02,-0.3984133387732E-03, 0.4062129475036E-02, 0.1088989997445E-03,-0.1279423271906E-02
-0.2103203222625E-02, 0.2831027655175E-02,-0.7043498474801E-03, 0.6921913985004E-02, 0.1831287400134E-02,-0.6183264871793E-03, 0.4089979470569E-02,-0.2596965610367E-04,-0.1514758753155E-02
-0.2236641906674E-02, 0.2626583832549E-02,-0.9066276512403E-03, 0.6619019838163E-02, 0.1564194698619E-02,-0.8629052635766E-03, 0.3897303042635E-02,-0.1725282932944E-03,-0.1668311306670E-02
-0.2463678044243E-02, 0.2464243469655E-02,-0.1064797974297E-02, 0.6340876817800E-02, 0.1315157774940E-02,-0.1097547009676E-02, 0.3600892502195E-02,-0.3375672378456E-03,-0.1786352204105E-02
-0.2497483435178E-02, 0.2521162346263E-02,-0.1030126065486E-02, 0.6369076600576E-02, 0.1323495871486E-02,-0.1100435736269E-02, 0.3596710845652E-02,-0.3444022238930E-03,-0.1763550010557E-02
-0.2770286960468E-02, 0.2041635253955E-02,-0.1299748733416E-02, 0.6000429596446E-02, 0.9963740950416E-03,-0.1398608777828E-02, 0.3164038327654E-02,-0.7502473531004E-03,-0.2100984117355E-02
-0.2823945219354E-02, 0.1904319922826E-02,-0.1457570267136E-02, 0.5893062624482E-02, 0.9453018492485E-03,-0.1454429368846E-02, 0.3064774807457E-02,-0.8184667108031E-03,-0.2196695913600E-02
-0.2901082570789E-02, 0.1770355885381E-02,-0.1598754317130E-02, 0.5712210705489E-02, 0.8527183128021E-03,-0.1515712905454E-02, 0.2935146151129E-02,-0.9112036594542E-03,-0.2287050041479E-02
-0.3069131433797E-02, 0.1605262223525E-02,-0.1690649693523E-02, 0.5371331809840E-02, 0.6333302206343E-03,-0.1633911743374E-02, 0.2692796723033E-02,-0.1115906742228E-02,-0.2398830329906E-02
-0.2078142003825E-02, 0.3222902813351E-02,-0.3341494304317E-03, 0.7328272252822E-02, 0.2179110202075E-02,-0.3199337407362E-03, 0.4143689792619E-02, 0.2095436760732E-03,-0.1184718745347E-02
-0.2011808603596E-02, 0.2921292767717E-02,-0.5931964931169E-03, 0.7038012461113E-02, 0.1926332334281E-02,-0.5392458921101E-03, 0.4172057525373E-02, 0.7483072871640E-04,-0.1420067759153E-02
-0.2146278521301E-02, 0.2717268552675E-02,-0.7958003994780E-03, 0.6736788528879E-02, 0.1659989896817E-02,-0.7833960602426E-03, 0.3980046711456E-02,-0.7180577596677E-04,-0.1573899554079E-02
-0.2374376776934E-02, 0.2555003264130E-02,-0.9545292254047E-03, 0.6459906290053E-02, 0.1411395487919E-02,-0.1017799592477E-02, 0.3684272857753E-02,-0.2370620936856E-03,-0.1692377914403E-02
-0.2408130002523E-02, 0.2612023512169E-02,-0.9198432933827E-03, 0.6488427723461E-02, 0.1419840029653E-02,-0.1020633930432E-02, 0.3680379360707E-02,-0.2438238577348E-03,-0.1669524025052E-02
-0.2682758381959E-02, 0.2132441850151E-02,-0.1190633939515E-02, 0.6120390228357E-02, 0.1092701148772E-02,-0.1319028138621E-02, 0.3247898058538E-02,-0.6502191910672E-03,-0.2007929468349E-02
-0.2737119823588E-02, 0.1994981246852E-02,-0.1348903662687E-02, 0.6013111049630E-02, 0.1041401783518E-02,-0.1375117584718E-02, 0.3148531853137E-02,-0.7188312151925E-03,-0.2104074386779E-02
-0.2815082674363E-02, 0.1860765928623E-02,-0.1490641690550E-02, 0.5832503766361E-02, 0.9485953779178E-03,-0.1436711576771E-02, 0.3018782986647E-02,-0.8120046251668E-03,-0.2194931060922E-02
-0.2984262671585E-02, 0.1695319807419E-02,-0.1583340568560E-02, 0.5492332874084E-02, 0.7291277495515E-03,-0.1555200937737E-02, 0.2776453866152E-02,-0.1017143722660E-02,-0.2307348736836E-02
-0.2701833509418E-02, 0.3556728517579E-02,-0.5733192494658E-03,-0.2048684243167E-02, 0.2304055646444E-02,-0.6916413659948E-03, 0.4661859504545E-02, 0.1845278830680E-03,-0.1702169539917E-02
-0.2628257534658E-02, 0.3235707681332E-02,-0.8396500582490E-03,-0.2254842352227E-02, 0.2035421190354E-02,-0.9203580761395E-03, 0.4678863576805E-02, 0.4258483318880E-04,-0.1941320926785E-02
-0.2756306590691E-02, 0.3019440379551E-02,-0.1044830661472E-02,-0.2456043521474E-02, 0.1756627530040E-02,-0.1170841737280E-02, 0.4471957817284E-02,-0.1088057175309E-03,-0.2095177246197E-02
-0.2978888125561E-02, 0.2848574909789E-02,-0.1203614418286E-02,-0.2626651442636E-02, 0.1498282126179E-02,-0.1409269460718E-02, 0.4160186699135E-02,-0.2778529111040E-03,-0.2211966748376E-02
-0.3010955592192E-02, 0.2910333849638E-02,-0.1165167885434E-02,-0.2630210520968E-02, 0.1510165696994E-02,-0.1409815035699E-02, 0.4158789974414E-02,-0.2817297876014E-03,-0.2186853265595E-02
-0.3279278423973E-02, 0.2405642656531E-02,-0.1441004829295E-02,-0.2773542307617E-02, 0.1165365930520E-02,-0.1714665539693E-02, 0.3698226279564E-02,-0.7017537948616E-03,-0.2527258301922E-02
-0.3329997569455E-02, 0.2261209439539E-02,-0.1601470645894E-02,-0.2884903743960E-02, 0.1110657006726E-02,-0.1770765111331E-02, 0.3591637075116E-02,-0.7723684126053E-03,-0.2622777892047E-02
-0.3403710651430E-02, 0.2120536488553E-02,-0.1744521328027E-02,-0.3021692747052E-02, 0.1013568310877E-02,-0.1832204005860E-02, 0.3453864495578E-02,-0.8678019200120E-03,-0.2712459866824E-02
-0.3567401124130E-02, 0.1947927548258E-02,-0.1836210219299E-02,-0.3184021990027E-02, 0.7864404269130E-03,-0.1951285949372E-02, 0.3199325506966E-02,-0.1077336396396E-02,-0.2822989108065E-02
-0.2570507356549E-02, 0.3671515323291E-02,-0.4499009176729E-03,-0.1918744440526E-02, 0.2435768231611E-02,-0.5813414136492E-03, 0.4757146773935E-02, 0.2247713612662E-03,-0.1668338534656E-02
-0.2498736238634E-02, 0.3351124563502E-02,-0.7167574946259E-03,-0.2125826318449E-02, 0.2167705341802E-02,-0.8101935308095E-03, 0.4774305910864E-02, 0.8288593414385E-04,-0.1907409471670E-02
-0.2628788076445E-02, 0.3134746138259E-02,-0.9230103995351E-03,-0.2328451425015E-02, 0.1889045134952E-02,-0.1061121427811E-02, 0.4567752981849E-02,-0.6882634148768E-04,-0.2061764353822E-02
-0.2853352197523E-02, 0.2963409982124E-02,-0.1083100374285E-02,-0.2500677624489E-02, 0.1630534340824E-02,-0.1300182110981E-02, 0.4256382934181E-02,-0.2383415671155E-03,-0.2179284246700E-02
-0.2885355952921E-02, 0.3025314351303E-02,-0.1044610928949E-02,-0.2504204250470E-02, 0.1642583448505E-02,-0.1300662003510E-02, 0.4255350451128E-02,-0.2420989256778E-03,-0.2154220195632E-02
-0.3156774599658E-02, 0.2519984215416E-02,-0.1322554500848E-02,-0.2650164759204E-02, 0.1296947909795E-02,-0.1606929861132E-02, 0.3794771272046E-02,-0.6626852743084E-03,-0.2495343326993E-02
-0.3208593768527E-02, 0.2375302259619E-02,-0.1483683169786E-02,-0.2762458845506E-02, 0.1241813605726E-02,-0.1663625568962E-02, 0.3688079321409E-02,-0.7335785897596E-03,-0.2591155263654E-02
-0.3283611920709E-02, 0.2234199883926E-02,-0.1627580820088E-02,-0.2900333792797E-02, 0.1144254481881E-02,-0.1725766183291E-02, 0.3550147466916E-02,-0.8293735799832E-03,-0.2681257466433E-02
-0.3449174309787E-02, 0.2060846309640E-02,-0.1720623384953E-02,-0.3064199987347E-02, 0.9166224677060E-03,-0.1845774467614E-02, 0.3295488840461E-02,-0.1039385770131E-02,-0.2792476436660E-02
-0.2420287673377E-02, 0.3807262235656E-02,-0.3081166337015E-03,-0.1785109765980E-02, 0.2549965403890E-02,-0.4811548398970E-03, 0.4847513409431E-02, 0.3192116424196E-03,-0.1552390695890E-02
-0.2350156491255E-02, 0.3487922558962E-02,-0.5752596804596E-03,-0.1992843365443E-02, 0.2282971699447E-02,-0.7096071023341E-03, 0.4865274228524E-02, 0.1774130169420E-03,-0.1791831879170E-02
-0.2482210935216E-02, 0.3271736221476E-02,-0.7823957181876E-03,-0.2196670595243E-02, 0.2004873758528E-02,-0.9605311581436E-03, 0.4659387516462E-02, 0.2539337994263E-04,-0.1946968205841E-02
-0.2708855167909E-02, 0.3100137181966E-02,-0.9436587333736E-03,-0.2370346203021E-02, 0.1746550735162E-02,-0.1199861555014E-02, 0.4348625330986E-02,-0.1446119077672E-03,-0.2065458591446E-02
-0.2740811788010E-02, 0.3162227288978E-02,-0.9051265078827E-03,-0.2373832840216E-02, 0.1758784143880E-02,-0.1200278178048E-02, 0.4348038474238E-02,-0.1482416531968E-03,-0.2040358829855E-02
-0.3015529650094E-02, 0.2656436831957E-02,-0.1185101642071E-02,-0.2522261543080E-02, 0.1412746057201E-02,-0.1507479562697E-02, 0.3887562770754E-02,-0.5696379920723E-03,-0.2383137201624E-02
-0.3068534510680E-02, 0.2511520168781E-02,-0.1346913580010E-02,-0.2635444945311E-02, 0.1357301512742E-02,-0.1564658051935E-02, 0.3780813890967E-02,-0.6409682602560E-03,-0.2479600836150E-02
-0.3144965812435E-02, 0.2369990971617E-02,-0.1491677332592E-02,-0.2774361511417E-02, 0.1259392082218E-02,-0.1627379469434E-02, 0.3642757178856E-02,-0.7372898750646E-03,-0.2570479437128E-02
-0.3312559576489E-02, 0.2195923084059E-02,-0.1586061519003E-02,-0.2939698248205E-02, 0.1031440203821E-02,-0.1748116268692E-02, 0.3388020560016E-02,-0.9479377334511E-03,-0.2682772064679E-02
-0.2271892417302E-02, 0.3942487252350E-02,-0.1708717430902E-03,-0.1664159673058E-02, 0.2646869809883E-02,-0.3860839876318E-03, 0.4935723638614E-02, 0.4399204921205E-03,-0.1406596895686E-02
-0.2203175835271E-02, 0.3624374936904E-02,-0.4381012018976E-03,-0.1872292556842E-02, 0.2381151502910E-02,-0.6139409728923E-03, 0.4954230459145E-02, 0.2982110650833E-03,-0.1646544473498E-02
-0.2337042582170E-02, 0.3408572883370E-02,-0.6458986575850E-03,-0.2077045939853E-02, 0.2103838149428E-02,-0.8646379356184E-03, 0.4749152463464E-02, 0.1459219668207E-03,-0.1802492397431E-02
-0.2565613114661E-02, 0.3236891327315E-02,-0.8081227280802E-03,-0.2251906281368E-02, 0.1845916675126E-02,-0.1104020159743E-02, 0.4439121921085E-02,-0.2453560769167E-04,-0.1921954108377E-02
-0.2597532229258E-02, 0.3299158780847E-02,-0.7695583351329E-03,-0.2255353450508E-02, 0.1858322105045E-02,-0.1104378101055E-02, 0.4438975761049E-02,-0.2804727044114E-04,-0.1896782482403E-02
-0.2875347363062E-02, 0.2793130649908E-02,-0.1051285185205E-02,-0.2405893677009E-02, 0.1512197066813E-02,-0.1412221527923E-02, 0.3978732274294E-02,-0.4503114055638E-03,-0.2241472654869E-02
-0.2929479155005E-02, 0.2648025236528E-02,-0.1213706549813E-02,-0.2519837168229E-02, 0.1456534079868E-02,-0.1469806563716E-02, 0.3871951587884E-02,-0.5221360606123E-03,-0.2338693897655E-02
-0.3007254259739E-02, 0.2506130485484E-02,-0.1359245902739E-02,-0.2659648209776E-02, 0.1358379274295E-02,-0.1533017435789E-02, 0.3733806497908E-02,-0.6190350400763E-03,-0.2430441838553E-02
-0.3176772827985E-02, 0.2331466930867E-02,-0.1454821667199E-02,-0.2826252567697E-02, 0.1130265377519E-02,-0.1654331345503E-02, 0.3479066633197E-02,-0.8303457092115E-03,-0.2543880516377E-02
-0.2262059615277E-02, 0.3935290227710E-02,-0.1642484568728E-03,-0.1654969351805E-02, 0.2633327392301E-02,-0.3871633086780E-03, 0.4916055532142E-02, 0.4471739722555E-03,-0.1391066280179E-02
-0.2193505100121E-02, 0.3617331403262E-02,-0.4315221043582E-03,-0.1863124204782E-02, 0.2367709801504E-02,-0.6149112565180E-03, 0.4934669441619E-02, 0.3053942859859E-03,-0.1631095471885E-02
-0.2327527659116E-02, 0.3401753741162E-02,-0.6393695591988E-03,-0.2067941612177E-02, 0.2090569329819E-02,-0.8655462868374E-03, 0.4729918430237E-02, 0.1530793228944E-03,-0.1787142532792E-02
-0.2556235409252E-02, 0.3230351423405E-02,-0.8016333117911E-03,-0.2242885506450E-02, 0.1832864604807E-02,-0.1104890011691E-02, 0.4420335438322E-02,-0.1736232147633E-04,-0.1906706097544E-02
-0.2588174462209E-02, 0.3292311803438E-02,-0.7631480496086E-03,-0.2246357630475E-02, 0.1845091740331E-02,-0.1105282156080E-02, 0.4419825487850E-02,-0.2096858069099E-04,-0.1881544934064E-02
-0.2866138950904E-02, 0.2787249548881E-02,-0.1044779671817E-02,-0.2397008485477E-02, 0.1499596905050E-02,-0.1412989993217E-02, 0.3960805274178E-02,-0.4429912718833E-03,-0.2226377277160E-02
-0.2920324975683E-02, 0.2642385139329E-02,-0.1207159089938E-02,-0.2510994744954E-02, 0.1444099985966E-02,-0.1470540558660E-02, 0.3854317860297E-02,-0.5147688810401E-03,-0.2323654046392E-02
-0.2998166377215E-02, 0.2500778526369E-02,-0.1352657786350E-02,-0.2650848049409E-02, 0.1346154938384E-02,-0.1533718254247E-02, 0.3716545527534E-02,-0.6116044653698E-03,-0.2415467094594E-02
-0.3167787561088E-02, 0.2326529793589E-02,-0.1448212100718E-02,-0.2817506297595E-02, 0.1118357200533E-02,-0.1654993140244E-02, 0.3462385752632E-02,-0.8228099392752E-03,-0.2528998041279E-02
-0.2063447016048E-02, 0.4125443589428E-02,-0.1621524103059E-05,-0.1525831046209E-02, 0.2789690909424E-02,-0.1912988191362E-03, 0.5116731788355E-02, 0.6484309595344E-03,-0.1234554899230E-02
-0.1996641968505E-02, 0.3809335916995E-02,-0.2685805961763E-03,-0.1734083627389E-02, 0.2525976405775E-02,-0.4187383398247E-03, 0.5135954376718E-02, 0.5067999913955E-03,-0.1474665519501E-02
-0.2132801901300E-02, 0.3594434959866E-02,-0.4769055592380E-03,-0.1939644783015E-02, 0.2250073227837E-02,-0.6692106613619E-03, 0.4932237764011E-02, 0.3541798171633E-03,-0.1631316180036E-02
-0.2363758249033E-02, 0.3423019726517E-02,-0.6401005544699E-03,-0.2115697350037E-02, 0.1993038655676E-02,-0.9086243189900E-03, 0.4623709807317E-02, 0.1831702161100E-03,-0.1751765961853E-02
-0.2395603457416E-02, 0.3485421899909E-02,-0.6015455861765E-03,-0.2119099373937E-02, 0.2005627112460E-02,-0.9088873594420E-03, 0.4624084994998E-02, 0.1797956247632E-03,-0.1726538099041E-02
-0.2677385927730E-02, 0.2979762465061E-02,-0.8851172061712E-03,-0.2272008066076E-02, 0.1659804448954E-02,-0.1217909783488E-02, 0.4164731290288E-02,-0.2436181493719E-03,-0.2073099213400E-02
-0.2733017586543E-02, 0.2834545125785E-02,-0.1048158861138E-02,-0.2386740482823E-02, 0.1603886602828E-02,-0.1276227687562E-02, 0.4057879580175E-02,-0.3162005969749E-03,-0.2171139640169E-02
-0.2812562553600E-02, 0.2692337727186E-02,-0.1194539364775E-02,-0.2527487773174E-02, 0.1505495083301E-02,-0.1340261695135E-02, 0.3919675423385E-02,-0.4139489191718E-03,-0.2263852172165E-02
-0.2984546900356E-02, 0.2517192079044E-02,-0.1291496189026E-02,-0.2695472562966E-02, 0.1277425006703E-02,-0.1462461297920E-02, 0.3665285710709E-02,-0.6261433894770E-03,-0.2378553987812E-02
-0.2003130326591E-02, 0.4167222080177E-02, 0.3785765183249E-04,-0.1470952007714E-02, 0.2862662063576E-02,-0.1242340126478E-03, 0.5177627357811E-02, 0.6934835609191E-03,-0.1191319678363E-02
-0.1936869471361E-02, 0.3851882531916E-02,-0.2288238215886E-03,-0.1679201736772E-02, 0.2599620645291E-02,-0.3515059484092E-03, 0.5197062115212E-02, 0.5520575986517E-03,-0.1431268192755E-02
-0.2073602411052E-02, 0.3637463448394E-02,-0.4371153855181E-03,-0.1884959913018E-02, 0.2324259174914E-02,-0.6018069013800E-03, 0.4993928264258E-02, 0.3995354387963E-03,-0.1587965980908E-02
-0.2305125331520E-02, 0.3466351439574E-02,-0.6004249802466E-03,-0.2061333131110E-02, 0.2067609026355E-02,-0.8411099937867E-03, 0.4686101476336E-02, 0.2285637493561E-03,-0.1708575116897E-02
-0.2336939826573E-02, 0.3528720914537E-02,-0.5619057578666E-03,-0.2064708190271E-02, 0.2080216163440E-02,-0.8413464931737E-03, 0.4686571395922E-02, 0.2252105037989E-03,-0.1683346905406E-02
-0.2619725858208E-02, 0.3023595085895E-02,-0.8457300232619E-03,-0.2218351071464E-02, 0.1734568190332E-02,-0.1150615085813E-02, 0.4227871775140E-02,-0.1981415462660E-03,-0.2030175728683E-02
-0.2675765287025E-02, 0.2878449974217E-02,-0.1008838099667E-02,-0.2333349458864E-02, 0.1678528356414E-02,-0.1209145091754E-02, 0.4121053781211E-02,-0.2708463993970E-03,-0.2128378975271E-02
-0.2755782812209E-02, 0.2736282332206E-02,-0.1155348288284E-02,-0.2474398132941E-02, 0.1580052831017E-02,-0.1273407949394E-02, 0.3982927276627E-02,-0.3687199131210E-03,-0.2221295015666E-02
-0.2928392423302E-02, 0.2561208729534E-02,-0.1252584395821E-02,-0.2642790100089E-02, 0.1352074553487E-02,-0.1395814567545E-02, 0.3728862450065E-02,-0.5809624802224E-03,-0.2336256974876E-02
-0.1938733722467E-02, 0.4216874187256E-02, 0.9524638857449E-04,-0.1394940342566E-02, 0.2943275021750E-02,-0.5825712633723E-04, 0.5240316814548E-02, 0.7480087597251E-03,-0.1136618047083E-02
-0.1873042773812E-02, 0.3902436768135E-02,-0.1711498035068E-03,-0.1603241137979E-02, 0.2681058521565E-02,-0.2851841172646E-03, 0.5260104151207E-02, 0.6068488618461E-03,-0.1376402385586E-02
-0.2010381102309E-02, 0.3688564386290E-02,-0.3794330325094E-03,-0.1809285949892E-02, 0.2406345217205E-02,-0.5351825354675E-03, 0.5057634971031E-02, 0.4544547442246E-03,-0.1533159235590E-02
-0.2242507162204E-02, 0.3517773389961E-02,-0.5429066921623E-03,-0.1986086947843E-02, 0.2150145191844E-02,-0.7742813224419E-03, 0.4750547491504E-02, 0.2835276693724E-03,-0.1653953721227E-02
-0.2274285218580E-02, 0.3580156144674E-02,-0.5044098639068E-03,-0.1989420461474E-02, 0.2162801211323E-02,-0.7744860061326E-03, 0.4751189934876E-02, 0.2802128522998E-03,-0.1628715454577E-02
-0.2558156293178E-02, 0.3075500946823E-02,-0.7886388783345E-03,-0.2144006180017E-02, 0.1817325310815E-02,-0.1083895768689E-02, 0.4293070504326E-02,-0.1431203019771E-03,-0.1975916095919E-02
-0.2614640624236E-02, 0.2930402589355E-02,-0.9518844613147E-03,-0.2259380862380E-02, 0.1761145141620E-02,-0.1142621961155E-02, 0.4186273666954E-02,-0.2159833668728E-03,-0.2074330233887E-02
-0.2695174074350E-02, 0.2788235123751E-02,-0.1098602650490E-02,-0.2400854246040E-02, 0.1662563777863E-02,-0.1207100476682E-02, 0.4048198434528E-02,-0.3140224129455E-03,-0.2167502353094E-02
-0.2868463600025E-02, 0.2613177786859E-02,-0.1196208155560E-02,-0.2569792823832E-02, 0.1434665437965E-02,-0.1329686072896E-02, 0.3794415182647E-02,-0.5263498864671E-03,-0.2282784464156E-02
-0.1845244262088E-02, 0.4305154961808E-02, 0.2065498235068E-03,-0.1274803943308E-02, 0.3036480834769E-02, 0.2097978854182E-04, 0.5320949826734E-02, 0.8487123201798E-03,-0.1040457308903E-02
-0.1780374007439E-02, 0.3991971279190E-02,-0.5961884517412E-04,-0.1483281512822E-02, 0.2775519368128E-02,-0.2052713040351E-03, 0.5341408317974E-02, 0.7078424508824E-03,-0.1280195662551E-02
-0.1918661186105E-02, 0.3778743385441E-02,-0.2680861780186E-03,-0.1689873219577E-02, 0.2501722222187E-02,-0.4547671706032E-03, 0.5139796114238E-02, 0.5554971480640E-03,-0.1437184579655E-02
-0.2151767544581E-02, 0.3608219498949E-02,-0.4319958985304E-03,-0.1867427203611E-02, 0.2246116808048E-02,-0.6935607477627E-03, 0.4833539749476E-02, 0.3844694555641E-03,-0.1558377247652E-02
-0.2183496023033E-02, 0.3670746024404E-02,-0.3934825819752E-03,-0.1870695851387E-02, 0.2258910980149E-02,-0.6937139304703E-03, 0.4834573823408E-02, 0.3812465566478E-03,-0.1533098054638E-02
-0.2469084786935E-02, 0.3166276621283E-02,-0.6787173965713E-03,-0.2026814563678E-02, 0.1913590819580E-02,-0.1003252780256E-02, 0.4376800672665E-02,-0.4246092312311E-04,-0.1881186586065E-02
-0.2526250083367E-02, 0.3021116344327E-02,-0.8423467469848E-03,-0.2142822854603E-02, 0.1857235486110E-02,-0.1062224473536E-02, 0.4269968398490E-02,-0.1156731060722E-03,-0.1980019126732E-02
-0.2607581536831E-02, 0.2878781749630E-02,-0.9895554341705E-03,-0.2285020138439E-02, 0.1758492901579E-02,-0.1126986919478E-02, 0.4131844680330E-02,-0.2140980208511E-03,-0.2073678716548E-02
-0.2781950427477E-02, 0.2703486517947E-02,-0.1087893660011E-02,-0.2454890854421E-02, 0.1530618797307E-02,-0.1249820344059E-02, 0.3878192303077E-02,-0.4267717195292E-03,-0.2189571706644E-02
-0.2374011149588E-02, 0.4767848102152E-02, 0.7874281261020E-04,-0.1911913396263E-02, 0.3285133361727E-02,-0.2493941224808E-03, 0.5966583145245E-02, 0.9367837775695E-03,-0.1469078408535E-02
-0.2303177445543E-02, 0.4431948565975E-02,-0.1968063904327E-03,-0.2122493485248E-02, 0.3006098172458E-02,-0.4870074869797E-03, 0.5973374074800E-02, 0.7867981909016E-03,-0.1713745792013E-02
-0.2436463482540E-02, 0.4203557532187E-02,-0.4097474048121E-03,-0.2327898324714E-02, 0.2717664923665E-02,-0.7442500910049E-03, 0.5754210859790E-02, 0.6279474748199E-03,-0.1871715397621E-02
-0.2665481821342E-02, 0.4021843972637E-02,-0.5754114186080E-03,-0.2502325037114E-02, 0.2450255407356E-02,-0.9881529056621E-03, 0.5429267821073E-02, 0.4514919684323E-03,-0.1992074987155E-02
-0.2695247267357E-02, 0.4089175935300E-02,-0.5328456818925E-03,-0.2503719668004E-02, 0.2466560608404E-02,-0.9857139694233E-03, 0.5432664528301E-02, 0.4513139396927E-03,-0.1964178283423E-02
-0.2977165647407E-02, 0.3555125163629E-02,-0.8262331967693E-03,-0.2655032570528E-02, 0.2100194740213E-02,-0.1304063051295E-02, 0.4942739555955E-02, 0.1080794117196E-04,-0.2316315165189E-02
-0.3031470306951E-02, 0.3401518386513E-02,-0.9932085439547E-03,-0.2769534535365E-02, 0.2039357495634E-02,-0.1363782831311E-02, 0.4827372032660E-02,-0.6537416221392E-04,-0.2415157026455E-02
-0.3109432360296E-02, 0.3251185619750E-02,-0.1142912886636E-02,-0.2910017692859E-02, 0.1935113565617E-02,-0.1429175004485E-02, 0.4679791293266E-02,-0.1671227962054E-03,-0.2508318349490E-02
-0.3279563479539E-02, 0.3066706057411E-02,-0.1241610742385E-02,-0.3076893838438E-02, 0.1697811391588E-02,-0.1553611512086E-02, 0.4411889121064E-02,-0.3856928138790E-03,-0.2623177844494E-02
-0.2242674289410E-02, 0.4879065756109E-02, 0.2007311889000E-03,-0.1781039767493E-02, 0.3413378373432E-02,-0.1397975743416E-03, 0.6058264049972E-02, 0.9757630548779E-03,-0.1435292564884E-02
-0.2173555714328E-02, 0.4544155298201E-02,-0.7513906936254E-04,-0.1992481024448E-02, 0.3135166224023E-02,-0.3774240382557E-03, 0.6065471186611E-02, 0.8259852000642E-03,-0.1679826979886E-02
-0.2308733488463E-02, 0.4315974249303E-02,-0.2889619882923E-03,-0.2199247334967E-02, 0.2847139225372E-02,-0.6349939902088E-03, 0.5846944934684E-02, 0.6669558863774E-03,-0.1838244348421E-02
-0.2539620560654E-02, 0.4134074302446E-02,-0.4557632463419E-03,-0.2375235634902E-02, 0.2579828310682E-02,-0.8794228858659E-03, 0.5522683801275E-02, 0.4901603688680E-03,-0.1959288513916E-02
-0.2569309316905E-02, 0.4201590052950E-02,-0.4131416268236E-03,-0.2376595233447E-02, 0.2596332712994E-02,-0.8769076539740E-03, 0.5526493836261E-02, 0.4901281131018E-03,-0.1931429327541E-02
-0.2854174394548E-02, 0.3667324486979E-02,-0.7084034936117E-03,-0.2530465946430E-02, 0.2229478465986E-02,-0.1196519330951E-02, 0.5036950918344E-02, 0.4921174258482E-04,-0.2284232609496E-02
-0.2909534399545E-02, 0.3513609263243E-02,-0.8759443772404E-03,-0.2645868028263E-02, 0.2168318526257E-02,-0.1256784447756E-02, 0.4921604428769E-02,-0.2718854179657E-04,-0.2383345675508E-02
-0.2988751404508E-02, 0.3362992524697E-02,-0.1026399018836E-02,-0.2787403913223E-02, 0.2063728499356E-02,-0.1322825015465E-02, 0.4773998404113E-02,-0.1292361626397E-03,-0.2476905519237E-02
-0.3160676615389E-02, 0.3177968293238E-02,-0.1126342356876E-02,-0.2955780490618E-02, 0.1826128328595E-02,-0.1448114175124E-02, 0.4506178217120E-02,-0.3482036366709E-03,-0.2592426714861E-02
-0.2091946092037E-02, 0.5011323700590E-02, 0.3413289710844E-03,-0.1646208922229E-02, 0.3524841668681E-02,-0.3997770444019E-04, 0.6145778222194E-02, 0.1068960596733E-02,-0.1318661554180E-02
-0.2024362224106E-02, 0.4677883459183E-02, 0.6540954838897E-04,-0.1858229773379E-02, 0.3247954312801E-02,-0.2770745113310E-03, 0.6153812245604E-02, 0.9194600088787E-03,-0.1563474829741E-02
-0.2161409357436E-02, 0.4450254854833E-02,-0.1490800349981E-03,-0.2066124085933E-02, 0.2960750495532E-02,-0.5345194363055E-03, 0.5936232807534E-02, 0.7603012574448E-03,-0.1722596974656E-02
-0.2394239881974E-02, 0.4268401263193E-02,-0.3168655166650E-03,-0.2243494163574E-02, 0.2693871461488E-02,-0.7791099652527E-03, 0.5612869152155E-02, 0.5831772409228E-03,-0.1844546159352E-02
-0.2423868404860E-02, 0.4336144944362E-02,-0.2741864431421E-03,-0.2244815886339E-02, 0.2710606140715E-02,-0.7765204888984E-03, 0.5617264871573E-02, 0.5833062737646E-03,-0.1816653198034E-02
-0.2711860664456E-02, 0.3801872620642E-02,-0.5712271251909E-03,-0.2401070828851E-02, 0.2343652721544E-02,-0.1096917778622E-02, 0.5128106166146E-02, 0.1418050065803E-03,-0.2170998329804E-02
-0.2768359291772E-02, 0.3648079559821E-02,-0.7393448904164E-03,-0.2517331860257E-02, 0.2282281933100E-02,-0.1157618246830E-02, 0.5012814862675E-02, 0.6503926489139E-04,-0.2270730237592E-02
-0.2848934766635E-02, 0.3497193483127E-02,-0.8905611722756E-03,-0.2659874888875E-02, 0.2177455209360E-02,-0.1224189304647E-02, 0.4865203295700E-02,-0.3745753426767E-04,-0.2365032883076E-02
-0.3022800606668E-02, 0.3311658998426E-02,-0.9917313777626E-03,-0.2829675063228E-02, 0.1939711308090E-02,-0.1350135613521E-02, 0.4597486172825E-02,-0.2569438717407E-03,-0.2481581408248E-02
-0.1942826543844E-02, 0.5143351669856E-02, 0.4776139935112E-03,-0.1524041172727E-02, 0.3619580285561E-02, 0.5493116512798E-04, 0.6231547036676E-02, 0.1188486675631E-02,-0.1171870538245E-02
-0.1876552620674E-02, 0.4811557437923E-02, 0.2018415401292E-03,-0.1736390285815E-02, 0.3344206323409E-02,-0.1814455130881E-03, 0.6240528942139E-02, 0.1039273901854E-02,-0.1417087135688E-02
-0.2015276968811E-02, 0.4584667901776E-02,-0.1309700222325E-04,-0.1945137176132E-02, 0.3058023536649E-02,-0.4385462365744E-03, 0.6024029053539E-02, 0.8800313834776E-03,-0.1576937286532E-02
-0.2249894656246E-02, 0.4403032490405E-02,-0.1816589019989E-03,-0.2123624854087E-02, 0.2791763568589E-02,-0.6830843714285E-03, 0.5701681232423E-02, 0.7026261603699E-03,-0.1699787387309E-02
-0.2279474593461E-02, 0.4470993101501E-02,-0.1389343063863E-03,-0.2124911336165E-02, 0.2808717043128E-02,-0.6804275599021E-03, 0.5706667570461E-02, 0.7029066450854E-03,-0.1671831699034E-02
-0.2570390320983E-02, 0.3936921757968E-02,-0.4374818476312E-03,-0.2283194614551E-02, 0.2441938661800E-02,-0.1001326339632E-02, 0.5217977238840E-02, 0.2607957594386E-03,-0.2027953024776E-02
-0.2627970638885E-02, 0.3783093490571E-02,-0.6061073040820E-03,-0.2400188889519E-02, 0.2380439640473E-02,-0.1062390199166E-02, 0.5102758029192E-02, 0.1836089362430E-03,-0.2128406302677E-02
-0.2709836208302E-02, 0.3631994363582E-02,-0.7579992497960E-03,-0.2543593682266E-02, 0.2275467827573E-02,-0.1129404479803E-02, 0.4955169683406E-02, 0.8061673073390E-04,-0.2223541135518E-02
-0.2885534725105E-02, 0.3446057682896E-02,-0.8602505599036E-03,-0.2714612183756E-02, 0.2037711913384E-02,-0.1255860559653E-02, 0.4687618955809E-02,-0.1393990824588E-03,-0.2341183459920E-02
-0.1934473933707E-02, 0.5132939669847E-02, 0.4820731108575E-03,-0.1515951019636E-02, 0.3603395887582E-02, 0.5213283701066E-04, 0.6208667451767E-02, 0.1193371324415E-02,-0.1157569021076E-02
-0.1868363425424E-02, 0.4801347519804E-02, 0.2062796484944E-03,-0.1728323077622E-02, 0.3328151044136E-02,-0.1841221939137E-03, 0.6217884065287E-02, 0.1044110685543E-02,-0.1402868631897E-02
-0.2007229635825E-02, 0.4574780665083E-02,-0.8670996482215E-05,-0.1937132610015E-02, 0.3042195420664E-02,-0.4411451497316E-03, 0.6001805253409E-02, 0.8848849051077E-03,-0.1562810667395E-02
-0.2241961430830E-02, 0.4393544111561E-02,-0.1772271433343E-03,-0.2115699685020E-02, 0.2776219079421E-02,-0.6856258723253E-03, 0.5679984337085E-02, 0.7075500495455E-03,-0.1685750020703E-02
-0.2271572031919E-02, 0.4461125777441E-02,-0.1346115378886E-03,-0.2117006984260E-02, 0.2792945797588E-02,-0.6830191672086E-03, 0.5684442956540E-02, 0.7077019965109E-03,-0.1657815621004E-02
-0.2562577238333E-02, 0.3928281931622E-02,-0.4329492197127E-03,-0.2275386735678E-02, 0.2426964492636E-02,-0.1003719985370E-02, 0.5197329474901E-02, 0.2659773787804E-03,-0.2014040253283E-02
-0.2620193361233E-02, 0.3774743946223E-02,-0.6014974213285E-03,-0.2392405672558E-02, 0.2365670042501E-02,-0.1064729176245E-02, 0.5082459740048E-02, 0.1888716717565E-03,-0.2114532858061E-02
-0.2702102879441E-02, 0.3624004701426E-02,-0.7533074196211E-03,-0.2535839764253E-02, 0.2260958357720E-02,-0.1131685752713E-02, 0.4935312537173E-02, 0.8598699965402E-04,-0.2209713285480E-02
-0.2877871729867E-02, 0.3438616700401E-02,-0.8554819803847E-03,-0.2706912671101E-02, 0.2023600090678E-02,-0.1258069186790E-02, 0.4668450917138E-02,-0.1338511755153E-03,-0.2327423658279E-02
-0.1733413340505E-02, 0.5321636619773E-02, 0.6455570964843E-03,-0.1384176210045E-02, 0.3759111636561E-02, 0.2494786148825E-03, 0.6407534091470E-02, 0.1394965534549E-02,-0.9985491379813E-03
-0.1668907657371E-02, 0.4992440404698E-02, 0.3703639548050E-03,-0.1596548816296E-02, 0.3486077648570E-02, 0.1370446982322E-04, 0.6417616009275E-02, 0.1246124078328E-02,-0.1243796292293E-02
-0.1809730936175E-02, 0.4766965531885E-02, 0.1551904725940E-03,-0.1806006768309E-02, 0.3201654141782E-02,-0.2429831287466E-03, 0.6202964965805E-02, 0.1086837082260E-02,-0.1404237008038E-02
-0.2046530047427E-02, 0.4586038286334E-02,-0.1408170738512E-04,-0.1985599644475E-02, 0.2936609486937E-02,-0.4873760745714E-03, 0.5882615015966E-02, 0.9091544445351E-03,-0.1527978446167E-02
-0.2076028521550E-02, 0.4654179180827E-02, 0.2864412419650E-04,-0.1986845464564E-02, 0.2953795878271E-02,-0.4846247529697E-03, 0.5888127703864E-02, 0.9096069133190E-03,-0.1499979809068E-02
-0.2370643249311E-02, 0.4121131817018E-02,-0.2713955895925E-03,-0.2147388482835E-02, 0.2587730216037E-02,-0.8064455829623E-03, 0.5400954616819E-02, 0.4668018368644E-03,-0.1857792133372E-02
-0.2429655318778E-02, 0.3967409111873E-02,-0.4405067152798E-03,-0.2265133972536E-02, 0.2526105654049E-02,-0.8681724461715E-03, 0.5285861339304E-02, 0.3889725865090E-03,-0.1959015301726E-02
-0.2513208376756E-02, 0.3816219364742E-02,-0.5931027884391E-03,-0.2409426972058E-02, 0.2421047316402E-02,-0.9359339191265E-03, 0.5138441808693E-02, 0.2852667379189E-03,-0.2055063084245E-02
-0.2691230430367E-02, 0.3630097029377E-02,-0.6965704273827E-03,-0.2581752578507E-02, 0.2183572334619E-02,-0.1063159904630E-02, 0.4871582874134E-02, 0.6460331567790E-04,-0.2173895779179E-02
-0.1672943437436E-02, 0.5361857202164E-02, 0.6844918281530E-03,-0.1328779543018E-02, 0.3830333571550E-02, 0.3163380642994E-03, 0.6466349127082E-02, 0.1439298028735E-02,-0.9550529531082E-03
-0.1608937760710E-02, 0.5033607562624E-02, 0.4096624572473E-03,-0.1541120072847E-02, 0.3558096583799E-02, 0.8078926365224E-04, 0.6476778697724E-02, 0.1290745179522E-02,-0.1200101265500E-02
-0.1750272350719E-02, 0.4808772853014E-02, 0.1946111289754E-03,-0.1750743586322E-02, 0.3274357908837E-02,-0.1756643436290E-03, 0.6262879678007E-02, 0.1131644090329E-02,-0.1360555564723E-02
-0.1987572030435E-02, 0.4628288533668E-02, 0.2530754099410E-04,-0.1930627189020E-02, 0.3009839509715E-02,-0.4198857704120E-03, 0.5943405702749E-02, 0.9540849891019E-03,-0.1484425916362E-02
-0.2017041806212E-02, 0.4696418183171E-02, 0.6799525392106E-04,-0.1931852214724E-02, 0.3027048572355E-02,-0.4171137951026E-03, 0.5949004233100E-02, 0.9545605740747E-03,-0.1456433155773E-02
-0.2312565950883E-02, 0.4164112907106E-02,-0.2321776234705E-03,-0.2093083084393E-02, 0.2661351391184E-02,-0.7390841339548E-03, 0.5462747424895E-02, 0.5119536623441E-03,-0.1814455039229E-02
-0.2371961751518E-02, 0.4010526548646E-02,-0.4013162211705E-03,-0.2211078039423E-02, 0.2599652781919E-02,-0.8009982370221E-03, 0.5347755244485E-02, 0.4340378573328E-03,-0.1915824909547E-02
-0.2455958080279E-02, 0.3859444402960E-02,-0.5539992836817E-03,-0.2355653738829E-02, 0.2494574120521E-02,-0.8689606840634E-03, 0.5200495710230E-02, 0.3302493149973E-03,-0.2012058563558E-02
-0.2634555913058E-02, 0.3673493902218E-02,-0.6576871518786E-03,-0.2528362237219E-02, 0.2257307642891E-02,-0.9963502724110E-03, 0.4934099827490E-02, 0.1096085531606E-03,-0.2131126184586E-02
-0.1608163152181E-02, 0.5410214461728E-02, 0.7415134281803E-03,-0.1251898745072E-02, 0.3909426325197E-02, 0.3823466418967E-03, 0.6527391063335E-02, 0.1493333758857E-02,-0.8998260986587E-03
-0.1544672298996E-02, 0.5083070872761E-02, 0.4670770376997E-03,-0.1464252894346E-02, 0.3638151337677E-02, 0.1472064144402E-03, 0.6538297407808E-02, 0.1345143961926E-02,-0.1144664074676E-02
-0.1686542384006E-02, 0.4858951043229E-02, 0.2521390746739E-03,-0.1674122775086E-02, 0.3355212368567E-02,-0.1088781256591E-03, 0.6325228131091E-02, 0.1186268353169E-02,-0.1305137175124E-02
-0.1924373532052E-02, 0.4678928950295E-02, 0.8276651608653E-04,-0.1854396480666E-02, 0.3091290756771E-02,-0.3528322037860E-03, 0.6006668088991E-02, 0.1008846281359E-02,-0.1429157522993E-02
-0.1953807981404E-02, 0.4747113229292E-02, 0.1254319007202E-03,-0.1855588622850E-02, 0.3108562169309E-02,-0.3500320626950E-03, 0.6012499643660E-02, 0.1009368269536E-02,-0.1401161823063E-02
-0.2250319516613E-02, 0.4215473882878E-02,-0.1750144798393E-03,-0.2017707739854E-02, 0.2743224960741E-02,-0.6720498756618E-03, 0.5527015131868E-02, 0.5669201436643E-03,-0.1759488452954E-02
-0.2310135788644E-02, 0.4062002199384E-02,-0.3442438314050E-03,-0.2136060895399E-02, 0.2681434682229E-02,-0.7341362178877E-03, 0.5412106517825E-02, 0.4888830727433E-03,-0.1861052304625E-02
-0.2394618445867E-02, 0.3910986940960E-02,-0.4970859373601E-03,-0.2281039552814E-02, 0.2576313377583E-02,-0.8022875540271E-03, 0.5264971230359E-02, 0.3849721403674E-03,-0.1957523761584E-02
-0.2573845637303E-02, 0.3725142501304E-02,-0.6010809366953E-03,-0.2454264075526E-02, 0.2339241467450E-02,-0.9298138763710E-03, 0.4998980332145E-02, 0.1643189514823E-03,-0.2076884334451E-02
-0.1513721348802E-02, 0.5497271852630E-02, 0.8527054577441E-03,-0.1130152810858E-02, 0.4001564881751E-02, 0.4620733315397E-03, 0.6606919321600E-02, 0.1593803619505E-02,-0.8024883148208E-03
-0.1450963305943E-02, 0.5171689612000E-02, 0.5786761071175E-03,-0.1342622458851E-02, 0.3731727137866E-02, 0.2277002887197E-03, 0.6618629578312E-02, 0.1446055679965E-02,-0.1047202899344E-02
-0.1593680284663E-02, 0.4948449001308E-02, 0.3637163171907E-03,-0.1552975101702E-02, 0.3449886308231E-02,-0.2779251579985E-04, 0.6406612252685E-02, 0.1287370732522E-02,-0.1207844781562E-02
-0.1832392047523E-02, 0.4768878488500E-02, 0.1940471873910E-03,-0.1733943755065E-02, 0.3186725614514E-02,-0.2713610057089E-03, 0.6089094051779E-02, 0.1109978180831E-02,-0.1332210398004E-02
-0.1861773554718E-02, 0.4837283370680E-02, 0.2367372451833E-03,-0.1735082089436E-02, 0.3204175708026E-02,-0.2685062520419E-03, 0.6095504865271E-02, 0.1110618762413E-02,-0.1304182655532E-02
-0.2159878975915E-02, 0.4306061628316E-02,-0.6453469411844E-04,-0.1898661155938E-02, 0.2839177521499E-02,-0.5905487364559E-03, 0.5610461852366E-02, 0.6679878793216E-03,-0.1663298579668E-02
-0.2220346087048E-02, 0.4152624911498E-02,-0.2340732240950E-03,-0.2017625869592E-02, 0.2777270373769E-02,-0.6528531976057E-03, 0.5495587060380E-02, 0.5896514683352E-03,-0.1765258273252E-02
-0.2305590660419E-02, 0.4001528834759E-02,-0.3873330053405E-03,-0.2163298638490E-02, 0.2672055897443E-02,-0.7212585851501E-03, 0.5348475663576E-02, 0.4854116135051E-03,-0.1862193714885E-02
-0.2485833969240E-02, 0.3815543021522E-02,-0.4919811816955E-03,-0.2337407497453E-02, 0.2435120146687E-02,-0.8489852959970E-03, 0.5082729554480E-02, 0.2645113620648E-03,-0.1982128914229E-02
-0.1941726816623E-02, 0.6091646105158E-02, 0.8407228461374E-03,-0.1677798245338E-02, 0.4377143778065E-02, 0.2983087245277E-03,-0.2534776538333E-02, 0.1798585613090E-02,-0.1137022608333E-02
-0.1874461916406E-02, 0.5739843225182E-02, 0.5549966464721E-03,-0.1893529225593E-02, 0.4086848545419E-02, 0.5043286834701E-04,-0.2485032082525E-02, 0.1639671708165E-02,-0.1387962516864E-02
-0.2013797885664E-02, 0.5498328374630E-02, 0.3334697222937E-03,-0.2103783924146E-02, 0.3788024171307E-02,-0.2143809118507E-03,-0.2660952453932E-02, 0.1472579135084E-02,-0.1550687616710E-02
-0.2250049717305E-02, 0.5304804457149E-02, 0.1601775775579E-03,-0.2282628231529E-02, 0.3510860606365E-02,-0.4642835440101E-03,-0.2922852212747E-02, 0.1287984935752E-02,-0.1675204408956E-02
-0.2277211821871E-02, 0.5378025077713E-02, 0.2071715558044E-03,-0.2281553965577E-02, 0.3531854283663E-02,-0.4585612734997E-03,-0.2928278525711E-02, 0.1291773556030E-02,-0.1644207934860E-02
-0.2574560939383E-02, 0.4812541035986E-02,-0.1055603577630E-03,-0.2442349234924E-02, 0.3142275706533E-02,-0.7919590759934E-03,-0.3145848133379E-02, 0.8289998259526E-03,-0.2009639074980E-02
-0.2633042815528E-02, 0.4649115673385E-02,-0.2796935032742E-03,-0.2560514315963E-02, 0.3074745687682E-02,-0.8558240929668E-03,-0.3197973690402E-02, 0.7466628841265E-03,-0.2112322185279E-02
-0.2715899982855E-02, 0.4488407448760E-02,-0.4367265759421E-03,-0.2705261053249E-02, 0.2962736903096E-02,-0.9257243775653E-03,-0.3313100352138E-02, 0.6379688026981E-03,-0.2209515684381E-02
-0.2893300777197E-02, 0.4291101041605E-02,-0.5432024322087E-03,-0.2877373399294E-02, 0.2714509062939E-02,-0.1056172755017E-02,-0.3568165148765E-02, 0.4095719204288E-03,-0.2329369475245E-02
-0.1810892689171E-02, 0.6198857012965E-02, 0.9608059225792E-03,-0.1546474621980E-02, 0.4501362134908E-02, 0.4067141016536E-03,-0.2426896634674E-02, 0.1836047502294E-02,-0.1103517071364E-02
-0.1745231480607E-02, 0.5848415943375E-02, 0.6749927340071E-03,-0.1762980433466E-02, 0.4212168808478E-02, 0.1589715523389E-03,-0.2378351392151E-02, 0.1677509191177E-02,-0.1354259452694E-02
-0.1886322294248E-02, 0.5607457040936E-02, 0.4528016882460E-03,-0.1974510109910E-02, 0.3914054588887E-02,-0.1060289922608E-03,-0.2555686630393E-02, 0.1510398412789E-02,-0.1517365466250E-02
-0.2124302987854E-02, 0.5414061044547E-02, 0.2785655729157E-03,-0.2154837272098E-02, 0.3637283427147E-02,-0.3563288853870E-03,-0.2819043932712E-02, 0.1325607918210E-02,-0.1642504818740E-02
-0.2151371628019E-02, 0.5487521085376E-02, 0.3256317816767E-03,-0.2153722696314E-02, 0.3658507638713E-02,-0.3505161959525E-03,-0.2824450043139E-02, 0.1329572600128E-02,-0.1611532910417E-02
-0.2451485446000E-02, 0.4922280725505E-02, 0.1128928402751E-04,-0.2316978536838E-02, 0.3268826081262E-02,-0.6849921301861E-03,-0.3044391062836E-02, 0.8665587848028E-03,-0.1977562367367E-02
-0.2510967074569E-02, 0.4758892397336E-02,-0.1632986335377E-03,-0.2435999758383E-02, 0.3201087685373E-02,-0.7493415393697E-03,-0.3097542157295E-02, 0.7840713347488E-03,-0.2080489431494E-02
-0.2595016746772E-02, 0.4598054953377E-02,-0.3209718690025E-03,-0.2581751040885E-02, 0.3088871315373E-02,-0.8198262126137E-03,-0.3213172657796E-02, 0.6751483031930E-03,-0.2178052340606E-02
-0.2774115295585E-02, 0.4400430641110E-02,-0.4285695242313E-03,-0.2755304635474E-02, 0.2840573352151E-02,-0.9510387045713E-03,-0.3467903354171E-02, 0.4464444456841E-03,-0.2298528833535E-02
-0.1660143461332E-02, 0.6327146324602E-02, 0.1099716190095E-02,-0.1410918620421E-02, 0.4609612681295E-02, 0.5057368715639E-03,-0.2328234150023E-02, 0.1927635530819E-02,-0.9866270422442E-03
-0.1595887583108E-02, 0.5978611994060E-02, 0.8141242684183E-03,-0.1627905870805E-02, 0.4322026126744E-02, 0.2586778544496E-03,-0.2280727657546E-02, 0.1769587807755E-02,-0.1237531830262E-02
-0.1738686208205E-02, 0.5738599933634E-02, 0.5915121871659E-03,-0.1840464344130E-02, 0.4025021704711E-02,-0.6054467504067E-05,-0.2459248978799E-02, 0.1602545644181E-02,-0.1401245308979E-02
-0.1978445426775E-02, 0.5545596646553E-02, 0.4165055881385E-03,-0.2022083206173E-02, 0.3748949984115E-02,-0.2563883552394E-03,-0.2723829199582E-02, 0.1417606046525E-02,-0.1527206711098E-02
-0.2005435054491E-02, 0.5619314127389E-02, 0.4636498025018E-03,-0.2020928955388E-02, 0.3770458655067E-02,-0.2504853680519E-03,-0.2729213464461E-02, 0.1421773649511E-02,-0.1496199154932E-02
-0.2308470004933E-02, 0.5054562405330E-02, 0.1478114039640E-03,-0.2186458759506E-02, 0.3381006922906E-02,-0.5855738718248E-03,-0.2951290682942E-02, 0.9584225746872E-03,-0.1863630216359E-02
-0.2369031758622E-02, 0.4891265193406E-02,-0.2723201088780E-04,-0.2306295880298E-02, 0.3313167265440E-02,-0.6503011199507E-03,-0.3005327033543E-02, 0.8756500674563E-03,-0.1967132495912E-02
-0.2454372476592E-02, 0.4730331272009E-02,-0.1855481879733E-03,-0.2453005338897E-02, 0.3200839157871E-02,-0.7212557050289E-03,-0.3121539232396E-02, 0.7663644261901E-03,-0.2065394088612E-02
-0.2635301649750E-02, 0.4532423154688E-02,-0.2942435375854E-03,-0.2627916716597E-02, 0.2952590326056E-02,-0.8530408848569E-03,-0.3376406361227E-02, 0.5372711860180E-03,-0.2186839215855E-02
-0.1510741068026E-02, 0.6455510904010E-02, 0.1234570129780E-02,-0.1287953063956E-02, 0.4701780246484E-02, 0.6000906619093E-03,-0.2234170832680E-02, 0.2045563386968E-02,-0.8393213354359E-03
-0.1447666847854E-02, 0.6109061673520E-02, 0.9493907822876E-03,-0.1505173020112E-02, 0.4415968817684E-02, 0.3538993826057E-03,-0.2187552962702E-02, 0.1888026228437E-02,-0.1090497208177E-02
-0.1591979950868E-02, 0.5870178769850E-02, 0.7265700308445E-03,-0.1718487041528E-02, 0.4120243170166E-02, 0.8964863161852E-04,-0.2367078106040E-02, 0.1721106739594E-02,-0.1254833707947E-02
-0.1833359622525E-02, 0.5677730209228E-02, 0.5509951032944E-03,-0.1901135366175E-02, 0.3845026927526E-02,-0.1605109372501E-03,-0.2632699182588E-02, 0.1536075390123E-02,-0.1381608556766E-02
-0.1860283461180E-02, 0.5751678687224E-02, 0.5982048000941E-03,-0.1899946526895E-02, 0.3866814266079E-02,-0.1545265929881E-03,-0.2638059453198E-02, 0.1540437066786E-02,-0.1350542951323E-02
-0.2166035653596E-02, 0.5187608182028E-02, 0.2811316312466E-03,-0.2067395877050E-02, 0.3477817151263E-02,-0.4899539134222E-03,-0.2862040814896E-02, 0.1076758988028E-02,-0.1719584189628E-02
-0.2227622918855E-02, 0.5024443952169E-02, 0.1056966946054E-03,-0.2187927502026E-02, 0.3409948068281E-02,-0.5549919828814E-03,-0.2916886091563E-02, 0.9936480051316E-03,-0.1823759578631E-02
-0.2314187872166E-02, 0.4863466565620E-02,-0.5318177813343E-04,-0.2335453601163E-02, 0.3297584127231E-02,-0.6263341066836E-03,-0.3033596990194E-02, 0.8839584748111E-03,-0.1922805036370E-02
-0.2496839154709E-02, 0.4665367762995E-02,-0.1628348387345E-03,-0.2511519345314E-02, 0.3049486281991E-02,-0.7585500348995E-03,-0.3288485497004E-02, 0.6544828774219E-03,-0.2045279328112E-02
-0.1504087475845E-02, 0.6441683635877E-02, 0.1236640461886E-02,-0.1281158377002E-02, 0.4682776223876E-02, 0.5953746720952E-03,-0.2231055106791E-02, 0.2047854285394E-02,-0.8264769361800E-03
-0.1441173892683E-02, 0.6095442562414E-02, 0.9514706709470E-03,-0.1498401703612E-02, 0.4397130812399E-02, 0.3493226046430E-03,-0.2184520509108E-02, 0.1890299407532E-02,-0.1077728862567E-02
-0.1585607925123E-02, 0.5856998599363E-02, 0.7286856889722E-03,-0.1711772214630E-02, 0.4101699330223E-02, 0.8517244812934E-04,-0.2364088609177E-02, 0.1723449976187E-02,-0.1242146697852E-02
-0.1827070598448E-02, 0.5665113292386E-02, 0.5531726653009E-03,-0.1894489030004E-02, 0.3826846439327E-02,-0.1649031235557E-03,-0.2629730690199E-02, 0.1538555034216E-02,-0.1368995653681E-02
-0.1854039465239E-02, 0.5738600987833E-02, 0.6002362693752E-03,-0.1893325482874E-02, 0.3848338958601E-02,-0.1589900153688E-03,-0.2635123073291E-02, 0.1542746020208E-02,-0.1337963065054E-02
-0.2159805968877E-02, 0.5176064829306E-02, 0.2835110902253E-03,-0.2060838053618E-02, 0.3460335079286E-02,-0.4941398168789E-03,-0.2859121927896E-02, 0.1079624789820E-02,-0.1707047773555E-02
-0.2221406414192E-02, 0.5013227106978E-02, 0.1081935746259E-03,-0.2181377018657E-02, 0.3392716033954E-02,-0.5591002059978E-03,-0.2913977223775E-02, 0.9966336352510E-03,-0.1811242968294E-02
-0.2307987489862E-02, 0.4852687129282E-02,-0.5055532601549E-04,-0.2328914556969E-02, 0.3280671305965E-02,-0.6303562199311E-03,-0.3030757830486E-02, 0.8871022666738E-03,-0.1910312383708E-02
-0.2490668288604E-02, 0.4655324950086E-02,-0.1600657864493E-03,-0.2505017371895E-02, 0.3033063315980E-02,-0.7624585560610E-03,-0.3285827892637E-02, 0.6578885397683E-03,-0.2032827117903E-02
-0.1301024524685E-02, 0.6628453321907E-02, 0.1400574950047E-02,-0.1147084579497E-02, 0.4837405750282E-02, 0.7936458145071E-03,-0.2041368693116E-02, 0.2249293335356E-02,-0.6653381466005E-03
-0.1239541359867E-02, 0.6285243103897E-02, 0.1116326878728E-02,-0.1364202384648E-02, 0.4554303587445E-02, 0.5482785487605E-03,-0.1996119028263E-02, 0.2092457164265E-02,-0.9163771994806E-03
-0.1385718215643E-02, 0.6048331141341E-02, 0.8936029996430E-03,-0.1578099484746E-02, 0.4260719755520E-02, 0.2846644297575E-03,-0.2177291124580E-02, 0.1925814163826E-02,-0.1081162426795E-02
-0.1629033638336E-02, 0.5857067000831E-02, 0.7176125536777E-03,-0.1761735693645E-02, 0.3987078574716E-02, 0.3485862752268E-04,-0.2444657973925E-02, 0.1740812000872E-02,-0.1208705990979E-02
-0.1655860654778E-02, 0.5931220294244E-02, 0.7648424528369E-03,-0.1760510743601E-02, 0.4009167005491E-02, 0.4094358586827E-04,-0.2449961787004E-02, 0.1745392455434E-02,-0.1177608331396E-02
-0.1964994369757E-02, 0.5368880452318E-02, 0.4466689246510E-03,-0.1930064693258E-02, 0.3621321447309E-02,-0.2951073465445E-03,-0.2677067899137E-02, 0.1281520854763E-02,-0.1548116779692E-02
-0.2027928872535E-02, 0.5206058920062E-02, 0.2709016738421E-03,-0.2051296526190E-02, 0.3553467903885E-02,-0.3607241484786E-03,-0.2733557842584E-02, 0.1197897186916E-02,-0.1652998599361E-02
-0.2116080459988E-02, 0.5045234721637E-02, 0.1114742468619E-03,-0.2199650633963E-02, 0.3441180233105E-02,-0.4327226452025E-03,-0.2850373712417E-02, 0.1087645561412E-02,-0.1752890963033E-02
-0.2300884877091E-02, 0.4847269986418E-02, 0.7892297296558E-06,-0.2376935056141E-02, 0.3193620329308E-02,-0.5655722003583E-03,-0.3102617463006E-02, 0.8577840574059E-03,-0.1876463566055E-02
-0.1240627816581E-02, 0.6666929603998E-02, 0.1438773095057E-02,-0.1091396162248E-02, 0.4906571135702E-02, 0.8600180341898E-03,-0.1974220237875E-02, 0.2292704669572E-02,-0.6217733780327E-03
-0.1179589608220E-02, 0.6324880174591E-02, 0.1154987467564E-02,-0.1308441808494E-02, 0.4624402861892E-02, 0.6149460627289E-03,-0.1929375456287E-02, 0.2136251228894E-02,-0.8725673008995E-03
-0.1326202312572E-02, 0.6088768759833E-02, 0.9324872001131E-03,-0.1522461379892E-02, 0.4331663516271E-02, 0.3516411121923E-03,-0.2111002846254E-02, 0.1969893183746E-02,-0.1037322913876E-02
-0.1569938149731E-02, 0.5898077970317E-02, 0.7565602438618E-03,-0.1706347455816E-02, 0.4058706970061E-02, 0.1020796368594E-03,-0.2378846527282E-02, 0.1785110965684E-02,-0.1164955807400E-02
-0.1596737174117E-02, 0.5972276840032E-02, 0.8037513193476E-03,-0.1705107597512E-02, 0.4080822703119E-02, 0.1081803367091E-03,-0.2384126707912E-02, 0.1789718453837E-02,-0.1133870591915E-02
-0.1906668102843E-02, 0.5410888709391E-02, 0.4855780695884E-03,-0.1875289438724E-02, 0.3693557760768E-02,-0.2279070710785E-03,-0.2612159240551E-02, 0.1326195737031E-02,-0.1504515797838E-02
-0.1969956830289E-02, 0.5248271310892E-02, 0.3098275982982E-03,-0.1996749476455E-02, 0.3625683123621E-02,-0.2936814318330E-03,-0.2669200774965E-02, 0.1242525445693E-02,-0.1609524060480E-02
-0.2058515944218E-02, 0.5087621603050E-02, 0.1503614798290E-03,-0.2145361372783E-02, 0.3513445166408E-02,-0.3658477622327E-03,-0.2785922918435E-02, 0.1132238398172E-02,-0.1709580100323E-02
-0.2243836359046E-02, 0.4889926737875E-02, 0.3952267087318E-04,-0.2322994498519E-02, 0.3266221415328E-02,-0.4988095361188E-03,-0.3036893538862E-02, 0.9024783658395E-03,-0.1833355616558E-02
-0.1175680333819E-02, 0.6713821368884E-02, 0.1495206179023E-02,-0.1013911391314E-02, 0.4983833318713E-02, 0.9257985211906E-03,-0.1908298268893E-02, 0.2346045475789E-02,-0.5662259890137E-03
-0.1115089662228E-02, 0.6373134142794E-02, 0.1211936207847E-02,-0.1230919800194E-02, 0.4702777467562E-02, 0.6812112514784E-03,-0.1863852544673E-02, 0.2190063564197E-02,-0.8167520360239E-03
-0.1262153371205E-02, 0.6137905115950E-02, 0.9896685084044E-03,-0.1445131868200E-02, 0.4411005428154E-02, 0.4183541524341E-03,-0.2045900135308E-02, 0.2024039754422E-02,-0.9814752602802E-03
-0.1506334360532E-02, 0.5947797967859E-02, 0.8137802220442E-03,-0.1629358048693E-02, 0.4138808179932E-02, 0.1691343207806E-03,-0.2314179707418E-02, 0.1839497567235E-02,-0.1109212884198E-02
-0.1533097010841E-02, 0.6022143938218E-02, 0.8609520993360E-03,-0.1628092251942E-02, 0.4161003421197E-02, 0.1752615671358E-03,-0.2319431519028E-02, 0.1844163428234E-02,-0.1078131330784E-02
-0.1843899779352E-02, 0.5461604025965E-02, 0.5426504539685E-03,-0.1799094560591E-02, 0.3774301974807E-02,-0.1607651534607E-03,-0.2548389462533E-02, 0.1380952143702E-02,-0.1449000220678E-02
-0.1907579037416E-02, 0.5299177431067E-02, 0.3668623465723E-03,-0.1920888090139E-02, 0.3706388783320E-02,-0.2266828742193E-03,-0.2605958339252E-02, 0.1297201745172E-02,-0.1554180712589E-02
-0.1996588539477E-02, 0.5138658190647E-02, 0.2072924420752E-03,-0.2069873327961E-02, 0.3594177149634E-02,-0.2990060881825E-03,-0.2722646522503E-02, 0.1186840109643E-02,-0.1654451063791E-02
-0.2182477694205E-02, 0.4941141632540E-02, 0.9621600433090E-04,-0.2247981418464E-02, 0.3347273286560E-02,-0.4320549234348E-03,-0.2972561492606E-02, 0.9571476527464E-03,-0.1778485256916E-02
-0.1080538213622E-02, 0.6799437692090E-02, 0.1605952538724E-02,-0.8909100889382E-03, 0.5074588580751E-02, 0.1005746154306E-02,-0.1829896343593E-02, 0.2445989677995E-02,-0.4679956012806E-03
-0.1020574879955E-02, 0.6460694503884E-02, 0.1323292942855E-02,-0.1107952914854E-02, 0.4795167958086E-02, 0.7620334056496E-03,-0.1785979091069E-02, 0.2290618574822E-02,-0.7183023272494E-03
-0.1168364130549E-02, 0.6226583546538E-02, 0.1101185897347E-02,-0.1322564557773E-02, 0.4504691370481E-02, 0.4998714271554E-03,-0.1968569561076E-02, 0.2124941885017E-02,-0.8831152966727E-03
-0.1413307293549E-02, 0.6037087477656E-02, 0.9251572217276E-03,-0.1507410796089E-02, 0.4233435529347E-02, 0.2511298217497E-03,-0.2237411405572E-02, 0.1940572203361E-02,-0.1011132117001E-02
-0.1440008691717E-02, 0.6111786631964E-02, 0.9723687078412E-03,-0.1506098184501E-02, 0.4255863261099E-02, 0.2573198061317E-03,-0.2242624261009E-02, 0.1945392458581E-02,-0.9800246215252E-03
-0.1752260669349E-02, 0.5551870635701E-02, 0.6534382582561E-03,-0.1678470172480E-02, 0.3869692932142E-02,-0.7861385809092E-04,-0.2472823825862E-02, 0.1482204243628E-02,-0.1351567740172E-02
-0.1816553690488E-02, 0.5389595124150E-02, 0.4774258191092E-03,-0.1800842395716E-02, 0.3801725061989E-02,-0.1447159946334E-03,-0.2531012980938E-02, 0.1398210281941E-02,-0.1457113973552E-02
-0.1906281483877E-02, 0.5229080362363E-02, 0.3175203203254E-03,-0.1950481300553E-02, 0.3689493030043E-02,-0.2172571058559E-03,-0.2647844900707E-02, 0.1287582705130E-02,-0.1557817136089E-02
-0.2093111962087E-02, 0.5031480457950E-02, 0.2058784458827E-03,-0.2129415630672E-02, 0.3442847000735E-02,-0.3504512744574E-03,-0.2897060186227E-02, 0.1057751292761E-02,-0.1682380713755E-02
-0.1402526231367E-02,-0.2704698141689E-02, 0.1713793450095E-02,-0.1343441844414E-02, 0.5579954725964E-02, 0.9535592082060E-03,-0.2403859361773E-02, 0.2770546994534E-02,-0.7029967968953E-03
-0.1339683117440E-02,-0.2810673320950E-02, 0.1416899942149E-02,-0.1565084584016E-02, 0.5277535451843E-02, 0.6940192051854E-03,-0.2355474680632E-02, 0.2601802326010E-02,-0.9610008206095E-03
-0.1485916298604E-02,-0.2925755326558E-02, 0.1185937381584E-02,-0.1780863751740E-02, 0.4967567660990E-02, 0.4207980629462E-03,-0.2535587811757E-02, 0.2425671296610E-02,-0.1129147957173E-02
-0.1730234286365E-02,-0.3057098585856E-02, 0.1004251101760E-02,-0.1964750840061E-02, 0.4679950585231E-02, 0.1643540535400E-03,-0.2802786776875E-02, 0.2232193497515E-02,-0.1258429625282E-02
-0.1754500687633E-02,-0.3076925549309E-02, 0.1055970384223E-02,-0.1960898303502E-02, 0.4705805228959E-02, 0.1736525810792E-03,-0.2806157926619E-02, 0.2240189518047E-02,-0.1224011470382E-02
-0.2069158727700E-02,-0.3397186574900E-02, 0.7220887177796E-03,-0.2132734748407E-02, 0.4291365506309E-02,-0.1763694785673E-03,-0.3032794295996E-02, 0.1753355954954E-02,-0.1604362230917E-02
-0.2132424644549E-02,-0.3441956617453E-02, 0.5401355726164E-03,-0.2255108001556E-02, 0.4216593437671E-02,-0.2449152701351E-03,-0.3087962689284E-02, 0.1664275600638E-02,-0.1711428208765E-02
-0.2220839965077E-02,-0.3507080785836E-02, 0.3750875107890E-03,-0.2404709432514E-02, 0.4096230853008E-02,-0.3198870940698E-03,-0.3204359614387E-02, 0.1548004579309E-02,-0.1813226956582E-02
-0.2406364893952E-02,-0.3670461650404E-02, 0.2600593213857E-03,-0.2582769525150E-02, 0.3836324629889E-02,-0.4570124618896E-03,-0.3457824153302E-02, 0.1308980682226E-02,-0.1938758214329E-02
-0.1272709674899E-02,-0.2579726612466E-02, 0.1831500536899E-02,-0.1212161269199E-02, 0.5699606875831E-02, 0.1060279999870E-02,-0.2295090683863E-02, 0.2806243160396E-02,-0.6700137927884E-03
-0.1211336357491E-02,-0.2687227341840E-02, 0.1534783787720E-02,-0.1434467990781E-02, 0.5398596794727E-02, 0.8010447815689E-03,-0.2247870177338E-02, 0.2638059804334E-02,-0.9277393863138E-03
-0.1359161332771E-02,-0.2804268585775E-02, 0.1303402558260E-02,-0.1651410664533E-02, 0.5089667216993E-02, 0.5278019108424E-03,-0.2429342435513E-02, 0.2462087034358E-02,-0.1096184869751E-02
-0.1605042177476E-02,-0.2937669988695E-02, 0.1120989991454E-02,-0.1836678826829E-02, 0.4802759462749E-02, 0.2711120131889E-03,-0.2697938986830E-02, 0.2268571092998E-02,-0.1226012772045E-02
-0.1629194073458E-02,-0.2957476510639E-02, 0.1172801193307E-02,-0.1832777853721E-02, 0.4828905790320E-02, 0.2805186055934E-03,-0.2701284197731E-02, 0.2276780400731E-02,-0.1191602385472E-02
-0.1946401782100E-02,-0.3280831849197E-02, 0.8376034175466E-03,-0.2006949762545E-02, 0.4414774705222E-02,-0.7036636090766E-04,-0.2930231082658E-02, 0.1789894666258E-02,-0.1572465948985E-02
-0.2010600903043E-02,-0.3326679798579E-02, 0.6553199812041E-03,-0.2130123100495E-02, 0.4339916995820E-02,-0.1393248301564E-03,-0.2986398351208E-02, 0.1700737728122E-02,-0.1679741531536E-02
-0.2100133993251E-02,-0.3393083164088E-02, 0.4897554468168E-03,-0.2280666288312E-02, 0.4219493783198E-02,-0.2148056519538E-03,-0.3103290711216E-02, 0.1584314528739E-02,-0.1781873262487E-02
-0.2287241870358E-02,-0.3558324998253E-02, 0.3737440655454E-03,-0.2460087778351E-02, 0.3959763605261E-02,-0.3525909496108E-03,-0.3356441370957E-02, 0.1345084734559E-02,-0.1907978756097E-02
-0.1122427248391E-02,-0.2436184356575E-02, 0.1968225948849E-02,-0.1076359974211E-02, 0.5804174455017E-02, 0.1158068688180E-02,-0.2195388074341E-02, 0.2895860153998E-02,-0.5532973170423E-03
-0.1062305264325E-02,-0.2545148180244E-02, 0.1672034538421E-02,-0.1299023371453E-02, 0.5505078157729E-02, 0.8996956743610E-03,-0.2149158198311E-02, 0.2728403341136E-02,-0.8110438680082E-03
-0.1211648010099E-02,-0.2664125302899E-02, 0.1440507045704E-02,-0.1516869740638E-02, 0.5197570660853E-02, 0.6268868544673E-03,-0.2331751524357E-02, 0.2552716808903E-02,-0.9799782134775E-03
-0.1459114142175E-02,-0.2799597835158E-02, 0.1257562341875E-02,-0.1703316211905E-02, 0.4911654038700E-02, 0.3703106645966E-03,-0.2601504819394E-02, 0.2359248376797E-02,-0.1110526813685E-02
-0.1483161626999E-02,-0.2819375271770E-02, 0.1309478735332E-02,-0.1699369503514E-02, 0.4938150475992E-02, 0.3798296261820E-03,-0.2604827681588E-02, 0.2367711002979E-02,-0.1076075453845E-02
-0.1803051191082E-02,-0.3145957570963E-02, 0.9730967855881E-03,-0.1875677981242E-02, 0.4524601715824E-02, 0.2852991931488E-04,-0.2835838384099E-02, 0.1880757090950E-02,-0.1458172619257E-02
-0.1868260258287E-02,-0.3192939720201E-02, 0.7904943853400E-03,-0.1999611336325E-02, 0.4449762082566E-02,-0.4073877635839E-04,-0.2892868300884E-02, 0.1791404183011E-02,-0.1565969395058E-02
-0.1959004150914E-02,-0.3260691014153E-02, 0.6244197839418E-03,-0.2151049438518E-02, 0.4329362032900E-02,-0.1166187867573E-03,-0.3010336455768E-02, 0.1674713736533E-02,-0.1668745309664E-02
-0.2147813716653E-02,-0.3427887170687E-02, 0.5074536415830E-03,-0.2331744612946E-02, 0.4069887990429E-02,-0.2548794364099E-03,-0.3263639960106E-02, 0.1435236230117E-02,-0.1795747780672E-02
-0.9731833443787E-03,-0.2294902693269E-02, 0.2101180427939E-02,-0.9530244682786E-03, 0.5893366236457E-02, 0.1251467557657E-02,-0.2100207244021E-02, 0.3011779411746E-02,-0.4059681005669E-03
-0.9140908549107E-03,-0.2405152873367E-02, 0.1805699955341E-02,-0.1175799883833E-02, 0.5596328362270E-02, 0.9941332233972E-03,-0.2054816188170E-02, 0.2845079672871E-02,-0.6638262293399E-03
-0.1064757541541E-02,-0.2525866225990E-02, 0.1574231753337E-02,-0.1394280610860E-02, 0.5290381939653E-02, 0.7219641232751E-03,-0.2238346816510E-02, 0.2669742845415E-02,-0.8332561448299E-03
-0.1313649768387E-02,-0.2663216848920E-02, 0.1390949786133E-02,-0.1581646753412E-02, 0.5005579985251E-02, 0.4657022994991E-03,-0.2509073642245E-02, 0.2476390287556E-02,-0.9645116412936E-03
-0.1337607101507E-02,-0.2682960974601E-02, 0.1442959345973E-02,-0.1577661868052E-02, 0.5032415267757E-02, 0.4753232747272E-03,-0.2512375047046E-02, 0.2485098539530E-02,-0.9300039292258E-03
-0.1659976299201E-02,-0.3012526296830E-02, 0.1105640412957E-02,-0.1755755701304E-02, 0.4619621547676E-02, 0.1238686498195E-03,-0.2745213938716E-02, 0.1998123413341E-02,-0.1313514554169E-02
-0.1726143500862E-02,-0.3060571803660E-02, 0.9227771586438E-03,-0.1880332931491E-02, 0.4544860888097E-02, 0.5435093056865E-04,-0.2803032641966E-02, 0.1908524065678E-02,-0.1421924963273E-02
-0.1818033537627E-02,-0.3129585369250E-02, 0.7562669098458E-03,-0.2032529996554E-02, 0.4424544485914E-02,-0.2185188389967E-04,-0.2920991700361E-02, 0.1791530740167E-02,-0.1525425303686E-02
-0.2008436567699E-02,-0.3298597646234E-02, 0.6384787045623E-03,-0.2214300394528E-02, 0.4165396254567E-02,-0.1604531677930E-03,-0.3174322102752E-02, 0.1551830908700E-02,-0.1653378547557E-02
-0.9684468218480E-03,-0.2281714174858E-02, 0.2100640990761E-02,-0.9477280931566E-03, 0.5871389031380E-02, 0.1244635843658E-02,-0.2098232532993E-02, 0.3011262070560E-02,-0.3948092224424E-03
-0.9095076502166E-03,-0.2392089248329E-02, 0.1805209245489E-02,-0.1170525132877E-02, 0.5574561610575E-02, 0.9874639681858E-03,-0.2052925620499E-02, 0.2844582434215E-02,-0.6527330007120E-03
-0.1060266470782E-02,-0.2512959104959E-02, 0.1573835916699E-02,-0.1389050606143E-02, 0.5268981310495E-02, 0.7154258791651E-03,-0.2236496641579E-02, 0.2669379682412E-02,-0.8222267703035E-03
-0.1309201398184E-02,-0.2650468289535E-02, 0.1390683751848E-02,-0.1576467235298E-02, 0.4984630252298E-02, 0.4592828339586E-03,-0.2507240331335E-02, 0.2476241562038E-02,-0.9535331375900E-03
-0.1333224191975E-02,-0.2670241487529E-02, 0.1442501873089E-02,-0.1572519119365E-02, 0.5011132908501E-02, 0.4688048710235E-03,-0.2510564476883E-02, 0.2484731614289E-02,-0.9190763323543E-03
-0.1655512032058E-02,-0.2999982821672E-02, 0.1105693903796E-02,-0.1750624850647E-02, 0.4599544346190E-02, 0.1177269044399E-03,-0.2743424657284E-02, 0.1998510203123E-02,-0.1302554090741E-02
-0.1721665922552E-02,-0.3048112496307E-02, 0.9229935914733E-03,-0.1875190742987E-02, 0.4525074960049E-02, 0.4831384781128E-04,-0.2801232837054E-02, 0.1909073552895E-02,-0.1410960748420E-02
-0.1813538933175E-02,-0.3117225259475E-02, 0.7566673679331E-03,-0.2027376403393E-02, 0.4405133883351E-02,-0.2776903786227E-04,-0.2919263440051E-02, 0.1792294924178E-02,-0.1514457720973E-02
-0.2003921117245E-02,-0.3286372223292E-02, 0.6390984939110E-03,-0.2209153115581E-02, 0.4146580564723E-02,-0.1662065784297E-03,-0.3172825275297E-02, 0.1552953318491E-02,-0.1642414654005E-02
-0.7638286739715E-03,-0.2102446421416E-02, 0.2264619555523E-02,-0.8116968589077E-03, 0.6024457497845E-02, 0.1443264978195E-02,-0.1905233764230E-02, 0.3212050465308E-02,-0.2319543690690E-03
-0.7061161552015E-03,-0.2214281972596E-02, 0.1970465832192E-02,-0.1034212934925E-02, 0.5730530581652E-02, 0.1187013649544E-02,-0.1861151853033E-02, 0.3046417666969E-02,-0.4894724455036E-03
-0.8583700105771E-03,-0.2337163682315E-02, 0.1739465466842E-02,-0.1253116256877E-02, 0.5427143790406E-02, 0.9157405542576E-03,-0.2046222963630E-02, 0.2871712605007E-02,-0.6591783963201E-03
-0.1108910357048E-02,-0.2476867273042E-02, 0.1556096488593E-02,-0.1441322338203E-02, 0.5144308678809E-02, 0.6600736867332E-03,-0.2318577729508E-02, 0.2678727744530E-02,-0.7910532187780E-03
-0.1132746826420E-02,-0.2496549772961E-02, 0.1608155115813E-02,-0.1437303202044E-02, 0.5171509096708E-02, 0.6698089832156E-03,-0.2321828098187E-02, 0.2687713274500E-02,-0.7565201159083E-03
-0.1458130991078E-02,-0.2829842987398E-02, 0.1270164809891E-02,-0.1617304832740E-02, 0.4760339713375E-02, 0.3180706125521E-03,-0.2557660761064E-02, 0.2201088488466E-02,-0.1141233467656E-02
-0.1525544810329E-02,-0.2879294141456E-02, 0.1087141307234E-02,-0.1742517089612E-02, 0.4685748416260E-02, 0.2480734610483E-03,-0.2617084912960E-02, 0.2111120515829E-02,-0.1250271869553E-02
-0.1618902396454E-02,-0.2949957727422E-02, 0.9202550787180E-03,-0.1895467789810E-02, 0.4565687537073E-02, 0.1713204931220E-03,-0.2735110098947E-02, 0.1993732284870E-02,-0.1354537954559E-02
-0.1811259823491E-02,-0.3121261420788E-02, 0.8016379116006E-03,-0.2078350261026E-02, 0.4307358296458E-02, 0.3224265366304E-04,-0.2985745776534E-02, 0.1753932774151E-02,-0.1483478346276E-02
-0.7037326352993E-03,-0.2056073863238E-02, 0.2301890334445E-02,-0.7559468109605E-03, 0.6091255254669E-02, 0.1508864693984E-02,-0.1837407450438E-02, 0.3254341174515E-02,-0.1885177600644E-03
-0.6463989608137E-03,-0.2168226168695E-02, 0.2008310235081E-02,-0.9783394044941E-03, 0.5798414354849E-02, 0.1252991020825E-02,-0.1793715379800E-02, 0.3089195960165E-02,-0.4457338051741E-03
-0.7989990790378E-03,-0.2291593598609E-02, 0.1777647818955E-02,-0.1197310045157E-02, 0.5496043548127E-02, 0.9821151850144E-03,-0.1979207125087E-02, 0.2914885676833E-02,-0.6153569218017E-03
-0.1049865143764E-02,-0.2431834274927E-02, 0.1594449131351E-02,-0.1385713746846E-02, 0.5214061923649E-02, 0.7267777018997E-03,-0.2251998005821E-02, 0.2722227431930E-02,-0.7472723502304E-03
-0.1073672720655E-02,-0.2451488516743E-02, 0.1646469796015E-02,-0.1381685103459E-02, 0.5241303923410E-02, 0.7365249484529E-03,-0.2255229559559E-02, 0.2731247103066E-02,-0.7127577204781E-03
-0.1399723727895E-02,-0.2785567854560E-02, 0.1308627122850E-02,-0.1562240388882E-02, 0.4830942578012E-02, 0.3848798551439E-03,-0.2491938451715E-02, 0.2245135487057E-02,-0.1097521103624E-02
-0.1467456959963E-02,-0.2835366813957E-02, 0.1125669808932E-02,-0.1687654355386E-02, 0.4756387520710E-02, 0.3147599286025E-03,-0.2551899013033E-02, 0.2155164589480E-02,-0.1206661050298E-02
-0.1561180036588E-02,-0.2906430914950E-02, 0.9587986710220E-03,-0.1840831512863E-02, 0.4636452309359E-02, 0.2378778900719E-03,-0.2669812673007E-02, 0.2037792712448E-02,-0.1311063632200E-02
-0.1753983371187E-02,-0.3078242928943E-02, 0.8401014959592E-03,-0.2024018931801E-02, 0.4378599520662E-02, 0.9874765714179E-04,-0.2919149086442E-02, 0.1798181583940E-02,-0.1440168040765E-02
-0.6388357009126E-03,-0.2004231704112E-02, 0.2357514372420E-02,-0.6781281199563E-03, 0.6166373040592E-02, 0.1574153238421E-02,-0.1770634181155E-02, 0.3306782351839E-02,-0.1328587968471E-03
-0.5818698290200E-03,-0.2116710070681E-02, 0.2064587528485E-02,-0.9004189025323E-03, 0.5874810939882E-02, 0.1318853141339E-02,-0.1727320186575E-02, 0.3142228890871E-02,-0.3897370188133E-03
-0.7348216199332E-03,-0.2240603937381E-02, 0.1834291112132E-02,-0.1119514128835E-02, 0.5573587459542E-02, 0.1048516517946E-02,-0.1913193623393E-02, 0.2968372485564E-02,-0.5592656314389E-03
-0.9860317001154E-03,-0.2381436948398E-02, 0.1651251344380E-02,-0.1308195092997E-02, 0.5292537987682E-02, 0.7936065427135E-03,-0.2186377172766E-02, 0.2776067207036E-02,-0.6912309172374E-03
-0.1009798908703E-02,-0.2401054770829E-02, 0.1703259151584E-02,-0.1304145747868E-02, 0.5319885320824E-02, 0.8033812998074E-03,-0.2189587836091E-02, 0.2785162260611E-02,-0.6567251686517E-03
-0.1336589234139E-02,-0.2736014980128E-02, 0.1365446638760E-02,-0.1485439411427E-02, 0.4910302621833E-02, 0.4519192346118E-03,-0.2427165333798E-02, 0.2299526314794E-02,-0.1041616638407E-02
-0.1404677573214E-02,-0.2786201133928E-02, 0.1182511041681E-02,-0.1611155414447E-02, 0.4835768386276E-02, 0.3816897306562E-03,-0.2487640386158E-02, 0.2209520482826E-02,-0.1150902070655E-02
-0.1498808838886E-02,-0.2857712284402E-02, 0.1015597524435E-02,-0.1764668476197E-02, 0.4715935122584E-02, 0.3046879617216E-03,-0.2605503482424E-02, 0.2092126242700E-02,-0.1255490353685E-02
-0.1692110440068E-02,-0.3030093610089E-02, 0.8967392690287E-03,-0.1948279468823E-02, 0.4458536835973E-02, 0.1655276540261E-03,-0.2853755169602E-02, 0.1852669981221E-02,-0.1384812339750E-02
-0.5432465507600E-03,-0.1917889954453E-02, 0.2467481006172E-02,-0.5542324252334E-03, 0.6255424814373E-02, 0.1654046730230E-02,-0.1690873526709E-02, 0.3405909257152E-02,-0.3402558538544E-04
-0.4867847290327E-03,-0.2030948634725E-02, 0.2175391648060E-02,-0.7764562283804E-03, 0.5965713613874E-02, 0.1399744993905E-02,-0.1648049386198E-02, 0.3242152789148E-02,-0.2905693511037E-03
-0.6403213206178E-03,-0.2155739421422E-02, 0.1945458304489E-02,-0.9958482468218E-03, 0.5665999223748E-02, 0.1130221372050E-02,-0.1834411167238E-02, 0.3068814237864E-02,-0.4600934634805E-03
-0.8921566071346E-03,-0.2297581152234E-02, 0.1762450659616E-02,-0.1185057021663E-02, 0.5386084536269E-02, 0.8758946676352E-03,-0.2108100281978E-02, 0.2876836656170E-02,-0.5922593251098E-03
-0.9158475950329E-03,-0.2317146995648E-02, 0.1814520791402E-02,-0.1180963575310E-02, 0.5413719260874E-02, 0.8857467713703E-03,-0.2111283071252E-02, 0.2886131513329E-02,-0.5577300875176E-03
-0.1243924391441E-02,-0.2653692796969E-02, 0.1476291202587E-02,-0.1363519004968E-02, 0.5004865838332E-02, 0.5345072230002E-03,-0.2350026161150E-02, 0.2400736613023E-02,-0.9431619065026E-03
-0.1312582250345E-02,-0.2704512585166E-02, 0.1293226340068E-02,-0.1489770518405E-02, 0.4930349663610E-02, 0.4641327669265E-03,-0.2411110504834E-02, 0.2310549136349E-02,-0.1052775946533E-02
-0.1407380569609E-02,-0.2776764468000E-02, 0.1126068330853E-02,-0.1643886196809E-02, 0.4810577884101E-02, 0.3869546098761E-03,-0.2529102016330E-02, 0.2192957875017E-02,-0.1157759225794E-02
-0.1601537711123E-02,-0.2950140533531E-02, 0.1006739881922E-02,-0.1828253903014E-02, 0.4553562209092E-02, 0.2477103429948E-03,-0.2776620369447E-02, 0.1953478718081E-02,-0.1287557299038E-02
-0.7543082564431E-03,-0.2573377057371E-02, 0.2698570090392E-02,-0.9058029600859E-03, 0.6893517714122E-02, 0.1717982849620E-02,-0.2176112795465E-02, 0.3852927054402E-02,-0.1645644020250E-03
-0.6967643227562E-03,-0.2682845825925E-02, 0.2389492010426E-02,-0.1134149630946E-02, 0.6578103969310E-02, 0.1445346748165E-02,-0.2129803068203E-02, 0.3673426608513E-02,-0.4304576290858E-03
-0.8507728468451E-03,-0.2801412196640E-02, 0.2148223018925E-02,-0.1356155709047E-02, 0.6256238865381E-02, 0.1162860707138E-02,-0.2314810666866E-02, 0.3487443556382E-02,-0.6047188798115E-03
-0.1104022019442E-02,-0.2936459100479E-02, 0.1957360429393E-02,-0.1545737454981E-02, 0.5957462215810E-02, 0.8993182963988E-03,-0.2587981792525E-02, 0.3284328490113E-02,-0.7393938555541E-03
-0.1125109144635E-02,-0.2954351889994E-02, 0.2014081362569E-02,-0.1538788194978E-02, 0.5988282496480E-02, 0.9124749391169E-03,-0.2589025337318E-02, 0.3296788341571E-02,-0.7012372767600E-03
-0.1458995073086E-02,-0.3285526231377E-02, 0.1657243710255E-02,-0.1723292992725E-02, 0.5547333533646E-02, 0.5442386452253E-03,-0.2826199429113E-02, 0.2784104683600E-02,-0.1098167787497E-02
-0.1527666961442E-02,-0.3332703686177E-02, 0.1466800777180E-02,-0.1850443576175E-02, 0.5464779143315E-02, 0.4704679587262E-03,-0.2885276640015E-02, 0.2687679949394E-02,-0.1210173571723E-02
-0.1622319268577E-02,-0.3400751871074E-02, 0.1293046427413E-02,-0.2005513202440E-02, 0.5335487519056E-02, 0.3898533008661E-03,-0.3002223800908E-02, 0.2563190404479E-02,-0.1317165628343E-02
-0.1816844627810E-02,-0.3569001888964E-02, 0.1168689385187E-02,-0.2190254746341E-02, 0.5063150760048E-02, 0.2453771235806E-03,-0.3250459177981E-02, 0.2312743856295E-02,-0.1449074252526E-02
-0.6260228484706E-03,-0.2447385776433E-02, 0.2813440744943E-02,-0.7750692844125E-03, 0.7008078674187E-02, 0.1822522769289E-02,-0.2066854145142E-02, 0.3886614101903E-02,-0.1323479216827E-03
-0.5697930327035E-03,-0.2558316977948E-02, 0.2504832295178E-02,-0.1003943847595E-02, 0.6694410667441E-02, 0.1550388439960E-02,-0.2021656377311E-02, 0.3707876761450E-02,-0.3978658108693E-03
-0.7252040438048E-03,-0.2678783451527E-02, 0.2263417045974E-02,-0.1226976022686E-02, 0.6373931246857E-02, 0.1268070992756E-02,-0.2207945949288E-02, 0.3522247585693E-02,-0.5723267117771E-03
-0.9798235187274E-03,-0.2815834104079E-02, 0.2072069781920E-02,-0.1417812930713E-02, 0.6076199335899E-02, 0.1004457546141E-02,-0.2482432884772E-02, 0.3319270281435E-02,-0.7074566793552E-03
-0.1000770438815E-02,-0.2833699652813E-02, 0.2128907029349E-02,-0.1410804164581E-02, 0.6107424084131E-02, 0.1017743907753E-02,-0.2483442625280E-02, 0.3331975964491E-02,-0.6692874225617E-03
-0.1336958407848E-02,-0.3167883573734E-02, 0.1771078347608E-02,-0.1597489429683E-02, 0.5667213736713E-02, 0.6488911285515E-03,-0.2722838941049E-02, 0.2819446114631E-02,-0.1066628034319E-02
-0.1406486102033E-02,-0.3216116526661E-02, 0.1580442358429E-02,-0.1725371181987E-02, 0.5584702765277E-02, 0.5747901869839E-03,-0.2782877535546E-02, 0.2723027334166E-02,-0.1178802055435E-02
-0.1502169255577E-02,-0.3285418525975E-02, 0.1406307939586E-02,-0.1881305877042E-02, 0.5455502040252E-02, 0.4937532837306E-03,-0.2900306433646E-02, 0.2598471048531E-02,-0.1286083271648E-02
-0.1698144338190E-02,-0.3455487247418E-02, 0.1281121404841E-02,-0.2067311470502E-02, 0.5183603332367E-02, 0.3487373139137E-03,-0.3148250579873E-02, 0.2347927477377E-02,-0.1418507907461E-02
-0.4766932674146E-03,-0.2302449985107E-02, 0.2947492572945E-02,-0.6395125379085E-03, 0.7108500003168E-02, 0.1918636858034E-02,-0.1966464380243E-02, 0.3973905406888E-02,-0.1624279130484E-04
-0.4215364454162E-03,-0.2414768071426E-02, 0.2639746626646E-02,-0.8685920233800E-03, 0.6797076882036E-02, 0.1647568674786E-02,-0.1922187016307E-02, 0.3796152486470E-02,-0.2816140847885E-03
-0.5782467597166E-03,-0.2537095796804E-02, 0.2398488541402E-02,-0.1092376050993E-02, 0.6478357405155E-02, 0.1365874094244E-02,-0.2109511297852E-02, 0.3611046177059E-02,-0.4564236129296E-03
-0.8342299475201E-03,-0.2676147644733E-02, 0.2206871701392E-02,-0.1284253538747E-02, 0.6181932830098E-02, 0.1102542401200E-02,-0.2385069433622E-02, 0.3408329612865E-02,-0.5921545398502E-03
-0.8550395430348E-03,-0.2693983001812E-02, 0.2263848174059E-02,-0.1277188550655E-02, 0.6213587183476E-02, 0.1115969897042E-02,-0.2386052257015E-02, 0.3421347238574E-02,-0.5539345524397E-03
-0.1193637892454E-02,-0.3031281642202E-02, 0.1905175293793E-02,-0.1465844566668E-02, 0.5774333415747E-02, 0.7469248167803E-03,-0.2627416102802E-02, 0.2909038256964E-02,-0.9523132465179E-03
-0.1264093793340E-02,-0.3080626695101E-02, 0.1714371585337E-02,-0.1594417585311E-02, 0.5691969251509E-02, 0.6725915905094E-03,-0.2688283004292E-02, 0.2812521218372E-02,-0.1064943558811E-02
-0.1360894877817E-02,-0.3151249319902E-02, 0.1539873682169E-02,-0.1751170084761E-02, 0.5562935506737E-02, 0.5912364877623E-03,-0.2806275514683E-02, 0.2687801728945E-02,-0.1172803822461E-02
-0.1558424069365E-02,-0.3323218668447E-02, 0.1413888690585E-02,-0.1938347923282E-02, 0.5291512224560E-02, 0.4458553182123E-03,-0.3054391057201E-02, 0.2437163630877E-02,-0.1306041021506E-02
-0.3280474193580E-03,-0.2159686842001E-02, 0.3078085797718E-02,-0.5162437877690E-03, 0.7194312537023E-02, 0.2010677057747E-02,-0.1870489623651E-02, 0.4087413478853E-02, 0.1306122374398E-03
-0.2737440761698E-03,-0.2273213990887E-02, 0.2771381538081E-02,-0.7452890435389E-03, 0.6885251105041E-02, 0.1740842295075E-02,-0.1826979238850E-02, 0.3910687861753E-02,-0.1346822153880E-03
-0.4315600971571E-03,-0.2397200954966E-02, 0.2530478071731E-02,-0.9695613156736E-03, 0.6568401690283E-02, 0.1459966513780E-02,-0.2015153773751E-02, 0.3726176506293E-02,-0.3098371113846E-03
-0.6887475064360E-03,-0.2538058246988E-02, 0.2338777658475E-02,-0.1162226232286E-02, 0.6273376315588E-02, 0.1197107365317E-02,-0.2291599892350E-02, 0.3523799081801E-02,-0.4461495444687E-03
-0.7094343293736E-03,-0.2555862283957E-02, 0.2395882334571E-02,-0.1155114697896E-02, 0.6305421551273E-02, 0.1210664919064E-02,-0.2292559702101E-02, 0.3537128200994E-02,-0.4078705301797E-03
-0.1050244586334E-02,-0.2896025865864E-02, 0.2036595030468E-02,-0.1345396511399E-02, 0.5867245777747E-02, 0.8416695727199E-03,-0.2535653536630E-02, 0.3025124703040E-02,-0.8074353975749E-03
-0.1121580156038E-02,-0.2946413126909E-02, 0.1845675544685E-02,-0.1474551066900E-02, 0.5785079120925E-02, 0.7671586663875E-03,-0.2597277838802E-02, 0.2928461376569E-02,-0.9206080009790E-03
-0.1219437278446E-02,-0.3018270993447E-02, 0.1670881725105E-02,-0.1631992217184E-02, 0.5656259468939E-02, 0.6855547044553E-03,-0.2715747182710E-02, 0.2803548317651E-02,-0.1029121856827E-02
-0.1418413603211E-02,-0.3192000693792E-02, 0.1544221907269E-02,-0.1820150200364E-02, 0.5385347769368E-02, 0.5399339002401E-03,-0.2963896609639E-02, 0.2552861295495E-02,-0.1163218066027E-02
-0.3254462507044E-03,-0.2147567162763E-02, 0.3074725858071E-02,-0.5126588614944E-03, 0.7169226617845E-02, 0.2001533098904E-02,-0.1869830170834E-02, 0.4083866993867E-02, 0.1398548841160E-03
-0.2712838611467E-03,-0.2261216697359E-02, 0.2768118081206E-02,-0.7417197739539E-03, 0.6860427264862E-02, 0.1731890573849E-02,-0.1826405937464E-02, 0.3907210883251E-02,-0.1254890675878E-03
-0.4291543754760E-03,-0.2385356341145E-02, 0.2527379972904E-02,-0.9660187054440E-03, 0.6544015769094E-02, 0.1451184887200E-02,-0.2014615348982E-02, 0.3722912263420E-02,-0.3006830889329E-03
-0.6863339182140E-03,-0.2526366998350E-02, 0.2335889589814E-02,-0.1158708968557E-02, 0.6249533355924E-02, 0.1188488585613E-02,-0.2291068086804E-02, 0.3520841562528E-02,-0.4370152364883E-03
-0.7071126466652E-03,-0.2544191258341E-02, 0.2392750681779E-02,-0.1151649952930E-02, 0.6281272228628E-02, 0.1201912667741E-02,-0.2292052871018E-02, 0.3533886709159E-02,-0.3988107455596E-03
-0.1047724587002E-02,-0.2884524969932E-02, 0.2034164225865E-02,-0.1341876740020E-02, 0.5844520678920E-02, 0.8334143242597E-03,-0.2535142267030E-02, 0.3022865630177E-02,-0.7982461365057E-03
-0.1119016128684E-02,-0.2934979808723E-02, 0.1843457480614E-02,-0.1470996902342E-02, 0.5762674831473E-02, 0.7590388517511E-03,-0.2596735324887E-02, 0.2926413970337E-02,-0.9113872863512E-03
-0.1216817301949E-02,-0.3006918991811E-02, 0.1668908274736E-02,-0.1628398860402E-02, 0.5634275782982E-02, 0.6775939715095E-03,-0.2715279522687E-02, 0.2801780905605E-02,-0.1019865211459E-02
-0.1415712226841E-02,-0.3180767850922E-02, 0.1542556794400E-02,-0.1816525822707E-02, 0.5364078387137E-02, 0.5321967986512E-03,-0.2963710231518E-02, 0.2551562229145E-02,-0.1153919643357E-02
-0.1197185465765E-03,-0.1965147134892E-02, 0.3238337330859E-02,-0.3750145453636E-03, 0.7320234563182E-02, 0.2199943557638E-02,-0.1673969626918E-02, 0.4283529961709E-02, 0.3040169833541E-03
-0.6655005290240E-04,-0.2080149845884E-02, 0.2933399233843E-02,-0.6036091579279E-03, 0.7014717544070E-02, 0.1931489061775E-02,-0.1631685449226E-02, 0.4108273875825E-02, 0.3930289519457E-04
-0.2256350469299E-03,-0.2206196599922E-02, 0.2693373503188E-02,-0.8281096409787E-03, 0.6700882041070E-02, 0.1651805315702E-02,-0.1821258352327E-02, 0.3924781081612E-02,-0.1359240126634E-03
-0.4841408171017E-03,-0.2349304734486E-02, 0.2501947568146E-02,-0.1021435688709E-02, 0.6408247729171E-02, 0.1389815635693E-02,-0.2099176352537E-02, 0.3723138821789E-02,-0.2726794157954E-03
-0.5046724367214E-03,-0.2367050035565E-02, 0.2559139854502E-02,-0.1014285654665E-02, 0.6440703119246E-02, 0.1403510109634E-02,-0.2100089910636E-02, 0.3736823339540E-02,-0.2343764843885E-03
-0.8480838396484E-03,-0.2710774495107E-02, 0.2199644801911E-02,-0.1206243254978E-02, 0.6004661378641E-02, 0.1034611738963E-02,-0.2345999709537E-02, 0.3225754876189E-02,-0.6348384101835E-03
-0.9205493782967E-03,-0.2762530522267E-02, 0.2008756007841E-02,-0.1335952387885E-02, 0.5922831084951E-02, 0.9597358235405E-03,-0.2409174775309E-02, 0.3128879613175E-02,-0.7485453782075E-03
-0.1019736987483E-02,-0.2835993941755E-02, 0.1833776991820E-02,-0.1494055822484E-02, 0.5794465082196E-02, 0.8777033418015E-03,-0.2527662834498E-02, 0.3003752707659E-02,-0.8577286803987E-03
-0.1220441206424E-02,-0.3011934724395E-02, 0.1706508792857E-02,-0.1683196610162E-02, 0.5524680147789E-02, 0.7317838525384E-03,-0.2773066938530E-02, 0.2753277072874E-02,-0.9926818319677E-03
-0.6015050447353E-04,-0.1918306581429E-02, 0.3274491060760E-02,-0.3194375027243E-03, 0.7384351690612E-02, 0.2264482733711E-02,-0.1605704946473E-02, 0.4324506752914E-02, 0.3471261018233E-03
-0.7283595392476E-05,-0.2033594741248E-02, 0.2970251332562E-02,-0.5478457118444E-03, 0.7080089647926E-02, 0.1996501019990E-02,-0.1563788525432E-02, 0.4149852892552E-02, 0.8278166740252E-04
-0.1666108581635E-03,-0.2160094924285E-02, 0.2730690586210E-02,-0.7723458990075E-03, 0.6767450288871E-02, 0.1717315971080E-02,-0.1753734877296E-02, 0.3966876635863E-02,-0.9229889358923E-04
-0.4253327907801E-03,-0.2303709108356E-02, 0.2539552889149E-02,-0.9658054806407E-03, 0.6475844644844E-02, 0.1455753396743E-02,-0.2032034187413E-02, 0.3765679503417E-02,-0.2290367153360E-03
-0.4458326298436E-03,-0.2321429928320E-02, 0.2596711563951E-02,-0.9586507085352E-03, 0.6508371671851E-02, 0.1469457593570E-02,-0.2032934120992E-02, 0.3779406349246E-02,-0.1907576181513E-03
-0.7897626575239E-03,-0.2665887390878E-02, 0.2237522912671E-02,-0.1151072493026E-02, 0.6073378627464E-02, 0.1100798910835E-02,-0.2279652423792E-02, 0.3269028693519E-02,-0.5911686778306E-03
-0.8625074959411E-03,-0.2717978109727E-02, 0.2046755207920E-02,-0.1280950956102E-02, 0.5991645884396E-02, 0.1025840068262E-02,-0.2343343429190E-02, 0.3172198310846E-02,-0.7049477296636E-03
-0.9620122848598E-03,-0.2791826250630E-02, 0.1871850502232E-02,-0.1439242879431E-02, 0.5863487125249E-02, 0.9437228318214E-03,-0.2461699532259E-02, 0.3047144139545E-02,-0.8142354363568E-03
-0.1163082034634E-02,-0.2968249091332E-02, 0.1744582403160E-02,-0.1628635879761E-02, 0.5594332705152E-02, 0.7978192059201E-03,-0.2705778612647E-02, 0.2796950827005E-02,-0.9493067537628E-03
 0.4478381188291E-05,-0.1865765929604E-02, 0.3329086391443E-02,-0.2415599943535E-03, 0.7457009328896E-02, 0.2329012445659E-02,-0.1538301640765E-02, 0.4375850313662E-02, 0.4026844644114E-03
 0.5706969711240E-04,-0.1981343731477E-02, 0.3025653368274E-02,-0.4697878564738E-03, 0.7154210180908E-02, 0.2061706144217E-02,-0.1496732740764E-02, 0.4201918518279E-02, 0.1387603621088E-03
-0.1024949332388E-03,-0.2108332381579E-02, 0.2786606036522E-02,-0.6943302539601E-03, 0.6842908079274E-02, 0.1783164436700E-02,-0.1687009194448E-02, 0.4019527262286E-02,-0.3615240750127E-04
-0.3614447788332E-03,-0.2252502409203E-02, 0.2595759311786E-02,-0.8879908363897E-03, 0.6552414002338E-02, 0.1522126961369E-02,-0.1965644499296E-02, 0.3818807259568E-02,-0.1728753841080E-03
-0.3818969002436E-03,-0.2270193409685E-02, 0.2652916529929E-02,-0.8808191324495E-03, 0.6585084302506E-02, 0.1535862780323E-02,-0.1966529192244E-02, 0.3832630202436E-02,-0.1346086230112E-03
-0.7264171916225E-03,-0.2615468714192E-02, 0.2293927345763E-02,-0.1073881154389E-02, 0.6151093835932E-02, 0.1167523260310E-02,-0.2214045652404E-02, 0.3322903869508E-02,-0.5350381170690E-03
-0.7994763266711E-03,-0.2667934792126E-02, 0.2103247307030E-02,-0.1204023329147E-02, 0.6069448775192E-02, 0.1092493559501E-02,-0.2278232277656E-02, 0.3226087587203E-02,-0.6489308873003E-03
-0.8993409689655E-03,-0.2742215053162E-02, 0.1928367723347E-02,-0.1362606034555E-02, 0.5941474827275E-02, 0.1010298884960E-02,-0.2396517830458E-02, 0.3101067470853E-02,-0.7583705367216E-03
-0.1100828784613E-02,-0.2919178671909E-02, 0.1801020963862E-02,-0.1552361160718E-02, 0.5672917815567E-02, 0.8644294315301E-03,-0.2639483482121E-02, 0.2851122938562E-02,-0.8936115228500E-03
 0.1002619402221E-03,-0.1778035455600E-02, 0.3437940541828E-02,-0.1171378816709E-03, 0.7544034803999E-02, 0.2408572632321E-02,-0.1457408081885E-02, 0.4473876446222E-02, 0.5018256314514E-03
 0.1524902279203E-03,-0.1894136403784E-02, 0.3135596168304E-02,-0.3451765364898E-03, 0.7243321022689E-02, 0.2142405021531E-02,-0.1416273964059E-02, 0.4300942704914E-02, 0.2383708127288E-03
-0.7499301863681E-05,-0.2021963070562E-02, 0.2897133945942E-02,-0.5698927308412E-03, 0.6933758533025E-02, 0.1864808443035E-02,-0.1606967530081E-02, 0.4119252631711E-02, 0.6357218600401E-04
-0.2669191328692E-03,-0.2167085767201E-02, 0.2706507479200E-02,-0.7639708969583E-03, 0.6644604528574E-02, 0.1604471369323E-02,-0.1886036843551E-02, 0.3919026990318E-02,-0.7326026709664E-04
-0.2872727361559E-03,-0.2184735162641E-02, 0.2763758220093E-02,-0.7567536661986E-03, 0.6677610185436E-02, 0.1618306502681E-02,-0.1886898717017E-02, 0.3933107811504E-02,-0.3496782396208E-04
-0.6328996335021E-03,-0.2531500495134E-02, 0.2404576230415E-02,-0.9509508734219E-03, 0.6244550749592E-02, 0.1250329626218E-02,-0.2135494967240E-02, 0.3423852057776E-02,-0.4357867259208E-03
-0.7064771520438E-03,-0.2584587945775E-02, 0.2213872495193E-02,-0.1081575906778E-02, 0.6163011417138E-02, 0.1175200399071E-02,-0.2200271373833E-02, 0.3326920586575E-02,-0.5499636243323E-03
-0.8069503584179E-03,-0.2659592302235E-02, 0.2038848499664E-02,-0.1240699734339E-02, 0.6035192814293E-02, 0.1092876337884E-02,-0.2318664493490E-02, 0.3201777007708E-02,-0.6597535677119E-03
-0.1009197384386E-02,-0.2837511200538E-02, 0.1911133104010E-02,-0.1431128929200E-02, 0.5767141709747E-02, 0.9469904949236E-03,-0.2560863188636E-02, 0.2951934242892E-02,-0.7954095052859E-03
 0.4544171587413E-05,-0.2343960930726E-02, 0.3795335992475E-02,-0.3624175086573E-03,-0.1820968034674E-02, 0.2592737398171E-02,-0.1848657939968E-02, 0.5045702815377E-02, 0.4803513839058E-03
 0.5588672669450E-04,-0.2457704801052E-02, 0.3473027934863E-02,-0.5982941981144E-03,-0.2022405483779E-02, 0.2305548108889E-02,-0.1805168759712E-02, 0.4854503322041E-02, 0.2057129804050E-03
-0.1068042515460E-03,-0.2580464893349E-02, 0.3220566838671E-02,-0.8272598192999E-03,-0.2237736095691E-02, 0.2012922128624E-02,-0.1995803489027E-02, 0.4657847857307E-02, 0.2462256245755E-04
-0.3698785677184E-03,-0.2719887904483E-02, 0.3019741248373E-02,-0.1023213556195E-02,-0.2432267800601E-02, 0.1741712178241E-02,-0.2275650061804E-02, 0.4444328393993E-02,-0.1160928576730E-03
-0.3875122366914E-03,-0.2735550761829E-02, 0.3081742982717E-02,-0.1012856659672E-02,-0.2448775636913E-02, 0.1758996169202E-02,-0.2274090192812E-02, 0.4461406902762E-02,-0.7388467382478E-04
-0.7425764321950E-03,-0.3079309470714E-02, 0.2700150763357E-02,-0.1211682113041E-02,-0.2620166210180E-02, 0.1370951250579E-02,-0.2523330473303E-02, 0.3921065362897E-02,-0.4890906554295E-03
-0.8172880738117E-03,-0.3129425370482E-02, 0.2500532629908E-02,-0.1344196750928E-02,-0.2666166440849E-02, 0.1291405285121E-02,-0.2587214894022E-02, 0.3816708128478E-02,-0.6066082301927E-03
-0.9188684740602E-03,-0.3200979257028E-02, 0.2317369217703E-02,-0.1505367664846E-02,-0.2770819653854E-02, 0.1204572074037E-02,-0.2703976857228E-02, 0.3683373219163E-02,-0.7193957325096E-03
-0.1123287847225E-02,-0.3374847062110E-02, 0.2182913013144E-02,-0.1697546882088E-02,-0.3002090073008E-02, 0.1052068933920E-02,-0.2943252412302E-02, 0.3420690238217E-02,-0.8583962701029E-03
 0.1307884214451E-03,-0.2217389788118E-02, 0.3906910477025E-02,-0.2327390026841E-03,-0.1681706540081E-02, 0.2694599308771E-02,-0.1739313546725E-02, 0.5077166577866E-02, 0.5115565171675E-03
 0.1809947800125E-03,-0.2332509125922E-02, 0.3585396113092E-02,-0.4689813314057E-03,-0.1883835625414E-02, 0.2408135254049E-02,-0.1696866568910E-02, 0.4886950842208E-02, 0.2374068926190E-03
 0.1711678009308E-04,-0.2457086725150E-02, 0.3333089970533E-02,-0.6988087715604E-03,-0.2100373742223E-02, 0.2115894261662E-02,-0.1888683999194E-02, 0.4690847785043E-02, 0.5623183544113E-04
-0.2471090838612E-03,-0.2598436920189E-02, 0.3132045721269E-02,-0.8958668519188E-03,-0.2296344526878E-02, 0.1844812170489E-02,-0.2169742077537E-02, 0.4477643317129E-02,-0.8483238195539E-04
-0.2645720060837E-03,-0.2614063433395E-02, 0.3194187932646E-02,-0.8854361107657E-03,-0.2312803300992E-02, 0.1862251332434E-02,-0.2168137885302E-02, 0.4495044281660E-02,-0.4258716208372E-04
-0.6216584260668E-03,-0.2960712435244E-02, 0.2811957590321E-02,-0.1086257048328E-02,-0.2486678645199E-02, 0.1473868047306E-02,-0.2419485138234E-02, 0.3955073792086E-02,-0.4580832077608E-03
-0.6971377134002E-03,-0.3011851345937E-02, 0.2612298991739E-02,-0.1219420879218E-02,-0.2533600871397E-02, 0.1394085285977E-02,-0.2484282363012E-02, 0.3850801985216E-02,-0.5757205791874E-03
-0.7996499468133E-03,-0.3084622666974E-02, 0.2428906662448E-02,-0.1381365592577E-02,-0.2639317543271E-02, 0.1306928191742E-02,-0.2601506722584E-02, 0.3717484426319E-02,-0.6887460141302E-03
-0.1005367527750E-02,-0.3260250129527E-02, 0.2293787570969E-02,-0.1574692483914E-02,-0.2872046911559E-02, 0.1154021364792E-02,-0.2840515720833E-02, 0.3454830323549E-02,-0.8281945809645E-03
 0.2786835919207E-03,-0.2071524966950E-02, 0.4037803231422E-02,-0.9792210320449E-04,-0.1562699091583E-02, 0.2788596299308E-02,-0.1638592775580E-02, 0.5161792418254E-02, 0.6266092670119E-03
 0.3280197773396E-03,-0.2187927257328E-02, 0.3717523777483E-02,-0.3341894373470E-03,-0.1765090737500E-02, 0.2503428081705E-02,-0.1596974726386E-02, 0.4972840048344E-02, 0.3528005200660E-03
 0.1630890837852E-03,-0.2314265397981E-02, 0.3465706676130E-02,-0.5645894317903E-03,-0.1982426112148E-02, 0.2212022059112E-02,-0.1789718539582E-02, 0.4777513124454E-02, 0.1714389472902E-03
-0.1022510524585E-03,-0.2457522974030E-02, 0.3264678098319E-02,-0.7625256371166E-03,-0.2179471915092E-02, 0.1941410291679E-02,-0.2071741744160E-02, 0.4564797273564E-02, 0.2991196040399E-04
-0.1195356732557E-03,-0.2473113890627E-02, 0.3327002315231E-02,-0.7520228616140E-03,-0.2195881548936E-02, 0.1959026765216E-02,-0.2070101565822E-02, 0.4582583275164E-02, 0.7222270104075E-04
-0.4787299078764E-03,-0.2822730772804E-02, 0.2944291197136E-02,-0.9546208827467E-03,-0.2371761604117E-02, 0.1570697762901E-02,-0.2323296443426E-02, 0.4043141298696E-02,-0.3440886088215E-03
-0.5550441735568E-03,-0.2874947812839E-02, 0.2744632074660E-02,-0.1088393879910E-02,-0.2419443296984E-02, 0.1490771045330E-02,-0.2388876328536E-02, 0.3938875756744E-02,-0.4621063189987E-03
-0.6585690478818E-03,-0.2948999750880E-02, 0.2561037078523E-02,-0.1251064894692E-02,-0.2526034685683E-02, 0.1403386978683E-02,-0.2506646104452E-02, 0.3805505813250E-02,-0.5756349702900E-03
-0.8656750683492E-03,-0.3126456190104E-02, 0.2425287139423E-02,-0.1445444753134E-02,-0.2759949617911E-02, 0.1250237777746E-02,-0.2745846921544E-02, 0.3542921944315E-02,-0.7157990557491E-03
 0.4262963445633E-03,-0.1927723268927E-02, 0.4165578850985E-02, 0.2483769765749E-04,-0.1462754226176E-02, 0.2878871648554E-02,-0.1542150320035E-02, 0.5272491274339E-02, 0.7724882292531E-03
 0.4749788707618E-03,-0.2045230054502E-02, 0.3846705726721E-02,-0.2112224959478E-03,-0.1665136608315E-02, 0.2595155607420E-02,-0.1501206392498E-02, 0.5084857525288E-02, 0.4989742756953E-03
 0.3091880773405E-03,-0.2173124923020E-02, 0.3595564693503E-02,-0.4419391606009E-03,-0.1882959348962E-02, 0.2304768466004E-02,-0.1694692343574E-02, 0.4890394224862E-02, 0.3174405499557E-03
 0.4289265868398E-04,-0.2318092054851E-02, 0.3394726700852E-02,-0.6405078964435E-03,-0.2080773798787E-02, 0.2034805574830E-02,-0.1977498637125E-02, 0.4678262186601E-02, 0.1754763656817E-03
 0.2577241452744E-04,-0.2333649268490E-02, 0.3457226678373E-02,-0.6299443830614E-03,-0.2097135808624E-02, 0.2052588683828E-02,-0.1975829221272E-02, 0.4696422742668E-02, 0.2178539374399E-03
-0.3353372767974E-03,-0.2685979829934E-02, 0.3074243635335E-02,-0.8339839822648E-03,-0.2274583228641E-02, 0.1664533945318E-02,-0.2230634107102E-02, 0.4157635150731E-02,-0.1993861238798E-03
-0.4124417379975E-03,-0.2739206392205E-02, 0.2874628369302E-02,-0.9682639442696E-03,-0.2322875310416E-02, 0.1584510377489E-02,-0.2296929285152E-02, 0.4053335073512E-02,-0.3178627067719E-03
-0.5169207872777E-03,-0.2814454092632E-02, 0.2690889753882E-02,-0.1131540337159E-02,-0.2430164474713E-02, 0.1496960455876E-02,-0.2415155987461E-02, 0.3919891770574E-02,-0.4319626476260E-03
-0.7253106189684E-03,-0.2993597447467E-02, 0.2554622143670E-02,-0.1326789524549E-02,-0.2665004849998E-02, 0.1343683291674E-02,-0.2654399135690E-02, 0.3657441102269E-02,-0.5728807958577E-03
 0.4265449030258E-03,-0.1916872974762E-02, 0.4159180701743E-02, 0.2649872116641E-04,-0.1461822848308E-02, 0.2867222680243E-02,-0.1542988570390E-02, 0.5265725185481E-02, 0.7795829212593E-03
 0.4751057997810E-03,-0.2034500656984E-02, 0.3840465444120E-02,-0.2095666017258E-03,-0.1664161604865E-02, 0.2583736158882E-02,-0.1502131809689E-02, 0.5078215530763E-02, 0.5060418650534E-03
 0.3093080989736E-03,-0.2162540449696E-02, 0.3589575528086E-02,-0.4402844703567E-03,-0.1881965579349E-02, 0.2293567949403E-02,-0.1695642728315E-02, 0.4884050356399E-02, 0.3245021918278E-03
 0.4308200518719E-04,-0.2307648315285E-02, 0.3389041563391E-02,-0.6388450023952E-03,-0.2079778975559E-02, 0.2023822201332E-02,-0.1978438831090E-02, 0.4672327919022E-02, 0.1825586733062E-03
 0.2583570687257E-04,-0.2323228390860E-02, 0.3451230431410E-02,-0.6283557781703E-03,-0.2096156901579E-02, 0.2041428902393E-02,-0.1976805175674E-02, 0.4690163336643E-02, 0.2248313445009E-03
-0.3349345429882E-03,-0.2675692114650E-02, 0.3069163927022E-02,-0.8322545273702E-03,-0.2273610848350E-02, 0.1654014687504E-02,-0.2231556608367E-02, 0.4152604281765E-02,-0.1921608127306E-03
-0.4119598237603E-03,-0.2728969804071E-02, 0.2869820238077E-02,-0.9664731652801E-03,-0.2321939694215E-02, 0.1574161661280E-02,-0.2297797870020E-02, 0.4048566190856E-02,-0.3105737846307E-03
-0.5163378635780E-03,-0.2804279746986E-02, 0.2686396663199E-02,-0.1129677160699E-02,-0.2429232384352E-02, 0.1486815920112E-02,-0.2416102448427E-02, 0.3915468551587E-02,-0.4245993841365E-03
-0.7245747283835E-03,-0.2983518238646E-02, 0.2550535723318E-02,-0.1324848594048E-02,-0.2664005347233E-02, 0.1333832562445E-02,-0.2655676644649E-02, 0.3653604838828E-02,-0.5654204675111E-03
 0.6329412425472E-03,-0.1731736449123E-02, 0.4322037066890E-02, 0.1654040350320E-03,-0.1315286392627E-02, 0.3064830538273E-02,-0.1344719129748E-02, 0.5463751784783E-02, 0.9446391741824E-03
 0.6807679542345E-03,-0.1850573083083E-02, 0.4005411674496E-02,-0.6997939116587E-04,-0.1517463779240E-02, 0.2782830815292E-02,-0.1304892892074E-02, 0.5278023630953E-02, 0.6719838232983E-03
 0.5140678052820E-03,-0.1980382574437E-02, 0.3755595615731E-02,-0.3006952664086E-03,-0.1735732997236E-02, 0.2493968888237E-02,-0.1499598675913E-02, 0.5085005105951E-02, 0.4906138355395E-03
 0.2468256489644E-03,-0.2127463252806E-02, 0.3555425867677E-02,-0.4997147761030E-03,-0.1934396386795E-02, 0.2225183759088E-02,-0.1783682403894E-02, 0.4874012575695E-02, 0.3484101500983E-03
 0.2299064658984E-03,-0.2142963325968E-02, 0.3618067537928E-02,-0.4891016211331E-03,-0.1950674074756E-02, 0.2243136843676E-02,-0.1781968404560E-02, 0.4892598537253E-02, 0.3908166176275E-03
-0.1333452726680E-03,-0.2498631489066E-02, 0.3235373212023E-02,-0.6945494404735E-03,-0.2130115041328E-02, 0.1855599902427E-02,-0.2039367382794E-02, 0.4355370963104E-02,-0.2697455706163E-04
-0.2114473145958E-03,-0.2553176372402E-02, 0.3035996556277E-02,-0.8292880290618E-03,-0.2179234472042E-02, 0.1775341017461E-02,-0.2107142149900E-02, 0.4251032864570E-02,-0.1458764547861E-03
-0.3171022211000E-03,-0.2629968885225E-02, 0.2852279034253E-02,-0.9931187070217E-03,-0.2287435567123E-02, 0.1687499565074E-02,-0.2225331195412E-02, 0.4117574958871E-02,-0.2605343523739E-03
-0.5269663500568E-03,-0.2811214367050E-02, 0.2715640160200E-02,-0.1189199913180E-02,-0.2523399523122E-02, 0.1534122098016E-02,-0.2461779089307E-02, 0.3855666036751E-02,-0.4021604776501E-03
 0.6917557278693E-03,-0.1684621608798E-02, 0.4356891011907E-02, 0.2205700209455E-03,-0.1239115171549E-02, 0.3128020193135E-02,-0.1276259722369E-02, 0.5503222785232E-02, 0.9872198953721E-03
 0.7393692016577E-03,-0.1803701550869E-02, 0.4041098491567E-02,-0.1455202068225E-04,-0.1441270234377E-02, 0.2846601442056E-02,-0.1236771316340E-02, 0.5318223691842E-02, 0.7150129120284E-03
 0.5725452880436E-03,-0.1933920540395E-02, 0.3791887799479E-02,-0.2451869964773E-03,-0.1659728281109E-02, 0.2558353394313E-02,-0.1431790425797E-02, 0.5125849850645E-02, 0.5338633264497E-03
 0.3052115391508E-03,-0.2081464957042E-02, 0.3592137923252E-02,-0.4442636629907E-03,-0.1858717503896E-02, 0.2290106129848E-02,-0.1716186414271E-02, 0.4915425775004E-02, 0.3917450361126E-03
 0.2883294788685E-03,-0.2096944572935E-02, 0.3654748049425E-02,-0.4336495441149E-03,-0.1874951458639E-02, 0.2308068432452E-02,-0.1714463808477E-02, 0.4934073253001E-02, 0.4341232993152E-03
-0.7527525597426E-04,-0.2453275590360E-02, 0.3272536568812E-02,-0.6394570943778E-03,-0.2055202246228E-02, 0.1920934270528E-02,-0.1972586482397E-02, 0.4397724973842E-02, 0.1649793106834E-04
-0.1536113821615E-03,-0.2508137738545E-02, 0.3073339498055E-02,-0.7743267806470E-03,-0.2104683958184E-02, 0.1840637433489E-02,-0.2040850941097E-02, 0.4293480980106E-02,-0.1024419834015E-03
-0.2595290690723E-03,-0.2585294200954E-02, 0.2889760267977E-02,-0.9383012236294E-03,-0.2213283248966E-02, 0.1752761163653E-02,-0.2158884558213E-02, 0.4160154969701E-02,-0.2171672574112E-03
-0.4696681229366E-03,-0.2766987297493E-02, 0.2753210455853E-02,-0.1134572505572E-02,-0.2449718632301E-02, 0.1599476340111E-02,-0.2393981990238E-02, 0.3898632226706E-02,-0.3588587296416E-03
 0.7559010657908E-03,-0.1631574407579E-02, 0.4410244234063E-02, 0.2982268208934E-03,-0.1157097054867E-02, 0.3191522464775E-02,-0.1208450268165E-02, 0.5553271732992E-02, 0.1042463678818E-02
 0.8033432564033E-03,-0.1750894360285E-02, 0.4095424179768E-02, 0.6337811528710E-04,-0.1359165249486E-02, 0.2910893947290E-02,-0.1169269075453E-02, 0.5369139008723E-02, 0.7707723726524E-03
 0.6364111563241E-03,-0.1881550831252E-02, 0.3846888569200E-02,-0.1672017510628E-03,-0.1577778514351E-02, 0.2623406343899E-02,-0.1364553387549E-02, 0.5177488125543E-02, 0.5898751399248E-03
 0.3689805896319E-03,-0.2029602843547E-02, 0.3647575525780E-02,-0.3663893747181E-03,-0.1777083786272E-02, 0.2355793739929E-02,-0.1649214969102E-02, 0.4967669580988E-02, 0.4478462470058E-03
 0.3521579244485E-03,-0.2045057322910E-02, 0.3710196124671E-02,-0.3557599366883E-03,-0.1793266872592E-02, 0.2373795334816E-02,-0.1647480911393E-02, 0.4986445597095E-02, 0.4902109724754E-03
-0.1187264727691E-04,-0.2402129584383E-02, 0.3328369634073E-02,-0.5620942801918E-03,-0.1974358098520E-02, 0.1987129871561E-02,-0.1906316999187E-02, 0.4450931497897E-02, 0.7269054607830E-04
-0.9047708949147E-04,-0.2457349792948E-02, 0.3129330663661E-02,-0.6971823231611E-03,-0.2024217170409E-02, 0.1906805789181E-02,-0.1975052121370E-02, 0.4346753262295E-02,-0.4632628257273E-04
-0.1967004109883E-03,-0.2534917503864E-02, 0.2945849293132E-02,-0.8613945108006E-03,-0.2133236415712E-02, 0.1818899445177E-02,-0.2092991803848E-02, 0.4213520897768E-02,-0.1611646447773E-03
-0.4071678593488E-03,-0.2717114924823E-02, 0.2809311734675E-02,-0.1057956156497E-02,-0.2370175006603E-02, 0.1665720217427E-02,-0.2326947413271E-02, 0.3952348404651E-02,-0.3029712016071E-03
 0.8516293775963E-03,-0.1542706290006E-02, 0.4517658772680E-02, 0.4228011367880E-03,-0.1066065523029E-02, 0.3270466710778E-02,-0.1126650138136E-02, 0.5649911715934E-02, 0.1141615196849E-02
 0.8988663711194E-03,-0.1662471290805E-02, 0.4204200970856E-02, 0.1882851818102E-03,-0.1267893809711E-02, 0.2991133228429E-02,-0.1087833083311E-02, 0.5466997519564E-02, 0.8705478266268E-03
 0.7316878898675E-03,-0.1793888120556E-02, 0.3956491003057E-02,-0.4232495997047E-04,-0.1486620679119E-02, 0.2704736922147E-02,-0.1283446678215E-02, 0.5276245426223E-02, 0.6898895938289E-03
 0.4639604731057E-03,-0.1942820996390E-02, 0.3757601599396E-02,-0.2418018063857E-03,-0.1686274196330E-02, 0.2437953879506E-02,-0.1568455413235E-02, 0.5067097946273E-02, 0.5478545295340E-03
 0.4472678834535E-03,-0.1958238094034E-02, 0.3820357395615E-02,-0.2311199990739E-03,-0.1702394713758E-02, 0.2456085281528E-02,-0.1566698081421E-02, 0.5086195381563E-02, 0.5902527099156E-03
 0.8232499011226E-04,-0.2316691754820E-02, 0.3438575404939E-02,-0.4384456844476E-03,-0.1884473434469E-02, 0.2069931935449E-02,-0.1826516265174E-02, 0.4551386867981E-02, 0.1725100307678E-03
 0.3259973224557E-05,-0.2372512363784E-02, 0.3239626796820E-02,-0.5739538952059E-03,-0.1934761950617E-02, 0.1989559491264E-02,-0.1895813803113E-02, 0.4447168226125E-02, 0.5326089708756E-04
-0.1035065517751E-03,-0.2450778324626E-02, 0.3056108656519E-02,-0.7386349806195E-03,-0.2044268113215E-02, 0.1901575899864E-02,-0.2013835465030E-02, 0.4313892972657E-02,-0.6187634988740E-04
-0.3146270782753E-03,-0.2633881036379E-02, 0.2919311590347E-02,-0.9357754608162E-03,-0.2281810708560E-02, 0.1748453536918E-02,-0.2246990787924E-02, 0.4052950200222E-02,-0.2040293529795E-03
